-100.000000 	3.325935e+000 	-3.333333e+000 	0.000000e+000 
-99.900000 	3.322710e+000 	-3.330000e+000 	0.000000e+000 
-99.800000 	3.319487e+000 	-3.326667e+000 	0.000000e+000 
-99.700000 	3.316263e+000 	-3.323333e+000 	0.000000e+000 
-99.600000 	3.313040e+000 	-3.320000e+000 	0.000000e+000 
-99.500000 	3.309817e+000 	-3.316667e+000 	0.000000e+000 
-99.400000 	3.306595e+000 	-3.313333e+000 	0.000000e+000 
-99.300000 	3.303372e+000 	-3.310000e+000 	0.000000e+000 
-99.200000 	3.300150e+000 	-3.306667e+000 	0.000000e+000 
-99.100000 	3.296928e+000 	-3.303333e+000 	0.000000e+000 
-99.000000 	3.293706e+000 	-3.300000e+000 	0.000000e+000 
-98.900000 	3.290485e+000 	-3.296667e+000 	0.000000e+000 
-98.800000 	3.287263e+000 	-3.293333e+000 	0.000000e+000 
-98.700000 	3.284042e+000 	-3.290000e+000 	0.000000e+000 
-98.600000 	3.280821e+000 	-3.286667e+000 	0.000000e+000 
-98.500000 	3.277601e+000 	-3.283333e+000 	0.000000e+000 
-98.400000 	3.274380e+000 	-3.280000e+000 	0.000000e+000 
-98.300000 	3.271160e+000 	-3.276667e+000 	0.000000e+000 
-98.200000 	3.267940e+000 	-3.273333e+000 	0.000000e+000 
-98.100000 	3.264720e+000 	-3.270000e+000 	0.000000e+000 
-98.000000 	3.261500e+000 	-3.266667e+000 	0.000000e+000 
-97.900000 	3.258281e+000 	-3.263333e+000 	0.000000e+000 
-97.800000 	3.255062e+000 	-3.260000e+000 	0.000000e+000 
-97.700000 	3.251842e+000 	-3.256667e+000 	0.000000e+000 
-97.600000 	3.248624e+000 	-3.253333e+000 	0.000000e+000 
-97.500000 	3.245405e+000 	-3.250000e+000 	0.000000e+000 
-97.400000 	3.242186e+000 	-3.246667e+000 	0.000000e+000 
-97.300000 	3.238968e+000 	-3.243333e+000 	0.000000e+000 
-97.200000 	3.235750e+000 	-3.240000e+000 	0.000000e+000 
-97.100000 	3.232532e+000 	-3.236667e+000 	0.000000e+000 
-97.000000 	3.229315e+000 	-3.233333e+000 	0.000000e+000 
-96.900000 	3.226097e+000 	-3.230000e+000 	0.000000e+000 
-96.800000 	3.222880e+000 	-3.226667e+000 	0.000000e+000 
-96.700000 	3.219663e+000 	-3.223333e+000 	0.000000e+000 
-96.600000 	3.216446e+000 	-3.220000e+000 	0.000000e+000 
-96.500000 	3.213229e+000 	-3.216667e+000 	0.000000e+000 
-96.400000 	3.210012e+000 	-3.213333e+000 	0.000000e+000 
-96.300000 	3.206796e+000 	-3.210000e+000 	0.000000e+000 
-96.200000 	3.203579e+000 	-3.206667e+000 	0.000000e+000 
-96.100000 	3.200363e+000 	-3.203333e+000 	0.000000e+000 
-96.000000 	3.197147e+000 	-3.200000e+000 	0.000000e+000 
-95.900000 	3.193932e+000 	-3.196667e+000 	0.000000e+000 
-95.800000 	3.190716e+000 	-3.193333e+000 	0.000000e+000 
-95.700000 	3.187501e+000 	-3.190000e+000 	0.000000e+000 
-95.600000 	3.184285e+000 	-3.186667e+000 	0.000000e+000 
-95.500000 	3.181070e+000 	-3.183333e+000 	0.000000e+000 
-95.400000 	3.177855e+000 	-3.180000e+000 	0.000000e+000 
-95.300000 	3.174640e+000 	-3.176667e+000 	0.000000e+000 
-95.200000 	3.171426e+000 	-3.173333e+000 	0.000000e+000 
-95.100000 	3.168211e+000 	-3.170000e+000 	0.000000e+000 
-95.000000 	3.164997e+000 	-3.166667e+000 	0.000000e+000 
-94.900000 	3.161783e+000 	-3.163333e+000 	0.000000e+000 
-94.800000 	3.158569e+000 	-3.160000e+000 	0.000000e+000 
-94.700000 	3.155355e+000 	-3.156667e+000 	0.000000e+000 
-94.600000 	3.152141e+000 	-3.153333e+000 	0.000000e+000 
-94.500000 	3.148927e+000 	-3.150000e+000 	0.000000e+000 
-94.400000 	3.145714e+000 	-3.146667e+000 	0.000000e+000 
-94.300000 	3.142500e+000 	-3.143333e+000 	0.000000e+000 
-94.200000 	3.139287e+000 	-3.140000e+000 	0.000000e+000 
-94.100000 	3.136074e+000 	-3.136667e+000 	0.000000e+000 
-94.000000 	3.132861e+000 	-3.133333e+000 	0.000000e+000 
-93.900000 	3.129648e+000 	-3.130000e+000 	0.000000e+000 
-93.800000 	3.126436e+000 	-3.126667e+000 	0.000000e+000 
-93.700000 	3.123223e+000 	-3.123333e+000 	0.000000e+000 
-93.600000 	3.120011e+000 	-3.120000e+000 	0.000000e+000 
-93.500000 	3.116798e+000 	-3.116667e+000 	0.000000e+000 
-93.400000 	3.113586e+000 	-3.113333e+000 	0.000000e+000 
-93.300000 	3.110374e+000 	-3.110000e+000 	0.000000e+000 
-93.200000 	3.107162e+000 	-3.106667e+000 	0.000000e+000 
-93.100000 	3.103950e+000 	-3.103333e+000 	0.000000e+000 
-93.000000 	3.100738e+000 	-3.100000e+000 	0.000000e+000 
-92.900000 	3.097527e+000 	-3.096667e+000 	0.000000e+000 
-92.800000 	3.094315e+000 	-3.093333e+000 	0.000000e+000 
-92.700000 	3.091104e+000 	-3.090000e+000 	0.000000e+000 
-92.600000 	3.087892e+000 	-3.086667e+000 	0.000000e+000 
-92.500000 	3.084681e+000 	-3.083333e+000 	0.000000e+000 
-92.400000 	3.081470e+000 	-3.080000e+000 	0.000000e+000 
-92.300000 	3.078259e+000 	-3.076667e+000 	0.000000e+000 
-92.200000 	3.075048e+000 	-3.073333e+000 	0.000000e+000 
-92.100000 	3.071837e+000 	-3.070000e+000 	0.000000e+000 
-92.000000 	3.068626e+000 	-3.066667e+000 	0.000000e+000 
-91.900000 	3.065415e+000 	-3.063333e+000 	0.000000e+000 
-91.800000 	3.062205e+000 	-3.060000e+000 	0.000000e+000 
-91.700000 	3.058994e+000 	-3.056667e+000 	0.000000e+000 
-91.600000 	3.055784e+000 	-3.053333e+000 	0.000000e+000 
-91.500000 	3.052573e+000 	-3.050000e+000 	0.000000e+000 
-91.400000 	3.049363e+000 	-3.046667e+000 	0.000000e+000 
-91.300000 	3.046153e+000 	-3.043333e+000 	0.000000e+000 
-91.200000 	3.042943e+000 	-3.040000e+000 	0.000000e+000 
-91.100000 	3.039732e+000 	-3.036667e+000 	0.000000e+000 
-91.000000 	3.036522e+000 	-3.033333e+000 	0.000000e+000 
-90.900000 	3.033312e+000 	-3.030000e+000 	0.000000e+000 
-90.800000 	3.030102e+000 	-3.026667e+000 	0.000000e+000 
-90.700000 	3.026893e+000 	-3.023333e+000 	0.000000e+000 
-90.600000 	3.023683e+000 	-3.020000e+000 	0.000000e+000 
-90.500000 	3.020473e+000 	-3.016667e+000 	0.000000e+000 
-90.400000 	3.017263e+000 	-3.013333e+000 	0.000000e+000 
-90.300000 	3.014054e+000 	-3.010000e+000 	0.000000e+000 
-90.200000 	3.010844e+000 	-3.006667e+000 	0.000000e+000 
-90.100000 	3.007635e+000 	-3.003333e+000 	0.000000e+000 
-90.000000 	3.004425e+000 	-3.000000e+000 	0.000000e+000 
-89.900000 	3.001216e+000 	-2.996667e+000 	0.000000e+000 
-89.800000 	2.998006e+000 	-2.993333e+000 	0.000000e+000 
-89.700000 	2.994797e+000 	-2.990000e+000 	0.000000e+000 
-89.600000 	2.991587e+000 	-2.986667e+000 	0.000000e+000 
-89.500000 	2.988378e+000 	-2.983333e+000 	0.000000e+000 
-89.400000 	2.985169e+000 	-2.980000e+000 	0.000000e+000 
-89.300000 	2.981959e+000 	-2.976667e+000 	0.000000e+000 
-89.200000 	2.978750e+000 	-2.973333e+000 	0.000000e+000 
-89.100000 	2.975541e+000 	-2.970000e+000 	0.000000e+000 
-89.000000 	2.972332e+000 	-2.966667e+000 	0.000000e+000 
-88.900000 	2.969122e+000 	-2.963333e+000 	0.000000e+000 
-88.800000 	2.965913e+000 	-2.960000e+000 	0.000000e+000 
-88.700000 	2.962704e+000 	-2.956667e+000 	0.000000e+000 
-88.600000 	2.959495e+000 	-2.953333e+000 	0.000000e+000 
-88.500000 	2.956286e+000 	-2.950000e+000 	0.000000e+000 
-88.400000 	2.953076e+000 	-2.946667e+000 	0.000000e+000 
-88.300000 	2.949867e+000 	-2.943333e+000 	0.000000e+000 
-88.200000 	2.946658e+000 	-2.940000e+000 	0.000000e+000 
-88.100000 	2.943449e+000 	-2.936667e+000 	0.000000e+000 
-88.000000 	2.940240e+000 	-2.933333e+000 	0.000000e+000 
-87.900000 	2.937031e+000 	-2.930000e+000 	0.000000e+000 
-87.800000 	2.933821e+000 	-2.926667e+000 	0.000000e+000 
-87.700000 	2.930612e+000 	-2.923333e+000 	0.000000e+000 
-87.600000 	2.927403e+000 	-2.920000e+000 	0.000000e+000 
-87.500000 	2.924194e+000 	-2.916667e+000 	0.000000e+000 
-87.400000 	2.920984e+000 	-2.913333e+000 	0.000000e+000 
-87.300000 	2.917775e+000 	-2.910000e+000 	0.000000e+000 
-87.200000 	2.914566e+000 	-2.906667e+000 	0.000000e+000 
-87.100000 	2.911357e+000 	-2.903333e+000 	0.000000e+000 
-87.000000 	2.908147e+000 	-2.900000e+000 	0.000000e+000 
-86.900000 	2.904938e+000 	-2.896667e+000 	0.000000e+000 
-86.800000 	2.901728e+000 	-2.893333e+000 	0.000000e+000 
-86.700000 	2.898519e+000 	-2.890000e+000 	0.000000e+000 
-86.600000 	2.895309e+000 	-2.886667e+000 	0.000000e+000 
-86.500000 	2.892100e+000 	-2.883333e+000 	0.000000e+000 
-86.400000 	2.888890e+000 	-2.880000e+000 	0.000000e+000 
-86.300000 	2.885680e+000 	-2.876667e+000 	0.000000e+000 
-86.200000 	2.882471e+000 	-2.873333e+000 	0.000000e+000 
-86.100000 	2.879261e+000 	-2.870000e+000 	0.000000e+000 
-86.000000 	2.876051e+000 	-2.866667e+000 	0.000000e+000 
-85.900000 	2.872841e+000 	-2.863333e+000 	0.000000e+000 
-85.800000 	2.869631e+000 	-2.860000e+000 	0.000000e+000 
-85.700000 	2.866421e+000 	-2.856667e+000 	0.000000e+000 
-85.600000 	2.863211e+000 	-2.853333e+000 	0.000000e+000 
-85.500000 	2.860001e+000 	-2.850000e+000 	0.000000e+000 
-85.400000 	2.856791e+000 	-2.846667e+000 	0.000000e+000 
-85.300000 	2.853580e+000 	-2.843333e+000 	0.000000e+000 
-85.200000 	2.850370e+000 	-2.840000e+000 	0.000000e+000 
-85.100000 	2.847159e+000 	-2.836667e+000 	0.000000e+000 
-85.000000 	2.843949e+000 	-2.833333e+000 	0.000000e+000 
-84.900000 	2.840738e+000 	-2.830000e+000 	0.000000e+000 
-84.800000 	2.837527e+000 	-2.826667e+000 	0.000000e+000 
-84.700000 	2.834317e+000 	-2.823333e+000 	0.000000e+000 
-84.600000 	2.831105e+000 	-2.820000e+000 	0.000000e+000 
-84.500000 	2.827894e+000 	-2.816667e+000 	0.000000e+000 
-84.400000 	2.824683e+000 	-2.813333e+000 	0.000000e+000 
-84.300000 	2.821471e+000 	-2.810000e+000 	0.000000e+000 
-84.200000 	2.818260e+000 	-2.806667e+000 	0.000000e+000 
-84.100000 	2.815049e+000 	-2.803333e+000 	0.000000e+000 
-84.000000 	2.811837e+000 	-2.800000e+000 	0.000000e+000 
-83.900000 	2.808625e+000 	-2.796667e+000 	0.000000e+000 
-83.800000 	2.805413e+000 	-2.793333e+000 	0.000000e+000 
-83.700000 	2.802201e+000 	-2.790000e+000 	0.000000e+000 
-83.600000 	2.798989e+000 	-2.786667e+000 	0.000000e+000 
-83.500000 	2.795777e+000 	-2.783333e+000 	0.000000e+000 
-83.400000 	2.792565e+000 	-2.780000e+000 	0.000000e+000 
-83.300000 	2.789352e+000 	-2.776667e+000 	0.000000e+000 
-83.200000 	2.786140e+000 	-2.773333e+000 	0.000000e+000 
-83.100000 	2.782927e+000 	-2.770000e+000 	0.000000e+000 
-83.000000 	2.779714e+000 	-2.766667e+000 	0.000000e+000 
-82.900000 	2.776501e+000 	-2.763333e+000 	0.000000e+000 
-82.800000 	2.773288e+000 	-2.760000e+000 	0.000000e+000 
-82.700000 	2.770074e+000 	-2.756667e+000 	0.000000e+000 
-82.600000 	2.766861e+000 	-2.753333e+000 	0.000000e+000 
-82.500000 	2.763647e+000 	-2.750000e+000 	0.000000e+000 
-82.400000 	2.760433e+000 	-2.746667e+000 	0.000000e+000 
-82.300000 	2.757219e+000 	-2.743333e+000 	0.000000e+000 
-82.200000 	2.754005e+000 	-2.740000e+000 	0.000000e+000 
-82.100000 	2.750791e+000 	-2.736667e+000 	0.000000e+000 
-82.000000 	2.747576e+000 	-2.733333e+000 	0.000000e+000 
-81.900000 	2.744361e+000 	-2.730000e+000 	0.000000e+000 
-81.800000 	2.741147e+000 	-2.726667e+000 	0.000000e+000 
-81.700000 	2.737932e+000 	-2.723333e+000 	0.000000e+000 
-81.600000 	2.734716e+000 	-2.720000e+000 	0.000000e+000 
-81.500000 	2.731501e+000 	-2.716667e+000 	0.000000e+000 
-81.400000 	2.728285e+000 	-2.713333e+000 	0.000000e+000 
-81.300000 	2.725069e+000 	-2.710000e+000 	0.000000e+000 
-81.200000 	2.721853e+000 	-2.706667e+000 	0.000000e+000 
-81.100000 	2.718637e+000 	-2.703333e+000 	0.000000e+000 
-81.000000 	2.715421e+000 	-2.700000e+000 	0.000000e+000 
-80.900000 	2.712204e+000 	-2.696667e+000 	0.000000e+000 
-80.800000 	2.708987e+000 	-2.693333e+000 	0.000000e+000 
-80.700000 	2.705770e+000 	-2.690000e+000 	0.000000e+000 
-80.600000 	2.702553e+000 	-2.686667e+000 	0.000000e+000 
-80.500000 	2.699336e+000 	-2.683333e+000 	0.000000e+000 
-80.400000 	2.696118e+000 	-2.680000e+000 	0.000000e+000 
-80.300000 	2.692900e+000 	-2.676667e+000 	0.000000e+000 
-80.200000 	2.689682e+000 	-2.673333e+000 	0.000000e+000 
-80.100000 	2.686463e+000 	-2.670000e+000 	0.000000e+000 
-80.000000 	2.683245e+000 	-2.666667e+000 	0.000000e+000 
-79.900000 	2.680026e+000 	-2.663333e+000 	0.000000e+000 
-79.800000 	2.676807e+000 	-2.660000e+000 	0.000000e+000 
-79.700000 	2.673588e+000 	-2.656667e+000 	0.000000e+000 
-79.600000 	2.670368e+000 	-2.653333e+000 	0.000000e+000 
-79.500000 	2.667148e+000 	-2.650000e+000 	0.000000e+000 
-79.400000 	2.663928e+000 	-2.646667e+000 	0.000000e+000 
-79.300000 	2.660708e+000 	-2.643333e+000 	0.000000e+000 
-79.200000 	2.657487e+000 	-2.640000e+000 	0.000000e+000 
-79.100000 	2.654266e+000 	-2.636667e+000 	0.000000e+000 
-79.000000 	2.651045e+000 	-2.633333e+000 	0.000000e+000 
-78.900000 	2.647824e+000 	-2.630000e+000 	0.000000e+000 
-78.800000 	2.644602e+000 	-2.626667e+000 	0.000000e+000 
-78.700000 	2.641380e+000 	-2.623333e+000 	0.000000e+000 
-78.600000 	2.638158e+000 	-2.620000e+000 	0.000000e+000 
-78.500000 	2.634935e+000 	-2.616667e+000 	0.000000e+000 
-78.400000 	2.631712e+000 	-2.613333e+000 	0.000000e+000 
-78.300000 	2.628489e+000 	-2.610000e+000 	0.000000e+000 
-78.200000 	2.625266e+000 	-2.606667e+000 	0.000000e+000 
-78.100000 	2.622042e+000 	-2.603333e+000 	0.000000e+000 
-78.000000 	2.618818e+000 	-2.600000e+000 	0.000000e+000 
-77.900000 	2.615594e+000 	-2.596667e+000 	0.000000e+000 
-77.800000 	2.612369e+000 	-2.593333e+000 	0.000000e+000 
-77.700000 	2.609144e+000 	-2.590000e+000 	0.000000e+000 
-77.600000 	2.605919e+000 	-2.586667e+000 	0.000000e+000 
-77.500000 	2.602694e+000 	-2.583333e+000 	0.000000e+000 
-77.400000 	2.599468e+000 	-2.580000e+000 	0.000000e+000 
-77.300000 	2.596242e+000 	-2.576667e+000 	0.000000e+000 
-77.200000 	2.593015e+000 	-2.573333e+000 	0.000000e+000 
-77.100000 	2.589788e+000 	-2.570000e+000 	0.000000e+000 
-77.000000 	2.586561e+000 	-2.566667e+000 	0.000000e+000 
-76.900000 	2.583334e+000 	-2.563333e+000 	0.000000e+000 
-76.800000 	2.580106e+000 	-2.560000e+000 	0.000000e+000 
-76.700000 	2.576877e+000 	-2.556667e+000 	0.000000e+000 
-76.600000 	2.573649e+000 	-2.553333e+000 	0.000000e+000 
-76.500000 	2.570420e+000 	-2.550000e+000 	0.000000e+000 
-76.400000 	2.567191e+000 	-2.546667e+000 	0.000000e+000 
-76.300000 	2.563961e+000 	-2.543333e+000 	0.000000e+000 
-76.200000 	2.560731e+000 	-2.540000e+000 	0.000000e+000 
-76.100000 	2.557501e+000 	-2.536667e+000 	0.000000e+000 
-76.000000 	2.554270e+000 	-2.533333e+000 	0.000000e+000 
-75.900000 	2.551039e+000 	-2.530000e+000 	0.000000e+000 
-75.800000 	2.547808e+000 	-2.526667e+000 	0.000000e+000 
-75.700000 	2.544576e+000 	-2.523333e+000 	0.000000e+000 
-75.600000 	2.541343e+000 	-2.520000e+000 	0.000000e+000 
-75.500000 	2.538111e+000 	-2.516667e+000 	0.000000e+000 
-75.400000 	2.534878e+000 	-2.513333e+000 	0.000000e+000 
-75.300000 	2.531645e+000 	-2.510000e+000 	0.000000e+000 
-75.200000 	2.528411e+000 	-2.506667e+000 	0.000000e+000 
-75.100000 	2.525177e+000 	-2.503333e+000 	0.000000e+000 
-75.000000 	2.521942e+000 	-2.500000e+000 	0.000000e+000 
-74.900000 	2.518707e+000 	-2.496667e+000 	0.000000e+000 
-74.800000 	2.515472e+000 	-2.493333e+000 	0.000000e+000 
-74.700000 	2.512236e+000 	-2.490000e+000 	0.000000e+000 
-74.600000 	2.508999e+000 	-2.486667e+000 	0.000000e+000 
-74.500000 	2.505763e+000 	-2.483333e+000 	0.000000e+000 
-74.400000 	2.502526e+000 	-2.480000e+000 	0.000000e+000 
-74.300000 	2.499288e+000 	-2.476667e+000 	0.000000e+000 
-74.200000 	2.496050e+000 	-2.473333e+000 	0.000000e+000 
-74.100000 	2.492812e+000 	-2.470000e+000 	0.000000e+000 
-74.000000 	2.489573e+000 	-2.466667e+000 	0.000000e+000 
-73.900000 	2.486334e+000 	-2.463333e+000 	0.000000e+000 
-73.800000 	2.483094e+000 	-2.460000e+000 	0.000000e+000 
-73.700000 	2.479854e+000 	-2.456667e+000 	0.000000e+000 
-73.600000 	2.476613e+000 	-2.453333e+000 	0.000000e+000 
-73.500000 	2.473372e+000 	-2.450000e+000 	0.000000e+000 
-73.400000 	2.470131e+000 	-2.446667e+000 	0.000000e+000 
-73.300000 	2.466889e+000 	-2.443333e+000 	0.000000e+000 
-73.200000 	2.463646e+000 	-2.440000e+000 	0.000000e+000 
-73.100000 	2.460403e+000 	-2.436667e+000 	0.000000e+000 
-73.000000 	2.457160e+000 	-2.433333e+000 	0.000000e+000 
-72.900000 	2.453916e+000 	-2.430000e+000 	0.000000e+000 
-72.800000 	2.450671e+000 	-2.426667e+000 	0.000000e+000 
-72.700000 	2.447427e+000 	-2.423333e+000 	0.000000e+000 
-72.600000 	2.444181e+000 	-2.420000e+000 	0.000000e+000 
-72.500000 	2.440935e+000 	-2.416667e+000 	0.000000e+000 
-72.400000 	2.437689e+000 	-2.413333e+000 	0.000000e+000 
-72.300000 	2.434442e+000 	-2.410000e+000 	0.000000e+000 
-72.200000 	2.431195e+000 	-2.406667e+000 	0.000000e+000 
-72.100000 	2.427947e+000 	-2.403333e+000 	0.000000e+000 
-72.000000 	2.424698e+000 	-2.400000e+000 	0.000000e+000 
-71.900000 	2.421450e+000 	-2.396667e+000 	0.000000e+000 
-71.800000 	2.418200e+000 	-2.393333e+000 	0.000000e+000 
-71.700000 	2.414950e+000 	-2.390000e+000 	0.000000e+000 
-71.600000 	2.411700e+000 	-2.386667e+000 	0.000000e+000 
-71.500000 	2.408449e+000 	-2.383333e+000 	0.000000e+000 
-71.400000 	2.405197e+000 	-2.380000e+000 	0.000000e+000 
-71.300000 	2.401945e+000 	-2.376667e+000 	0.000000e+000 
-71.200000 	2.398692e+000 	-2.373333e+000 	0.000000e+000 
-71.100000 	2.395439e+000 	-2.370000e+000 	0.000000e+000 
-71.000000 	2.392185e+000 	-2.366667e+000 	0.000000e+000 
-70.900000 	2.388931e+000 	-2.363333e+000 	0.000000e+000 
-70.800000 	2.385676e+000 	-2.360000e+000 	0.000000e+000 
-70.700000 	2.382421e+000 	-2.356667e+000 	0.000000e+000 
-70.600000 	2.379165e+000 	-2.353333e+000 	0.000000e+000 
-70.500000 	2.375908e+000 	-2.350000e+000 	0.000000e+000 
-70.400000 	2.372651e+000 	-2.346667e+000 	0.000000e+000 
-70.300000 	2.369393e+000 	-2.343333e+000 	0.000000e+000 
-70.200000 	2.366135e+000 	-2.340000e+000 	0.000000e+000 
-70.100000 	2.362876e+000 	-2.336667e+000 	0.000000e+000 
-70.000000 	2.359617e+000 	-2.333333e+000 	0.000000e+000 
-69.900000 	2.356357e+000 	-2.330000e+000 	0.000000e+000 
-69.800000 	2.353096e+000 	-2.326667e+000 	0.000000e+000 
-69.700000 	2.349835e+000 	-2.323333e+000 	0.000000e+000 
-69.600000 	2.346573e+000 	-2.320000e+000 	0.000000e+000 
-69.500000 	2.343310e+000 	-2.316667e+000 	0.000000e+000 
-69.400000 	2.340047e+000 	-2.313333e+000 	0.000000e+000 
-69.300000 	2.336783e+000 	-2.310000e+000 	0.000000e+000 
-69.200000 	2.333519e+000 	-2.306667e+000 	0.000000e+000 
-69.100000 	2.330254e+000 	-2.303333e+000 	0.000000e+000 
-69.000000 	2.326988e+000 	-2.300000e+000 	0.000000e+000 
-68.900000 	2.323722e+000 	-2.296667e+000 	0.000000e+000 
-68.800000 	2.320455e+000 	-2.293333e+000 	0.000000e+000 
-68.700000 	2.317188e+000 	-2.290000e+000 	0.000000e+000 
-68.600000 	2.313919e+000 	-2.286667e+000 	0.000000e+000 
-68.500000 	2.310651e+000 	-2.283333e+000 	0.000000e+000 
-68.400000 	2.307381e+000 	-2.280000e+000 	0.000000e+000 
-68.300000 	2.304111e+000 	-2.276667e+000 	0.000000e+000 
-68.200000 	2.300840e+000 	-2.273333e+000 	0.000000e+000 
-68.100000 	2.297569e+000 	-2.270000e+000 	0.000000e+000 
-68.000000 	2.294297e+000 	-2.266667e+000 	0.000000e+000 
-67.900000 	2.291024e+000 	-2.263333e+000 	0.000000e+000 
-67.800000 	2.287750e+000 	-2.260000e+000 	0.000000e+000 
-67.700000 	2.284476e+000 	-2.256667e+000 	0.000000e+000 
-67.600000 	2.281201e+000 	-2.253333e+000 	0.000000e+000 
-67.500000 	2.277926e+000 	-2.250000e+000 	0.000000e+000 
-67.400000 	2.274649e+000 	-2.246667e+000 	0.000000e+000 
-67.300000 	2.271372e+000 	-2.243333e+000 	0.000000e+000 
-67.200000 	2.268095e+000 	-2.240000e+000 	0.000000e+000 
-67.100000 	2.264816e+000 	-2.236667e+000 	0.000000e+000 
-67.000000 	2.261537e+000 	-2.233333e+000 	0.000000e+000 
-66.900000 	2.258258e+000 	-2.230000e+000 	0.000000e+000 
-66.800000 	2.254977e+000 	-2.226667e+000 	0.000000e+000 
-66.700000 	2.251696e+000 	-2.223333e+000 	0.000000e+000 
-66.600000 	2.248414e+000 	-2.220000e+000 	0.000000e+000 
-66.500000 	2.245131e+000 	-2.216667e+000 	0.000000e+000 
-66.400000 	2.241848e+000 	-2.213333e+000 	0.000000e+000 
-66.300000 	2.238564e+000 	-2.210000e+000 	0.000000e+000 
-66.200000 	2.235279e+000 	-2.206667e+000 	0.000000e+000 
-66.100000 	2.231993e+000 	-2.203333e+000 	0.000000e+000 
-66.000000 	2.228707e+000 	-2.200000e+000 	0.000000e+000 
-65.900000 	2.225420e+000 	-2.196667e+000 	0.000000e+000 
-65.800000 	2.222132e+000 	-2.193333e+000 	0.000000e+000 
-65.700000 	2.218843e+000 	-2.190000e+000 	0.000000e+000 
-65.600000 	2.215554e+000 	-2.186667e+000 	0.000000e+000 
-65.500000 	2.212263e+000 	-2.183333e+000 	0.000000e+000 
-65.400000 	2.208972e+000 	-2.180000e+000 	0.000000e+000 
-65.300000 	2.205681e+000 	-2.176667e+000 	0.000000e+000 
-65.200000 	2.202388e+000 	-2.173333e+000 	0.000000e+000 
-65.100000 	2.199095e+000 	-2.170000e+000 	0.000000e+000 
-65.000000 	2.195800e+000 	-2.166667e+000 	0.000000e+000 
-64.900000 	2.192506e+000 	-2.163333e+000 	0.000000e+000 
-64.800000 	2.189210e+000 	-2.160000e+000 	0.000000e+000 
-64.700000 	2.185913e+000 	-2.156667e+000 	0.000000e+000 
-64.600000 	2.182616e+000 	-2.153333e+000 	0.000000e+000 
-64.500000 	2.179318e+000 	-2.150000e+000 	0.000000e+000 
-64.400000 	2.176019e+000 	-2.146667e+000 	0.000000e+000 
-64.300000 	2.172719e+000 	-2.143333e+000 	0.000000e+000 
-64.200000 	2.169418e+000 	-2.140000e+000 	0.000000e+000 
-64.100000 	2.166117e+000 	-2.136667e+000 	0.000000e+000 
-64.000000 	2.162815e+000 	-2.133333e+000 	0.000000e+000 
-63.900000 	2.159511e+000 	-2.130000e+000 	0.000000e+000 
-63.800000 	2.156208e+000 	-2.126667e+000 	0.000000e+000 
-63.700000 	2.152903e+000 	-2.123333e+000 	0.000000e+000 
-63.600000 	2.149597e+000 	-2.120000e+000 	0.000000e+000 
-63.500000 	2.146291e+000 	-2.116667e+000 	0.000000e+000 
-63.400000 	2.142983e+000 	-2.113333e+000 	0.000000e+000 
-63.300000 	2.139675e+000 	-2.110000e+000 	0.000000e+000 
-63.200000 	2.136366e+000 	-2.106667e+000 	0.000000e+000 
-63.100000 	2.133056e+000 	-2.103333e+000 	0.000000e+000 
-63.000000 	2.129745e+000 	-2.100000e+000 	0.000000e+000 
-62.900000 	2.126433e+000 	-2.096667e+000 	0.000000e+000 
-62.800000 	2.123121e+000 	-2.093333e+000 	0.000000e+000 
-62.700000 	2.119807e+000 	-2.090000e+000 	0.000000e+000 
-62.600000 	2.116493e+000 	-2.086667e+000 	0.000000e+000 
-62.500000 	2.113177e+000 	-2.083333e+000 	0.000000e+000 
-62.400000 	2.109861e+000 	-2.080000e+000 	0.000000e+000 
-62.300000 	2.106544e+000 	-2.076667e+000 	0.000000e+000 
-62.200000 	2.103226e+000 	-2.073333e+000 	0.000000e+000 
-62.100000 	2.099907e+000 	-2.070000e+000 	0.000000e+000 
-62.000000 	2.096587e+000 	-2.066667e+000 	0.000000e+000 
-61.900000 	2.093267e+000 	-2.063333e+000 	0.000000e+000 
-61.800000 	2.089945e+000 	-2.060000e+000 	0.000000e+000 
-61.700000 	2.086622e+000 	-2.056667e+000 	0.000000e+000 
-61.600000 	2.083299e+000 	-2.053333e+000 	0.000000e+000 
-61.500000 	2.079974e+000 	-2.050000e+000 	0.000000e+000 
-61.400000 	2.076649e+000 	-2.046667e+000 	0.000000e+000 
-61.300000 	2.073323e+000 	-2.043333e+000 	0.000000e+000 
-61.200000 	2.069995e+000 	-2.040000e+000 	0.000000e+000 
-61.100000 	2.066667e+000 	-2.036667e+000 	0.000000e+000 
-61.000000 	2.063338e+000 	-2.033333e+000 	0.000000e+000 
-60.900000 	2.060008e+000 	-2.030000e+000 	0.000000e+000 
-60.800000 	2.056677e+000 	-2.026667e+000 	0.000000e+000 
-60.700000 	2.053345e+000 	-2.023333e+000 	0.000000e+000 
-60.600000 	2.050012e+000 	-2.020000e+000 	0.000000e+000 
-60.500000 	2.046678e+000 	-2.016667e+000 	0.000000e+000 
-60.400000 	2.043342e+000 	-2.013333e+000 	0.000000e+000 
-60.300000 	2.040006e+000 	-2.010000e+000 	0.000000e+000 
-60.200000 	2.036669e+000 	-2.006667e+000 	0.000000e+000 
-60.100000 	2.033331e+000 	-2.003333e+000 	0.000000e+000 
-60.000000 	2.029992e+000 	-2.000000e+000 	0.000000e+000 
-59.900000 	2.026653e+000 	-1.996667e+000 	0.000000e+000 
-59.800000 	2.023312e+000 	-1.993333e+000 	0.000000e+000 
-59.700000 	2.019970e+000 	-1.990000e+000 	0.000000e+000 
-59.600000 	2.016627e+000 	-1.986667e+000 	0.000000e+000 
-59.500000 	2.013282e+000 	-1.983333e+000 	0.000000e+000 
-59.400000 	2.009937e+000 	-1.980000e+000 	0.000000e+000 
-59.300000 	2.006591e+000 	-1.976667e+000 	0.000000e+000 
-59.200000 	2.003244e+000 	-1.973333e+000 	0.000000e+000 
-59.100000 	1.999896e+000 	-1.970000e+000 	0.000000e+000 
-59.000000 	1.996547e+000 	-1.966667e+000 	0.000000e+000 
-58.900000 	1.993197e+000 	-1.963333e+000 	0.000000e+000 
-58.800000 	1.989845e+000 	-1.960000e+000 	0.000000e+000 
-58.700000 	1.986493e+000 	-1.956667e+000 	0.000000e+000 
-58.600000 	1.983140e+000 	-1.953333e+000 	0.000000e+000 
-58.500000 	1.979785e+000 	-1.950000e+000 	0.000000e+000 
-58.400000 	1.976430e+000 	-1.946667e+000 	0.000000e+000 
-58.300000 	1.973073e+000 	-1.943333e+000 	0.000000e+000 
-58.200000 	1.969716e+000 	-1.940000e+000 	0.000000e+000 
-58.100000 	1.966357e+000 	-1.936667e+000 	0.000000e+000 
-58.000000 	1.962997e+000 	-1.933333e+000 	0.000000e+000 
-57.900000 	1.959637e+000 	-1.930000e+000 	0.000000e+000 
-57.800000 	1.956275e+000 	-1.926667e+000 	0.000000e+000 
-57.700000 	1.952912e+000 	-1.923333e+000 	0.000000e+000 
-57.600000 	1.949548e+000 	-1.920000e+000 	0.000000e+000 
-57.500000 	1.946182e+000 	-1.916667e+000 	0.000000e+000 
-57.400000 	1.942816e+000 	-1.913333e+000 	0.000000e+000 
-57.300000 	1.939449e+000 	-1.910000e+000 	0.000000e+000 
-57.200000 	1.936080e+000 	-1.906667e+000 	0.000000e+000 
-57.100000 	1.932711e+000 	-1.903333e+000 	0.000000e+000 
-57.000000 	1.929340e+000 	-1.900000e+000 	0.000000e+000 
-56.900000 	1.925968e+000 	-1.896667e+000 	0.000000e+000 
-56.800000 	1.922595e+000 	-1.893333e+000 	0.000000e+000 
-56.700000 	1.919221e+000 	-1.890000e+000 	0.000000e+000 
-56.600000 	1.915846e+000 	-1.886667e+000 	0.000000e+000 
-56.500000 	1.912470e+000 	-1.883333e+000 	0.000000e+000 
-56.400000 	1.909092e+000 	-1.880000e+000 	0.000000e+000 
-56.300000 	1.905714e+000 	-1.876667e+000 	0.000000e+000 
-56.200000 	1.902334e+000 	-1.873333e+000 	0.000000e+000 
-56.100000 	1.898953e+000 	-1.870000e+000 	0.000000e+000 
-56.000000 	1.895571e+000 	-1.866667e+000 	0.000000e+000 
-55.900000 	1.892188e+000 	-1.863333e+000 	0.000000e+000 
-55.800000 	1.888804e+000 	-1.860000e+000 	0.000000e+000 
-55.700000 	1.885418e+000 	-1.856667e+000 	0.000000e+000 
-55.600000 	1.882031e+000 	-1.853333e+000 	0.000000e+000 
-55.500000 	1.878644e+000 	-1.850000e+000 	0.000000e+000 
-55.400000 	1.875255e+000 	-1.846667e+000 	0.000000e+000 
-55.300000 	1.871864e+000 	-1.843333e+000 	0.000000e+000 
-55.200000 	1.868473e+000 	-1.840000e+000 	0.000000e+000 
-55.100000 	1.865081e+000 	-1.836667e+000 	0.000000e+000 
-55.000000 	1.861687e+000 	-1.833333e+000 	0.000000e+000 
-54.900000 	1.858292e+000 	-1.830000e+000 	0.000000e+000 
-54.800000 	1.854896e+000 	-1.826667e+000 	0.000000e+000 
-54.700000 	1.851499e+000 	-1.823333e+000 	0.000000e+000 
-54.600000 	1.848100e+000 	-1.820000e+000 	0.000000e+000 
-54.500000 	1.844701e+000 	-1.816667e+000 	0.000000e+000 
-54.400000 	1.841300e+000 	-1.813333e+000 	0.000000e+000 
-54.300000 	1.837898e+000 	-1.810000e+000 	0.000000e+000 
-54.200000 	1.834494e+000 	-1.806667e+000 	0.000000e+000 
-54.100000 	1.831090e+000 	-1.803333e+000 	0.000000e+000 
-54.000000 	1.827684e+000 	-1.800000e+000 	0.000000e+000 
-53.900000 	1.824277e+000 	-1.796667e+000 	0.000000e+000 
-53.800000 	1.820869e+000 	-1.793333e+000 	0.000000e+000 
-53.700000 	1.817460e+000 	-1.790000e+000 	0.000000e+000 
-53.600000 	1.814049e+000 	-1.786667e+000 	0.000000e+000 
-53.500000 	1.810638e+000 	-1.783333e+000 	0.000000e+000 
-53.400000 	1.807225e+000 	-1.780000e+000 	0.000000e+000 
-53.300000 	1.803810e+000 	-1.776667e+000 	0.000000e+000 
-53.200000 	1.800395e+000 	-1.773333e+000 	0.000000e+000 
-53.100000 	1.796978e+000 	-1.770000e+000 	0.000000e+000 
-53.000000 	1.793560e+000 	-1.766667e+000 	0.000000e+000 
-52.900000 	1.790141e+000 	-1.763333e+000 	0.000000e+000 
-52.800000 	1.786720e+000 	-1.760000e+000 	0.000000e+000 
-52.700000 	1.783299e+000 	-1.756667e+000 	0.000000e+000 
-52.600000 	1.779876e+000 	-1.753333e+000 	0.000000e+000 
-52.500000 	1.776451e+000 	-1.750000e+000 	0.000000e+000 
-52.400000 	1.773026e+000 	-1.746667e+000 	0.000000e+000 
-52.300000 	1.769599e+000 	-1.743333e+000 	0.000000e+000 
-52.200000 	1.766171e+000 	-1.740000e+000 	0.000000e+000 
-52.100000 	1.762742e+000 	-1.736667e+000 	0.000000e+000 
-52.000000 	1.759311e+000 	-1.733333e+000 	0.000000e+000 
-51.900000 	1.755880e+000 	-1.730000e+000 	0.000000e+000 
-51.800000 	1.752446e+000 	-1.726667e+000 	0.000000e+000 
-51.700000 	1.749012e+000 	-1.723333e+000 	0.000000e+000 
-51.600000 	1.745576e+000 	-1.720000e+000 	0.000000e+000 
-51.500000 	1.742140e+000 	-1.716667e+000 	0.000000e+000 
-51.400000 	1.738701e+000 	-1.713333e+000 	0.000000e+000 
-51.300000 	1.735262e+000 	-1.710000e+000 	0.000000e+000 
-51.200000 	1.731821e+000 	-1.706667e+000 	0.000000e+000 
-51.100000 	1.728379e+000 	-1.703333e+000 	0.000000e+000 
-51.000000 	1.724936e+000 	-1.700000e+000 	0.000000e+000 
-50.900000 	1.721491e+000 	-1.696667e+000 	0.000000e+000 
-50.800000 	1.718045e+000 	-1.693333e+000 	0.000000e+000 
-50.700000 	1.714598e+000 	-1.690000e+000 	0.000000e+000 
-50.600000 	1.711149e+000 	-1.686667e+000 	0.000000e+000 
-50.500000 	1.707700e+000 	-1.683333e+000 	0.000000e+000 
-50.400000 	1.704248e+000 	-1.680000e+000 	0.000000e+000 
-50.300000 	1.700796e+000 	-1.676667e+000 	0.000000e+000 
-50.200000 	1.697342e+000 	-1.673333e+000 	0.000000e+000 
-50.100000 	1.693887e+000 	-1.670000e+000 	0.000000e+000 
-50.000000 	1.690431e+000 	-1.666667e+000 	0.000000e+000 
-49.900000 	1.686973e+000 	-1.663333e+000 	0.000000e+000 
-49.800000 	1.683514e+000 	-1.660000e+000 	0.000000e+000 
-49.700000 	1.680054e+000 	-1.656667e+000 	0.000000e+000 
-49.600000 	1.676592e+000 	-1.653333e+000 	0.000000e+000 
-49.500000 	1.673130e+000 	-1.650000e+000 	0.000000e+000 
-49.400000 	1.669665e+000 	-1.646667e+000 	0.000000e+000 
-49.300000 	1.666200e+000 	-1.643333e+000 	0.000000e+000 
-49.200000 	1.662733e+000 	-1.640000e+000 	0.000000e+000 
-49.100000 	1.659265e+000 	-1.636667e+000 	0.000000e+000 
-49.000000 	1.655795e+000 	-1.633333e+000 	0.000000e+000 
-48.900000 	1.652325e+000 	-1.630000e+000 	0.000000e+000 
-48.800000 	1.648852e+000 	-1.626667e+000 	0.000000e+000 
-48.700000 	1.645379e+000 	-1.623333e+000 	0.000000e+000 
-48.600000 	1.641904e+000 	-1.620000e+000 	0.000000e+000 
-48.500000 	1.638428e+000 	-1.616667e+000 	0.000000e+000 
-48.400000 	1.634951e+000 	-1.613333e+000 	0.000000e+000 
-48.300000 	1.631472e+000 	-1.610000e+000 	0.000000e+000 
-48.200000 	1.627992e+000 	-1.606667e+000 	0.000000e+000 
-48.100000 	1.624511e+000 	-1.603333e+000 	0.000000e+000 
-48.000000 	1.621028e+000 	-1.600000e+000 	0.000000e+000 
-47.900000 	1.617544e+000 	-1.596667e+000 	0.000000e+000 
-47.800000 	1.614059e+000 	-1.593333e+000 	0.000000e+000 
-47.700000 	1.610572e+000 	-1.590000e+000 	0.000000e+000 
-47.600000 	1.607084e+000 	-1.586667e+000 	0.000000e+000 
-47.500000 	1.603595e+000 	-1.583333e+000 	0.000000e+000 
-47.400000 	1.600104e+000 	-1.580000e+000 	0.000000e+000 
-47.300000 	1.596612e+000 	-1.576667e+000 	0.000000e+000 
-47.200000 	1.593119e+000 	-1.573333e+000 	0.000000e+000 
-47.100000 	1.589624e+000 	-1.570000e+000 	0.000000e+000 
-47.000000 	1.586128e+000 	-1.566667e+000 	0.000000e+000 
-46.900000 	1.582631e+000 	-1.563333e+000 	0.000000e+000 
-46.800000 	1.579133e+000 	-1.560000e+000 	0.000000e+000 
-46.700000 	1.575633e+000 	-1.556667e+000 	0.000000e+000 
-46.600000 	1.572132e+000 	-1.553333e+000 	0.000000e+000 
-46.500000 	1.568629e+000 	-1.550000e+000 	0.000000e+000 
-46.400000 	1.565125e+000 	-1.546667e+000 	0.000000e+000 
-46.300000 	1.561620e+000 	-1.543333e+000 	0.000000e+000 
-46.200000 	1.558114e+000 	-1.540000e+000 	0.000000e+000 
-46.100000 	1.554606e+000 	-1.536667e+000 	0.000000e+000 
-46.000000 	1.551097e+000 	-1.533333e+000 	0.000000e+000 
-45.900000 	1.547586e+000 	-1.530000e+000 	0.000000e+000 
-45.800000 	1.544075e+000 	-1.526667e+000 	0.000000e+000 
-45.700000 	1.540562e+000 	-1.523333e+000 	0.000000e+000 
-45.600000 	1.537047e+000 	-1.520000e+000 	0.000000e+000 
-45.500000 	1.533532e+000 	-1.516667e+000 	0.000000e+000 
-45.400000 	1.530015e+000 	-1.513333e+000 	0.000000e+000 
-45.300000 	1.526496e+000 	-1.510000e+000 	0.000000e+000 
-45.200000 	1.522977e+000 	-1.506667e+000 	0.000000e+000 
-45.100000 	1.519456e+000 	-1.503333e+000 	0.000000e+000 
-45.000000 	1.515934e+000 	-1.500000e+000 	0.000000e+000 
-44.900000 	1.512410e+000 	-1.496667e+000 	0.000000e+000 
-44.800000 	1.508886e+000 	-1.493333e+000 	0.000000e+000 
-44.700000 	1.505360e+000 	-1.490000e+000 	0.000000e+000 
-44.600000 	1.501832e+000 	-1.486667e+000 	0.000000e+000 
-44.500000 	1.498304e+000 	-1.483333e+000 	0.000000e+000 
-44.400000 	1.494774e+000 	-1.480000e+000 	0.000000e+000 
-44.300000 	1.491243e+000 	-1.476667e+000 	0.000000e+000 
-44.200000 	1.487710e+000 	-1.473333e+000 	0.000000e+000 
-44.100000 	1.484177e+000 	-1.470000e+000 	0.000000e+000 
-44.000000 	1.480642e+000 	-1.466667e+000 	0.000000e+000 
-43.900000 	1.477106e+000 	-1.463333e+000 	0.000000e+000 
-43.800000 	1.473568e+000 	-1.460000e+000 	0.000000e+000 
-43.700000 	1.470030e+000 	-1.456667e+000 	0.000000e+000 
-43.600000 	1.466490e+000 	-1.453333e+000 	0.000000e+000 
-43.500000 	1.462948e+000 	-1.450000e+000 	0.000000e+000 
-43.400000 	1.459406e+000 	-1.446667e+000 	0.000000e+000 
-43.300000 	1.455862e+000 	-1.443333e+000 	0.000000e+000 
-43.200000 	1.452317e+000 	-1.440000e+000 	0.000000e+000 
-43.100000 	1.448771e+000 	-1.436667e+000 	0.000000e+000 
-43.000000 	1.445224e+000 	-1.433333e+000 	0.000000e+000 
-42.900000 	1.441675e+000 	-1.430000e+000 	0.000000e+000 
-42.800000 	1.438125e+000 	-1.426667e+000 	0.000000e+000 
-42.700000 	1.434574e+000 	-1.423333e+000 	0.000000e+000 
-42.600000 	1.431022e+000 	-1.420000e+000 	0.000000e+000 
-42.500000 	1.427469e+000 	-1.416667e+000 	0.000000e+000 
-42.400000 	1.423914e+000 	-1.413333e+000 	0.000000e+000 
-42.300000 	1.420358e+000 	-1.410000e+000 	0.000000e+000 
-42.200000 	1.416801e+000 	-1.406667e+000 	0.000000e+000 
-42.100000 	1.413243e+000 	-1.403333e+000 	0.000000e+000 
-42.000000 	1.409683e+000 	-1.400000e+000 	0.000000e+000 
-41.900000 	1.406123e+000 	-1.396667e+000 	0.000000e+000 
-41.800000 	1.402561e+000 	-1.393333e+000 	0.000000e+000 
-41.700000 	1.398998e+000 	-1.390000e+000 	0.000000e+000 
-41.600000 	1.395434e+000 	-1.386667e+000 	0.000000e+000 
-41.500000 	1.391869e+000 	-1.383333e+000 	0.000000e+000 
-41.400000 	1.388303e+000 	-1.380000e+000 	0.000000e+000 
-41.300000 	1.384735e+000 	-1.376667e+000 	0.000000e+000 
-41.200000 	1.381167e+000 	-1.373333e+000 	0.000000e+000 
-41.100000 	1.377597e+000 	-1.370000e+000 	0.000000e+000 
-41.000000 	1.374026e+000 	-1.366667e+000 	0.000000e+000 
-40.900000 	1.370454e+000 	-1.363333e+000 	0.000000e+000 
-40.800000 	1.366881e+000 	-1.360000e+000 	0.000000e+000 
-40.700000 	1.363307e+000 	-1.356667e+000 	0.000000e+000 
-40.600000 	1.359732e+000 	-1.353333e+000 	0.000000e+000 
-40.500000 	1.356156e+000 	-1.350000e+000 	0.000000e+000 
-40.400000 	1.352579e+000 	-1.346667e+000 	0.000000e+000 
-40.300000 	1.349000e+000 	-1.343333e+000 	0.000000e+000 
-40.200000 	1.345421e+000 	-1.340000e+000 	0.000000e+000 
-40.100000 	1.341841e+000 	-1.336667e+000 	0.000000e+000 
-40.000000 	1.338259e+000 	-1.333333e+000 	0.000000e+000 
-39.900000 	1.334677e+000 	-1.330000e+000 	0.000000e+000 
-39.800000 	1.331094e+000 	-1.326667e+000 	0.000000e+000 
-39.700000 	1.327509e+000 	-1.323333e+000 	0.000000e+000 
-39.600000 	1.323924e+000 	-1.320000e+000 	0.000000e+000 
-39.500000 	1.320337e+000 	-1.316667e+000 	0.000000e+000 
-39.400000 	1.316750e+000 	-1.313333e+000 	0.000000e+000 
-39.300000 	1.313161e+000 	-1.310000e+000 	0.000000e+000 
-39.200000 	1.309572e+000 	-1.306667e+000 	0.000000e+000 
-39.100000 	1.305982e+000 	-1.303333e+000 	0.000000e+000 
-39.000000 	1.302390e+000 	-1.300000e+000 	0.000000e+000 
-38.900000 	1.298798e+000 	-1.296667e+000 	0.000000e+000 
-38.800000 	1.295205e+000 	-1.293333e+000 	0.000000e+000 
-38.700000 	1.291611e+000 	-1.290000e+000 	0.000000e+000 
-38.600000 	1.288016e+000 	-1.286667e+000 	0.000000e+000 
-38.500000 	1.284420e+000 	-1.283333e+000 	0.000000e+000 
-38.400000 	1.280824e+000 	-1.280000e+000 	0.000000e+000 
-38.300000 	1.277226e+000 	-1.276667e+000 	0.000000e+000 
-38.200000 	1.273628e+000 	-1.273333e+000 	0.000000e+000 
-38.100000 	1.270029e+000 	-1.270000e+000 	0.000000e+000 
-38.000000 	1.266429e+000 	-1.266667e+000 	0.000000e+000 
-37.900000 	1.262828e+000 	-1.263333e+000 	0.000000e+000 
-37.800000 	1.259227e+000 	-1.260000e+000 	0.000000e+000 
-37.700000 	1.255625e+000 	-1.256667e+000 	0.000000e+000 
-37.600000 	1.252022e+000 	-1.253333e+000 	0.000000e+000 
-37.500000 	1.248418e+000 	-1.250000e+000 	0.000000e+000 
-37.400000 	1.244813e+000 	-1.246667e+000 	0.000000e+000 
-37.300000 	1.241208e+000 	-1.243333e+000 	0.000000e+000 
-37.200000 	1.237602e+000 	-1.240000e+000 	0.000000e+000 
-37.100000 	1.233996e+000 	-1.236667e+000 	0.000000e+000 
-37.000000 	1.230388e+000 	-1.233333e+000 	0.000000e+000 
-36.900000 	1.226780e+000 	-1.230000e+000 	0.000000e+000 
-36.800000 	1.223172e+000 	-1.226667e+000 	0.000000e+000 
-36.700000 	1.219562e+000 	-1.223333e+000 	0.000000e+000 
-36.600000 	1.215952e+000 	-1.220000e+000 	0.000000e+000 
-36.500000 	1.212342e+000 	-1.216667e+000 	0.000000e+000 
-36.400000 	1.208731e+000 	-1.213333e+000 	0.000000e+000 
-36.300000 	1.205119e+000 	-1.210000e+000 	0.000000e+000 
-36.200000 	1.201507e+000 	-1.206667e+000 	0.000000e+000 
-36.100000 	1.197894e+000 	-1.203333e+000 	0.000000e+000 
-36.000000 	1.194281e+000 	-1.200000e+000 	0.000000e+000 
-35.900000 	1.190667e+000 	-1.196667e+000 	0.000000e+000 
-35.800000 	1.187053e+000 	-1.193333e+000 	0.000000e+000 
-35.700000 	1.183437e+000 	-1.190000e+000 	0.000000e+000 
-35.600000 	1.179822e+000 	-1.186667e+000 	0.000000e+000 
-35.500000 	1.176206e+000 	-1.183333e+000 	0.000000e+000 
-35.400000 	1.172590e+000 	-1.180000e+000 	0.000000e+000 
-35.300000 	1.168973e+000 	-1.176667e+000 	0.000000e+000 
-35.200000 	1.165356e+000 	-1.173333e+000 	0.000000e+000 
-35.100000 	1.161739e+000 	-1.170000e+000 	0.000000e+000 
-35.000000 	1.158121e+000 	-1.166667e+000 	0.000000e+000 
-34.900000 	1.154503e+000 	-1.163333e+000 	0.000000e+000 
-34.800000 	1.150885e+000 	-1.160000e+000 	0.000000e+000 
-34.700000 	1.147266e+000 	-1.156667e+000 	0.000000e+000 
-34.600000 	1.143647e+000 	-1.153333e+000 	0.000000e+000 
-34.500000 	1.140028e+000 	-1.150000e+000 	0.000000e+000 
-34.400000 	1.136409e+000 	-1.146667e+000 	0.000000e+000 
-34.300000 	1.132789e+000 	-1.143333e+000 	0.000000e+000 
-34.200000 	1.129169e+000 	-1.140000e+000 	0.000000e+000 
-34.100000 	1.125549e+000 	-1.136667e+000 	0.000000e+000 
-34.000000 	1.121929e+000 	-1.133333e+000 	0.000000e+000 
-33.900000 	1.118309e+000 	-1.130000e+000 	0.000000e+000 
-33.800000 	1.114689e+000 	-1.126667e+000 	0.000000e+000 
-33.700000 	1.111068e+000 	-1.123333e+000 	0.000000e+000 
-33.600000 	1.107448e+000 	-1.120000e+000 	0.000000e+000 
-33.500000 	1.103827e+000 	-1.116667e+000 	0.000000e+000 
-33.400000 	1.100206e+000 	-1.113333e+000 	0.000000e+000 
-33.300000 	1.096585e+000 	-1.110000e+000 	0.000000e+000 
-33.200000 	1.092964e+000 	-1.106667e+000 	0.000000e+000 
-33.100000 	1.089344e+000 	-1.103333e+000 	0.000000e+000 
-33.000000 	1.085723e+000 	-1.100000e+000 	0.000000e+000 
-32.900000 	1.082102e+000 	-1.096667e+000 	0.000000e+000 
-32.800000 	1.078482e+000 	-1.093333e+000 	0.000000e+000 
-32.700000 	1.074861e+000 	-1.090000e+000 	0.000000e+000 
-32.600000 	1.071242e+000 	-1.086667e+000 	0.000000e+000 
-32.500000 	1.067622e+000 	-1.083333e+000 	0.000000e+000 
-32.400000 	1.064002e+000 	-1.080000e+000 	0.000000e+000 
-32.300000 	1.060383e+000 	-1.076667e+000 	0.000000e+000 
-32.200000 	1.056763e+000 	-1.073333e+000 	0.000000e+000 
-32.100000 	1.053144e+000 	-1.070000e+000 	0.000000e+000 
-32.000000 	1.049526e+000 	-1.066667e+000 	0.000000e+000 
-31.900000 	1.045907e+000 	-1.063333e+000 	0.000000e+000 
-31.800000 	1.042289e+000 	-1.060000e+000 	0.000000e+000 
-31.700000 	1.038672e+000 	-1.056667e+000 	0.000000e+000 
-31.600000 	1.035054e+000 	-1.053333e+000 	0.000000e+000 
-31.500000 	1.031438e+000 	-1.050000e+000 	0.000000e+000 
-31.400000 	1.027821e+000 	-1.046667e+000 	0.000000e+000 
-31.300000 	1.024205e+000 	-1.043333e+000 	0.000000e+000 
-31.200000 	1.020590e+000 	-1.040000e+000 	0.000000e+000 
-31.100000 	1.016975e+000 	-1.036667e+000 	0.000000e+000 
-31.000000 	1.013361e+000 	-1.033333e+000 	0.000000e+000 
-30.900000 	1.009747e+000 	-1.030000e+000 	0.000000e+000 
-30.800000 	1.006134e+000 	-1.026667e+000 	0.000000e+000 
-30.700000 	1.002522e+000 	-1.023333e+000 	0.000000e+000 
-30.600000 	9.989101e-001 	-1.020000e+000 	0.000000e+000 
-30.500000 	9.952991e-001 	-1.016667e+000 	0.000000e+000 
-30.400000 	9.916888e-001 	-1.013333e+000 	0.000000e+000 
-30.300000 	9.880792e-001 	-1.010000e+000 	0.000000e+000 
-30.200000 	9.844705e-001 	-1.006667e+000 	0.000000e+000 
-30.100000 	9.808625e-001 	-1.003333e+000 	0.000000e+000 
-30.000000 	9.772554e-001 	-1.000000e+000 	0.000000e+000 
-29.900000 	9.736492e-001 	-9.966667e-001 	0.000000e+000 
-29.800000 	9.700439e-001 	-9.933333e-001 	0.000000e+000 
-29.700000 	9.664395e-001 	-9.900000e-001 	0.000000e+000 
-29.600000 	9.628361e-001 	-9.866667e-001 	0.000000e+000 
-29.500000 	9.592336e-001 	-9.833333e-001 	0.000000e+000 
-29.400000 	9.556322e-001 	-9.800000e-001 	0.000000e+000 
-29.300000 	9.520319e-001 	-9.766667e-001 	0.000000e+000 
-29.200000 	9.484326e-001 	-9.733333e-001 	0.000000e+000 
-29.100000 	9.448344e-001 	-9.700000e-001 	0.000000e+000 
-29.000000 	9.412374e-001 	-9.666667e-001 	0.000000e+000 
-28.900000 	9.376416e-001 	-9.633333e-001 	0.000000e+000 
-28.800000 	9.340470e-001 	-9.600000e-001 	0.000000e+000 
-28.700000 	9.304536e-001 	-9.566667e-001 	0.000000e+000 
-28.600000 	9.268615e-001 	-9.533333e-001 	0.000000e+000 
-28.500000 	9.232707e-001 	-9.500000e-001 	0.000000e+000 
-28.400000 	9.196812e-001 	-9.466667e-001 	0.000000e+000 
-28.300000 	9.160931e-001 	-9.433333e-001 	0.000000e+000 
-28.200000 	9.125064e-001 	-9.400000e-001 	0.000000e+000 
-28.100000 	9.089211e-001 	-9.366667e-001 	0.000000e+000 
-28.000000 	9.053373e-001 	-9.333333e-001 	0.000000e+000 
-27.900000 	9.017550e-001 	-9.300000e-001 	0.000000e+000 
-27.800000 	8.981743e-001 	-9.266667e-001 	0.000000e+000 
-27.700000 	8.945950e-001 	-9.233333e-001 	0.000000e+000 
-27.600000 	8.910174e-001 	-9.200000e-001 	0.000000e+000 
-27.500000 	8.874414e-001 	-9.166667e-001 	0.000000e+000 
-27.400000 	8.838671e-001 	-9.133333e-001 	0.000000e+000 
-27.300000 	8.802945e-001 	-9.100000e-001 	0.000000e+000 
-27.200000 	8.767236e-001 	-9.066667e-001 	0.000000e+000 
-27.100000 	8.731545e-001 	-9.033333e-001 	0.000000e+000 
-27.000000 	8.695872e-001 	-9.000000e-001 	0.000000e+000 
-26.900000 	8.660217e-001 	-8.966667e-001 	0.000000e+000 
-26.800000 	8.624580e-001 	-8.933333e-001 	0.000000e+000 
-26.700000 	8.588963e-001 	-8.900000e-001 	0.000000e+000 
-26.600000 	8.553365e-001 	-8.866667e-001 	0.000000e+000 
-26.500000 	8.517787e-001 	-8.833333e-001 	0.000000e+000 
-26.400000 	8.482229e-001 	-8.800000e-001 	0.000000e+000 
-26.300000 	8.446691e-001 	-8.766667e-001 	0.000000e+000 
-26.200000 	8.411174e-001 	-8.733333e-001 	0.000000e+000 
-26.100000 	8.375678e-001 	-8.700000e-001 	0.000000e+000 
-26.000000 	8.340204e-001 	-8.666667e-001 	0.000000e+000 
-25.900000 	8.304751e-001 	-8.633333e-001 	0.000000e+000 
-25.800000 	8.269320e-001 	-8.600000e-001 	0.000000e+000 
-25.700000 	8.233912e-001 	-8.566667e-001 	0.000000e+000 
-25.600000 	8.198527e-001 	-8.533333e-001 	0.000000e+000 
-25.500000 	8.163165e-001 	-8.500000e-001 	0.000000e+000 
-25.400000 	8.127827e-001 	-8.466667e-001 	0.000000e+000 
-25.300000 	8.092512e-001 	-8.433333e-001 	0.000000e+000 
-25.200000 	8.057222e-001 	-8.400000e-001 	0.000000e+000 
-25.100000 	8.021956e-001 	-8.366667e-001 	0.000000e+000 
-25.000000 	7.986715e-001 	-8.333333e-001 	0.000000e+000 
-24.900000 	7.951500e-001 	-8.300000e-001 	0.000000e+000 
-24.800000 	7.916310e-001 	-8.266667e-001 	0.000000e+000 
-24.700000 	7.881146e-001 	-8.233333e-001 	0.000000e+000 
-24.600000 	7.846009e-001 	-8.200000e-001 	0.000000e+000 
-24.500000 	7.810898e-001 	-8.166667e-001 	0.000000e+000 
-24.400000 	7.775815e-001 	-8.133333e-001 	0.000000e+000 
-24.300000 	7.740759e-001 	-8.100000e-001 	0.000000e+000 
-24.200000 	7.705731e-001 	-8.066667e-001 	0.000000e+000 
-24.100000 	7.670731e-001 	-8.033333e-001 	0.000000e+000 
-24.000000 	7.635759e-001 	-8.000000e-001 	0.000000e+000 
-23.900000 	7.600816e-001 	-7.966667e-001 	0.000000e+000 
-23.800000 	7.565903e-001 	-7.933333e-001 	0.000000e+000 
-23.700000 	7.531019e-001 	-7.900000e-001 	0.000000e+000 
-23.600000 	7.496165e-001 	-7.866667e-001 	0.000000e+000 
-23.500000 	7.461342e-001 	-7.833333e-001 	0.000000e+000 
-23.400000 	7.426549e-001 	-7.800000e-001 	0.000000e+000 
-23.300000 	7.391787e-001 	-7.766667e-001 	0.000000e+000 
-23.200000 	7.357056e-001 	-7.733333e-001 	0.000000e+000 
-23.100000 	7.322358e-001 	-7.700000e-001 	0.000000e+000 
-23.000000 	7.287691e-001 	-7.666667e-001 	0.000000e+000 
-22.900000 	7.253057e-001 	-7.633333e-001 	0.000000e+000 
-22.800000 	7.218455e-001 	-7.600000e-001 	0.000000e+000 
-22.700000 	7.183887e-001 	-7.566667e-001 	0.000000e+000 
-22.600000 	7.149352e-001 	-7.533333e-001 	0.000000e+000 
-22.500000 	7.114851e-001 	-7.500000e-001 	0.000000e+000 
-22.400000 	7.080384e-001 	-7.466667e-001 	0.000000e+000 
-22.300000 	7.045952e-001 	-7.433333e-001 	0.000000e+000 
-22.200000 	7.011554e-001 	-7.400000e-001 	0.000000e+000 
-22.100000 	6.977192e-001 	-7.366667e-001 	0.000000e+000 
-22.000000 	6.942866e-001 	-7.333333e-001 	0.000000e+000 
-21.900000 	6.908575e-001 	-7.300000e-001 	0.000000e+000 
-21.800000 	6.874320e-001 	-7.266667e-001 	0.000000e+000 
-21.700000 	6.840103e-001 	-7.233333e-001 	0.000000e+000 
-21.600000 	6.805922e-001 	-7.200000e-001 	0.000000e+000 
-21.500000 	6.771778e-001 	-7.166667e-001 	0.000000e+000 
-21.400000 	6.737672e-001 	-7.133333e-001 	0.000000e+000 
-21.300000 	6.703604e-001 	-7.100000e-001 	0.000000e+000 
-21.200000 	6.669575e-001 	-7.066667e-001 	0.000000e+000 
-21.100000 	6.635583e-001 	-7.033333e-001 	0.000000e+000 
-21.000000 	6.601631e-001 	-7.000000e-001 	0.000000e+000 
-20.900000 	6.567719e-001 	-6.966667e-001 	0.000000e+000 
-20.800000 	6.533845e-001 	-6.933333e-001 	0.000000e+000 
-20.700000 	6.500012e-001 	-6.900000e-001 	0.000000e+000 
-20.600000 	6.466219e-001 	-6.866667e-001 	0.000000e+000 
-20.500000 	6.432467e-001 	-6.833333e-001 	0.000000e+000 
-20.400000 	6.398756e-001 	-6.800000e-001 	0.000000e+000 
-20.300000 	6.365086e-001 	-6.766667e-001 	0.000000e+000 
-20.200000 	6.331457e-001 	-6.733333e-001 	0.000000e+000 
-20.100000 	6.297871e-001 	-6.700000e-001 	0.000000e+000 
-20.000000 	6.264326e-001 	-6.666667e-001 	0.000000e+000 
-19.900000 	6.230824e-001 	-6.633333e-001 	0.000000e+000 
-19.800000 	6.197365e-001 	-6.600000e-001 	0.000000e+000 
-19.700000 	6.163950e-001 	-6.566667e-001 	0.000000e+000 
-19.600000 	6.130577e-001 	-6.533333e-001 	0.000000e+000 
-19.500000 	6.097249e-001 	-6.500000e-001 	0.000000e+000 
-19.400000 	6.063964e-001 	-6.466667e-001 	0.000000e+000 
-19.300000 	6.030724e-001 	-6.433333e-001 	0.000000e+000 
-19.200000 	5.997528e-001 	-6.400000e-001 	0.000000e+000 
-19.100000 	5.964378e-001 	-6.366667e-001 	0.000000e+000 
-19.000000 	5.931273e-001 	-6.333333e-001 	0.000000e+000 
-18.900000 	5.898213e-001 	-6.300000e-001 	0.000000e+000 
-18.800000 	5.865199e-001 	-6.266667e-001 	0.000000e+000 
-18.700000 	5.832232e-001 	-6.233333e-001 	0.000000e+000 
-18.600000 	5.799310e-001 	-6.200000e-001 	0.000000e+000 
-18.500000 	5.766436e-001 	-6.166667e-001 	0.000000e+000 
-18.400000 	5.733608e-001 	-6.133333e-001 	0.000000e+000 
-18.300000 	5.700828e-001 	-6.100000e-001 	0.000000e+000 
-18.200000 	5.668095e-001 	-6.066667e-001 	0.000000e+000 
-18.100000 	5.635411e-001 	-6.033333e-001 	0.000000e+000 
-18.000000 	5.602774e-001 	-6.000000e-001 	0.000000e+000 
-17.900000 	5.570185e-001 	-5.966667e-001 	0.000000e+000 
-17.800000 	5.537646e-001 	-5.933333e-001 	0.000000e+000 
-17.700000 	5.505155e-001 	-5.900000e-001 	0.000000e+000 
-17.600000 	5.472713e-001 	-5.866667e-001 	0.000000e+000 
-17.500000 	5.440321e-001 	-5.833333e-001 	0.000000e+000 
-17.400000 	5.407978e-001 	-5.800000e-001 	0.000000e+000 
-17.300000 	5.375686e-001 	-5.766667e-001 	0.000000e+000 
-17.200000 	5.343443e-001 	-5.733333e-001 	0.000000e+000 
-17.100000 	5.311251e-001 	-5.700000e-001 	0.000000e+000 
-17.000000 	5.279110e-001 	-5.666667e-001 	0.000000e+000 
-16.900000 	5.247019e-001 	-5.633333e-001 	0.000000e+000 
-16.800000 	5.214980e-001 	-5.600000e-001 	0.000000e+000 
-16.700000 	5.182992e-001 	-5.566667e-001 	0.000000e+000 
-16.600000 	5.151056e-001 	-5.533333e-001 	0.000000e+000 
-16.500000 	5.119171e-001 	-5.500000e-001 	0.000000e+000 
-16.400000 	5.087339e-001 	-5.466667e-001 	0.000000e+000 
-16.300000 	5.055559e-001 	-5.433333e-001 	0.000000e+000 
-16.200000 	5.023831e-001 	-5.400000e-001 	0.000000e+000 
-16.100000 	4.992156e-001 	-5.366667e-001 	0.000000e+000 
-16.000000 	4.960534e-001 	-5.333333e-001 	0.000000e+000 
-15.900000 	4.928966e-001 	-5.300000e-001 	0.000000e+000 
-15.800000 	4.897450e-001 	-5.266667e-001 	0.000000e+000 
-15.700000 	4.865988e-001 	-5.233333e-001 	0.000000e+000 
-15.600000 	4.834580e-001 	-5.200000e-001 	0.000000e+000 
-15.500000 	4.803226e-001 	-5.166667e-001 	0.000000e+000 
-15.400000 	4.771926e-001 	-5.133333e-001 	0.000000e+000 
-15.300000 	4.740681e-001 	-5.100000e-001 	0.000000e+000 
-15.200000 	4.709490e-001 	-5.066667e-001 	0.000000e+000 
-15.100000 	4.678354e-001 	-5.033333e-001 	0.000000e+000 
-15.000000 	4.647272e-001 	-5.000000e-001 	0.000000e+000 
-14.900000 	4.616246e-001 	-4.966667e-001 	0.000000e+000 
-14.800000 	4.585275e-001 	-4.933333e-001 	0.000000e+000 
-14.700000 	4.554360e-001 	-4.900000e-001 	0.000000e+000 
-14.600000 	4.523500e-001 	-4.866667e-001 	0.000000e+000 
-14.500000 	4.492696e-001 	-4.833333e-001 	0.000000e+000 
-14.400000 	4.461947e-001 	-4.800000e-001 	0.000000e+000 
-14.300000 	4.431255e-001 	-4.766667e-001 	0.000000e+000 
-14.200000 	4.400620e-001 	-4.733333e-001 	0.000000e+000 
-14.100000 	4.370040e-001 	-4.700000e-001 	0.000000e+000 
-14.000000 	4.339518e-001 	-4.666667e-001 	0.000000e+000 
-13.900000 	4.309052e-001 	-4.633333e-001 	0.000000e+000 
-13.800000 	4.278643e-001 	-4.600000e-001 	0.000000e+000 
-13.700000 	4.248291e-001 	-4.566667e-001 	0.000000e+000 
-13.600000 	4.217996e-001 	-4.533333e-001 	0.000000e+000 
-13.500000 	4.187758e-001 	-4.500000e-001 	0.000000e+000 
-13.400000 	4.157578e-001 	-4.466667e-001 	0.000000e+000 
-13.300000 	4.127455e-001 	-4.433333e-001 	0.000000e+000 
-13.200000 	4.097390e-001 	-4.400000e-001 	0.000000e+000 
-13.100000 	4.067383e-001 	-4.366667e-001 	0.000000e+000 
-13.000000 	4.037434e-001 	-4.333333e-001 	0.000000e+000 
-12.900000 	4.007543e-001 	-4.300000e-001 	0.000000e+000 
-12.800000 	3.977709e-001 	-4.266667e-001 	0.000000e+000 
-12.700000 	3.947935e-001 	-4.233333e-001 	0.000000e+000 
-12.600000 	3.918218e-001 	-4.200000e-001 	0.000000e+000 
-12.500000 	3.888560e-001 	-4.166667e-001 	0.000000e+000 
-12.400000 	3.858961e-001 	-4.133333e-001 	0.000000e+000 
-12.300000 	3.829420e-001 	-4.100000e-001 	0.000000e+000 
-12.200000 	3.799938e-001 	-4.066667e-001 	0.000000e+000 
-12.100000 	3.770515e-001 	-4.033333e-001 	0.000000e+000 
-12.000000 	3.741151e-001 	-4.000000e-001 	0.000000e+000 
-11.900000 	3.711846e-001 	-3.966667e-001 	0.000000e+000 
-11.800000 	3.682600e-001 	-3.933333e-001 	0.000000e+000 
-11.700000 	3.653413e-001 	-3.900000e-001 	0.000000e+000 
-11.600000 	3.624286e-001 	-3.866667e-001 	0.000000e+000 
-11.500000 	3.595217e-001 	-3.833333e-001 	0.000000e+000 
-11.400000 	3.566209e-001 	-3.800000e-001 	0.000000e+000 
-11.300000 	3.537259e-001 	-3.766667e-001 	0.000000e+000 
-11.200000 	3.508369e-001 	-3.733333e-001 	0.000000e+000 
-11.100000 	3.479539e-001 	-3.700000e-001 	0.000000e+000 
-11.000000 	3.450769e-001 	-3.666667e-001 	0.000000e+000 
-10.900000 	3.422058e-001 	-3.633333e-001 	0.000000e+000 
-10.800000 	3.393407e-001 	-3.600000e-001 	0.000000e+000 
-10.700000 	3.364816e-001 	-3.566667e-001 	0.000000e+000 
-10.600000 	3.336284e-001 	-3.533333e-001 	0.000000e+000 
-10.500000 	3.307813e-001 	-3.500000e-001 	0.000000e+000 
-10.400000 	3.279402e-001 	-3.466667e-001 	0.000000e+000 
-10.300000 	3.251050e-001 	-3.433333e-001 	0.000000e+000 
-10.200000 	3.222759e-001 	-3.400000e-001 	0.000000e+000 
-10.100000 	3.194527e-001 	-3.366667e-001 	0.000000e+000 
-10.000000 	3.166356e-001 	-3.333333e-001 	0.000000e+000 
-9.900000 	3.138245e-001 	-3.300000e-001 	0.000000e+000 
-9.800000 	3.110194e-001 	-3.266667e-001 	0.000000e+000 
-9.700000 	3.082203e-001 	-3.233333e-001 	0.000000e+000 
-9.600000 	3.054272e-001 	-3.200000e-001 	0.000000e+000 
-9.500000 	3.026401e-001 	-3.166667e-001 	0.000000e+000 
-9.400000 	2.998591e-001 	-3.133333e-001 	0.000000e+000 
-9.300000 	2.970841e-001 	-3.100000e-001 	0.000000e+000 
-9.200000 	2.943151e-001 	-3.066667e-001 	0.000000e+000 
-9.100000 	2.915521e-001 	-3.033333e-001 	0.000000e+000 
-9.000000 	2.887952e-001 	-3.000000e-001 	0.000000e+000 
-8.900000 	2.860443e-001 	-2.966667e-001 	0.000000e+000 
-8.800000 	2.832994e-001 	-2.933333e-001 	0.000000e+000 
-8.700000 	2.805605e-001 	-2.900000e-001 	0.000000e+000 
-8.600000 	2.778276e-001 	-2.866667e-001 	0.000000e+000 
-8.500000 	2.751008e-001 	-2.833333e-001 	0.000000e+000 
-8.400000 	2.723800e-001 	-2.800000e-001 	0.000000e+000 
-8.300000 	2.696652e-001 	-2.766667e-001 	0.000000e+000 
-8.200000 	2.669564e-001 	-2.733333e-001 	0.000000e+000 
-8.100000 	2.642536e-001 	-2.700000e-001 	0.000000e+000 
-8.000000 	2.615569e-001 	-2.666667e-001 	0.000000e+000 
-7.900000 	2.588662e-001 	-2.633333e-001 	0.000000e+000 
-7.800000 	2.561814e-001 	-2.600000e-001 	0.000000e+000 
-7.700000 	2.535027e-001 	-2.566667e-001 	0.000000e+000 
-7.600000 	2.508300e-001 	-2.533333e-001 	0.000000e+000 
-7.500000 	2.481632e-001 	-2.500000e-001 	0.000000e+000 
-7.400000 	2.455025e-001 	-2.466667e-001 	0.000000e+000 
-7.300000 	2.428477e-001 	-2.433333e-001 	0.000000e+000 
-7.200000 	2.401990e-001 	-2.400000e-001 	0.000000e+000 
-7.100000 	2.375559e-001 	-2.366667e-001 	0.000000e+000 
-7.000000 	2.349195e-001 	-2.333333e-001 	0.000000e+000 
-6.900000 	2.322887e-001 	-2.300000e-001 	0.000000e+000 
-6.800000 	2.296638e-001 	-2.266667e-001 	0.000000e+000 
-6.700000 	2.270449e-001 	-2.233333e-001 	0.000000e+000 
-6.600000 	2.244320e-001 	-2.200000e-001 	0.000000e+000 
-6.500000 	2.218251e-001 	-2.166667e-001 	0.000000e+000 
-6.400000 	2.192240e-001 	-2.133333e-001 	0.000000e+000 
-6.300000 	2.166290e-001 	-2.100000e-001 	0.000000e+000 
-6.200000 	2.140398e-001 	-2.066667e-001 	0.000000e+000 
-6.100000 	2.114566e-001 	-2.033333e-001 	0.000000e+000 
-6.000000 	2.088794e-001 	-2.000000e-001 	0.000000e+000 
-5.900000 	2.063080e-001 	-1.966667e-001 	0.000000e+000 
-5.800000 	2.037426e-001 	-1.933333e-001 	0.000000e+000 
-5.700000 	2.011830e-001 	-1.900000e-001 	0.000000e+000 
-5.600000 	1.986294e-001 	-1.866667e-001 	0.000000e+000 
-5.500000 	1.960816e-001 	-1.833333e-001 	0.000000e+000 
-5.400000 	1.935398e-001 	-1.800000e-001 	0.000000e+000 
-5.300000 	1.910038e-001 	-1.766667e-001 	0.000000e+000 
-5.200000 	1.884737e-001 	-1.733333e-001 	0.000000e+000 
-5.100000 	1.859494e-001 	-1.700000e-001 	0.000000e+000 
-5.000000 	1.834310e-001 	-1.666667e-001 	0.000000e+000 
-4.900000 	1.809184e-001 	-1.633333e-001 	0.000000e+000 
-4.800000 	1.784117e-001 	-1.600000e-001 	0.000000e+000 
-4.700000 	1.759108e-001 	-1.566667e-001 	0.000000e+000 
-4.600000 	1.734158e-001 	-1.533333e-001 	0.000000e+000 
-4.500000 	1.709265e-001 	-1.500000e-001 	0.000000e+000 
-4.400000 	1.684430e-001 	-1.466667e-001 	0.000000e+000 
-4.300000 	1.659654e-001 	-1.433333e-001 	0.000000e+000 
-4.200000 	1.634935e-001 	-1.400000e-001 	0.000000e+000 
-4.100000 	1.610274e-001 	-1.366667e-001 	0.000000e+000 
-4.000000 	1.585670e-001 	-1.333333e-001 	0.000000e+000 
-3.900000 	1.561124e-001 	-1.300000e-001 	0.000000e+000 
-3.800000 	1.536636e-001 	-1.266667e-001 	0.000000e+000 
-3.700000 	1.512205e-001 	-1.233333e-001 	0.000000e+000 
-3.600000 	1.487831e-001 	-1.200000e-001 	0.000000e+000 
-3.500000 	1.463514e-001 	-1.166667e-001 	0.000000e+000 
-3.400000 	1.439255e-001 	-1.133333e-001 	0.000000e+000 
-3.300000 	1.415052e-001 	-1.100000e-001 	0.000000e+000 
-3.200000 	1.390906e-001 	-1.066667e-001 	0.000000e+000 
-3.100000 	1.366817e-001 	-1.033333e-001 	0.000000e+000 
-3.000000 	1.342785e-001 	-1.000000e-001 	0.000000e+000 
-2.900000 	1.318809e-001 	-9.666667e-002 	0.000000e+000 
-2.800000 	1.294889e-001 	-9.333333e-002 	0.000000e+000 
-2.700000 	1.271026e-001 	-9.000000e-002 	0.000000e+000 
-2.600000 	1.247219e-001 	-8.666667e-002 	0.000000e+000 
-2.500000 	1.223468e-001 	-8.333333e-002 	0.000000e+000 
-2.400000 	1.199773e-001 	-8.000000e-002 	0.000000e+000 
-2.300000 	1.176138e-001 	-7.666667e-002 	0.000000e+000 
-2.200000 	1.152555e-001 	-7.333333e-002 	0.000000e+000 
-2.100000 	1.129028e-001 	-7.000000e-002 	0.000000e+000 
-2.000000 	1.105556e-001 	-6.666667e-002 	0.000000e+000 
-1.900000 	1.082139e-001 	-6.333333e-002 	0.000000e+000 
-1.800000 	1.058778e-001 	-6.000000e-002 	0.000000e+000 
-1.700000 	1.035472e-001 	-5.666667e-002 	0.000000e+000 
-1.600000 	1.012222e-001 	-5.333333e-002 	0.000000e+000 
-1.500000 	9.890257e-002 	-5.000000e-002 	0.000000e+000 
-1.400000 	9.658846e-002 	-4.666667e-002 	0.000000e+000 
-1.300000 	9.427982e-002 	-4.333333e-002 	0.000000e+000 
-1.200000 	9.197664e-002 	-4.000000e-002 	0.000000e+000 
-1.100000 	8.967891e-002 	-3.666667e-002 	0.000000e+000 
-1.000000 	8.738660e-002 	-3.333333e-002 	0.000000e+000 
-0.900000 	8.509972e-002 	-3.000000e-002 	0.000000e+000 
-0.800000 	8.281825e-002 	-2.666667e-002 	0.000000e+000 
-0.700000 	8.054217e-002 	-2.333333e-002 	0.000000e+000 
-0.600000 	7.827147e-002 	-2.000000e-002 	0.000000e+000 
-0.500000 	7.600614e-002 	-1.666667e-002 	0.000000e+000 
-0.400000 	7.374617e-002 	-1.333333e-002 	0.000000e+000 
-0.300000 	7.149155e-002 	-1.000000e-002 	0.000000e+000 
-0.200000 	6.924225e-002 	-6.666667e-003 	0.000000e+000 
-0.100000 	6.699828e-002 	-3.333333e-003 	0.000000e+000 
0.000000 	6.475961e-002 	0.000000e+000 	0.000000e+000 
0.100000 	6.252623e-002 	3.333333e-003 	0.000000e+000 
0.200000 	6.029813e-002 	6.666667e-003 	0.000000e+000 
0.300000 	5.807529e-002 	1.000000e-002 	0.000000e+000 
0.400000 	5.585771e-002 	1.333333e-002 	0.000000e+000 
0.500000 	5.364537e-002 	1.666667e-002 	0.000000e+000 
0.600000 	5.143825e-002 	2.000000e-002 	0.000000e+000 
0.700000 	4.923635e-002 	2.333333e-002 	0.000000e+000 
0.800000 	4.703964e-002 	2.666667e-002 	0.000000e+000 
0.900000 	4.484812e-002 	3.000000e-002 	0.000000e+000 
1.000000 	4.266178e-002 	3.333333e-002 	0.000000e+000 
1.100000 	4.048059e-002 	3.666667e-002 	0.000000e+000 
1.200000 	3.830455e-002 	4.000000e-002 	0.000000e+000 
1.300000 	3.613363e-002 	4.333333e-002 	0.000000e+000 
1.400000 	3.396784e-002 	4.666667e-002 	0.000000e+000 
1.500000 	3.180715e-002 	5.000000e-002 	0.000000e+000 
1.600000 	2.965156e-002 	5.333333e-002 	0.000000e+000 
1.700000 	2.750104e-002 	5.666667e-002 	0.000000e+000 
1.800000 	2.535558e-002 	6.000000e-002 	0.000000e+000 
1.900000 	2.321517e-002 	6.333333e-002 	0.000000e+000 
2.000000 	2.107980e-002 	6.666667e-002 	0.000000e+000 
2.100000 	1.894945e-002 	7.000000e-002 	0.000000e+000 
2.200000 	1.682411e-002 	7.333333e-002 	0.000000e+000 
2.300000 	1.470376e-002 	7.666667e-002 	0.000000e+000 
2.400000 	1.258839e-002 	8.000000e-002 	0.000000e+000 
2.500000 	1.047799e-002 	8.333333e-002 	0.000000e+000 
2.600000 	8.372545e-003 	8.666667e-002 	0.000000e+000 
2.700000 	6.272035e-003 	9.000000e-002 	0.000000e+000 
2.800000 	4.176451e-003 	9.333333e-002 	0.000000e+000 
2.900000 	2.085777e-003 	9.666667e-002 	0.000000e+000 
3.000000 	0.000000e+000 	1.000000e-001 	0.000000e+000 
3.100000 	0.000000e+000 	1.033333e-001 	0.000000e+000 
3.200000 	0.000000e+000 	1.066667e-001 	0.000000e+000 
3.300000 	0.000000e+000 	1.100000e-001 	0.000000e+000 
3.400000 	0.000000e+000 	1.133333e-001 	0.000000e+000 
3.500000 	0.000000e+000 	1.166667e-001 	0.000000e+000 
3.600000 	0.000000e+000 	1.200000e-001 	0.000000e+000 
3.700000 	0.000000e+000 	1.233333e-001 	0.000000e+000 
3.800000 	0.000000e+000 	1.266667e-001 	0.000000e+000 
3.900000 	0.000000e+000 	1.300000e-001 	0.000000e+000 
4.000000 	0.000000e+000 	1.333333e-001 	0.000000e+000 
4.100000 	0.000000e+000 	1.366667e-001 	0.000000e+000 
4.200000 	0.000000e+000 	1.400000e-001 	0.000000e+000 
4.300000 	0.000000e+000 	1.433333e-001 	0.000000e+000 
4.400000 	0.000000e+000 	1.466667e-001 	0.000000e+000 
4.500000 	0.000000e+000 	1.500000e-001 	0.000000e+000 
4.600000 	0.000000e+000 	1.533333e-001 	0.000000e+000 
4.700000 	0.000000e+000 	1.566667e-001 	0.000000e+000 
4.800000 	0.000000e+000 	1.600000e-001 	0.000000e+000 
4.900000 	0.000000e+000 	1.633333e-001 	0.000000e+000 
5.000000 	0.000000e+000 	1.666667e-001 	0.000000e+000 
5.100000 	0.000000e+000 	1.700000e-001 	0.000000e+000 
5.200000 	0.000000e+000 	1.733333e-001 	0.000000e+000 
5.300000 	0.000000e+000 	1.766667e-001 	0.000000e+000 
5.400000 	0.000000e+000 	1.800000e-001 	0.000000e+000 
5.500000 	0.000000e+000 	1.833333e-001 	0.000000e+000 
5.600000 	0.000000e+000 	1.866667e-001 	0.000000e+000 
5.700000 	0.000000e+000 	1.900000e-001 	0.000000e+000 
5.800000 	0.000000e+000 	1.933333e-001 	0.000000e+000 
5.900000 	0.000000e+000 	1.966667e-001 	0.000000e+000 
6.000000 	0.000000e+000 	2.000000e-001 	0.000000e+000 
6.100000 	0.000000e+000 	2.033333e-001 	0.000000e+000 
6.200000 	0.000000e+000 	2.066667e-001 	0.000000e+000 
6.300000 	0.000000e+000 	2.100000e-001 	0.000000e+000 
6.400000 	0.000000e+000 	2.133333e-001 	0.000000e+000 
6.500000 	0.000000e+000 	2.166667e-001 	0.000000e+000 
6.600000 	0.000000e+000 	2.200000e-001 	0.000000e+000 
6.700000 	0.000000e+000 	2.233333e-001 	0.000000e+000 
6.800000 	0.000000e+000 	2.266667e-001 	0.000000e+000 
6.900000 	0.000000e+000 	2.300000e-001 	0.000000e+000 
7.000000 	0.000000e+000 	2.333333e-001 	0.000000e+000 
7.100000 	0.000000e+000 	2.366667e-001 	0.000000e+000 
7.200000 	0.000000e+000 	2.400000e-001 	0.000000e+000 
7.300000 	0.000000e+000 	2.433333e-001 	0.000000e+000 
7.400000 	0.000000e+000 	2.466667e-001 	0.000000e+000 
7.500000 	0.000000e+000 	2.500000e-001 	0.000000e+000 
7.600000 	0.000000e+000 	2.533333e-001 	0.000000e+000 
7.700000 	0.000000e+000 	2.566667e-001 	0.000000e+000 
7.800000 	0.000000e+000 	2.600000e-001 	0.000000e+000 
7.900000 	0.000000e+000 	2.633333e-001 	0.000000e+000 
8.000000 	0.000000e+000 	2.666667e-001 	0.000000e+000 
8.100000 	0.000000e+000 	2.700000e-001 	0.000000e+000 
8.200000 	0.000000e+000 	2.733333e-001 	0.000000e+000 
8.300000 	0.000000e+000 	2.766667e-001 	0.000000e+000 
8.400000 	0.000000e+000 	2.800000e-001 	0.000000e+000 
8.500000 	0.000000e+000 	2.833333e-001 	0.000000e+000 
8.600000 	0.000000e+000 	2.866667e-001 	0.000000e+000 
8.700000 	0.000000e+000 	2.900000e-001 	0.000000e+000 
8.800000 	0.000000e+000 	2.933333e-001 	0.000000e+000 
8.900000 	0.000000e+000 	2.966667e-001 	0.000000e+000 
9.000000 	0.000000e+000 	3.000000e-001 	0.000000e+000 
9.100000 	0.000000e+000 	3.033333e-001 	0.000000e+000 
9.200000 	0.000000e+000 	3.066667e-001 	0.000000e+000 
9.300000 	0.000000e+000 	3.100000e-001 	0.000000e+000 
9.400000 	0.000000e+000 	3.133333e-001 	0.000000e+000 
9.500000 	0.000000e+000 	3.166667e-001 	0.000000e+000 
9.600000 	0.000000e+000 	3.200000e-001 	0.000000e+000 
9.700000 	0.000000e+000 	3.233333e-001 	0.000000e+000 
9.800000 	0.000000e+000 	3.266667e-001 	0.000000e+000 
9.900000 	0.000000e+000 	3.300000e-001 	0.000000e+000 
