VARIABLES = X,Ksi,B,H,U,tau 
ZONE T="Time 45.000000", I=1100, DATAPACKING=POINT
-100.000000	-0.003158	-3.333333	3.330175	0.038725 	0.003501
-99.900000	-0.001255	-3.330000	3.328745	0.035639 	0.003502
-99.800000	-0.001991	-3.326667	3.324676	0.037082 	0.003504
-99.700000	-0.001593	-3.323333	3.321740	0.036577 	0.003505
-99.600000	-0.001682	-3.320000	3.318318	0.036908 	0.003507
-99.500000	-0.001562	-3.316667	3.315105	0.036880 	0.003509
-99.400000	-0.001531	-3.313333	3.311802	0.037005 	0.003511
-99.300000	-0.001462	-3.310000	3.308538	0.037064 	0.003512
-99.200000	-0.001409	-3.306667	3.305258	0.037150 	0.003514
-99.100000	-0.001348	-3.303333	3.301985	0.037224 	0.003516
-99.000000	-0.001291	-3.300000	3.298709	0.037302 	0.003518
-98.900000	-0.001233	-3.296667	3.295434	0.037377 	0.003519
-98.800000	-0.001174	-3.293333	3.292159	0.037453 	0.003521
-98.700000	-0.001116	-3.290000	3.288884	0.037528 	0.003523
-98.600000	-0.001057	-3.286667	3.285610	0.037603 	0.003525
-98.500000	-0.000999	-3.283333	3.282334	0.037677 	0.003526
-98.400000	-0.000940	-3.280000	3.279060	0.037750 	0.003528
-98.300000	-0.000881	-3.276667	3.275786	0.037823 	0.003530
-98.200000	-0.000822	-3.273333	3.272511	0.037895 	0.003532
-98.100000	-0.000763	-3.270000	3.269237	0.037966 	0.003533
-98.000000	-0.000703	-3.266667	3.265964	0.038037 	0.003535
-97.900000	-0.000644	-3.263333	3.262689	0.038108 	0.003537
-97.800000	-0.000584	-3.260000	3.259416	0.038178 	0.003539
-97.700000	-0.000525	-3.256667	3.256142	0.038247 	0.003541
-97.600000	-0.000465	-3.253333	3.252868	0.038315 	0.003542
-97.500000	-0.000405	-3.250000	3.249595	0.038383 	0.003544
-97.400000	-0.000345	-3.246667	3.246322	0.038451 	0.003546
-97.300000	-0.000285	-3.243333	3.243048	0.038517 	0.003548
-97.200000	-0.000225	-3.240000	3.239775	0.038583 	0.003549
-97.100000	-0.000165	-3.236667	3.236502	0.038649 	0.003551
-97.000000	-0.000104	-3.233333	3.233229	0.038714 	0.003553
-96.900000	-0.000044	-3.230000	3.229956	0.038778 	0.003555
-96.800000	0.000017	-3.226667	3.226684	0.038841 	0.003557
-96.700000	0.000078	-3.223333	3.223411	0.038904 	0.003558
-96.600000	0.000139	-3.220000	3.220139	0.038966 	0.003560
-96.500000	0.000200	-3.216667	3.216867	0.039028 	0.003562
-96.400000	0.000261	-3.213333	3.213594	0.039089 	0.003564
-96.300000	0.000322	-3.210000	3.210322	0.039149 	0.003566
-96.200000	0.000383	-3.206667	3.207050	0.039209 	0.003568
-96.100000	0.000445	-3.203333	3.203778	0.039267 	0.003569
-96.000000	0.000506	-3.200000	3.200506	0.039326 	0.003571
-95.900000	0.000568	-3.196667	3.197235	0.039383 	0.003573
-95.800000	0.000630	-3.193333	3.193963	0.039440 	0.003575
-95.700000	0.000692	-3.190000	3.190692	0.039496 	0.003577
-95.600000	0.000754	-3.186667	3.187421	0.039551 	0.003578
-95.500000	0.000816	-3.183333	3.184149	0.039606 	0.003580
-95.400000	0.000878	-3.180000	3.180878	0.039660 	0.003582
-95.300000	0.000940	-3.176667	3.177607	0.039713 	0.003584
-95.200000	0.001003	-3.173333	3.174336	0.039766 	0.003586
-95.100000	0.001065	-3.170000	3.171065	0.039817 	0.003588
-95.000000	0.001128	-3.166667	3.167795	0.039868 	0.003590
-94.900000	0.001191	-3.163333	3.164524	0.039919 	0.003591
-94.800000	0.001254	-3.160000	3.161254	0.039968 	0.003593
-94.700000	0.001317	-3.156667	3.157984	0.040017 	0.003595
-94.600000	0.001380	-3.153333	3.154713	0.040065 	0.003597
-94.500000	0.001443	-3.150000	3.151443	0.040112 	0.003599
-94.400000	0.001507	-3.146667	3.148174	0.040158 	0.003601
-94.300000	0.001570	-3.143333	3.144903	0.040204 	0.003603
-94.200000	0.001634	-3.140000	3.141634	0.040249 	0.003604
-94.100000	0.001697	-3.136667	3.138364	0.040293 	0.003606
-94.000000	0.001761	-3.133333	3.135094	0.040336 	0.003608
-93.900000	0.001825	-3.130000	3.131825	0.040379 	0.003610
-93.800000	0.001889	-3.126667	3.128556	0.040420 	0.003612
-93.700000	0.001954	-3.123333	3.125287	0.040461 	0.003614
-93.600000	0.002018	-3.120000	3.122018	0.040501 	0.003616
-93.500000	0.002082	-3.116667	3.118749	0.040540 	0.003618
-93.400000	0.002147	-3.113333	3.115480	0.040578 	0.003620
-93.300000	0.002212	-3.110000	3.112212	0.040616 	0.003621
-93.200000	0.002277	-3.106667	3.108944	0.040652 	0.003623
-93.100000	0.002342	-3.103333	3.105675	0.040688 	0.003625
-93.000000	0.002407	-3.100000	3.102407	0.040723 	0.003627
-92.900000	0.002472	-3.096667	3.099139	0.040757 	0.003629
-92.800000	0.002537	-3.093333	3.095870	0.040790 	0.003631
-92.700000	0.002603	-3.090000	3.092603	0.040822 	0.003633
-92.600000	0.002668	-3.086667	3.089335	0.040853 	0.003635
-92.500000	0.002734	-3.083333	3.086067	0.040884 	0.003637
-92.400000	0.002800	-3.080000	3.082800	0.040913 	0.003639
-92.300000	0.002866	-3.076667	3.079533	0.040941 	0.003641
-92.200000	0.002932	-3.073333	3.076265	0.040969 	0.003643
-92.100000	0.002999	-3.070000	3.072999	0.040996 	0.003644
-92.000000	0.003065	-3.066667	3.069732	0.041021 	0.003646
-91.900000	0.003132	-3.063333	3.066465	0.041046 	0.003648
-91.800000	0.003198	-3.060000	3.063198	0.041070 	0.003650
-91.700000	0.003265	-3.056667	3.059932	0.041092 	0.003652
-91.600000	0.003332	-3.053333	3.056665	0.041114 	0.003654
-91.500000	0.003399	-3.050000	3.053399	0.041135 	0.003656
-91.400000	0.003466	-3.046667	3.050133	0.041155 	0.003658
-91.300000	0.003534	-3.043333	3.046867	0.041174 	0.003660
-91.200000	0.003601	-3.040000	3.043601	0.041192 	0.003662
-91.100000	0.003669	-3.036667	3.040336	0.041208 	0.003664
-91.000000	0.003737	-3.033333	3.037070	0.041224 	0.003666
-90.900000	0.003805	-3.030000	3.033805	0.041239 	0.003668
-90.800000	0.003873	-3.026667	3.030540	0.041253 	0.003670
-90.700000	0.003941	-3.023333	3.027274	0.041265 	0.003672
-90.600000	0.004010	-3.020000	3.024010	0.041277 	0.003674
-90.500000	0.004078	-3.016667	3.020745	0.041288 	0.003676
-90.400000	0.004147	-3.013333	3.017480	0.041297 	0.003678
-90.300000	0.004216	-3.010000	3.014216	0.041306 	0.003680
-90.200000	0.004285	-3.006667	3.010952	0.041314 	0.003682
-90.100000	0.004354	-3.003333	3.007687	0.041320 	0.003684
-90.000000	0.004423	-3.000000	3.004423	0.041325 	0.003686
-89.900000	0.004492	-2.996667	3.001159	0.041330 	0.003688
-89.800000	0.004562	-2.993333	2.997895	0.041333 	0.003690
-89.700000	0.004632	-2.990000	2.994632	0.041335 	0.003692
-89.600000	0.004701	-2.986667	2.991368	0.041336 	0.003694
-89.500000	0.004771	-2.983333	2.988104	0.041336 	0.003696
-89.400000	0.004841	-2.980000	2.984841	0.041335 	0.003698
-89.300000	0.004911	-2.976667	2.981578	0.041333 	0.003700
-89.200000	0.004982	-2.973333	2.978315	0.041330 	0.003702
-89.100000	0.005052	-2.970000	2.975052	0.041325 	0.003704
-89.000000	0.005123	-2.966667	2.971790	0.041320 	0.003706
-88.900000	0.005193	-2.963333	2.968526	0.041313 	0.003708
-88.800000	0.005264	-2.960000	2.965264	0.041305 	0.003710
-88.700000	0.005335	-2.956667	2.962002	0.041297 	0.003712
-88.600000	0.005406	-2.953333	2.958739	0.041287 	0.003714
-88.500000	0.005477	-2.950000	2.955477	0.041276 	0.003716
-88.400000	0.005548	-2.946667	2.952215	0.041263 	0.003718
-88.300000	0.005619	-2.943333	2.948952	0.041250 	0.003720
-88.200000	0.005691	-2.940000	2.945691	0.041236 	0.003722
-88.100000	0.005762	-2.936667	2.942429	0.041220 	0.003724
-88.000000	0.005834	-2.933333	2.939167	0.041204 	0.003727
-87.900000	0.005905	-2.930000	2.935905	0.041186 	0.003729
-87.800000	0.005977	-2.926667	2.932644	0.041167 	0.003731
-87.700000	0.006049	-2.923333	2.929382	0.041148 	0.003733
-87.600000	0.006121	-2.920000	2.926121	0.041127 	0.003735
-87.500000	0.006193	-2.916667	2.922860	0.041105 	0.003737
-87.400000	0.006265	-2.913333	2.919598	0.041081 	0.003739
-87.300000	0.006337	-2.910000	2.916337	0.041057 	0.003741
-87.200000	0.006409	-2.906667	2.913076	0.041032 	0.003743
-87.100000	0.006481	-2.903333	2.909814	0.041005 	0.003745
-87.000000	0.006553	-2.900000	2.906553	0.040978 	0.003747
-86.900000	0.006626	-2.896667	2.903293	0.040949 	0.003749
-86.800000	0.006698	-2.893333	2.900031	0.040919 	0.003752
-86.700000	0.006770	-2.890000	2.896770	0.040889 	0.003754
-86.600000	0.006843	-2.886667	2.893510	0.040857 	0.003756
-86.500000	0.006915	-2.883333	2.890248	0.040824 	0.003758
-86.400000	0.006987	-2.880000	2.886987	0.040790 	0.003760
-86.300000	0.007060	-2.876667	2.883727	0.040755 	0.003762
-86.200000	0.007132	-2.873333	2.880465	0.040719 	0.003764
-86.100000	0.007205	-2.870000	2.877205	0.040682 	0.003766
-86.000000	0.007277	-2.866667	2.873944	0.040643 	0.003769
-85.900000	0.007349	-2.863333	2.870682	0.040604 	0.003771
-85.800000	0.007422	-2.860000	2.867422	0.040564 	0.003773
-85.700000	0.007494	-2.856667	2.864161	0.040522 	0.003775
-85.600000	0.007566	-2.853333	2.860899	0.040480 	0.003777
-85.500000	0.007639	-2.850000	2.857639	0.040437 	0.003779
-85.400000	0.007711	-2.846667	2.854378	0.040392 	0.003781
-85.300000	0.007783	-2.843333	2.851116	0.040347 	0.003784
-85.200000	0.007855	-2.840000	2.847855	0.040300 	0.003786
-85.100000	0.007927	-2.836667	2.844594	0.040252 	0.003788
-85.000000	0.007999	-2.833333	2.841332	0.040204 	0.003790
-84.900000	0.008071	-2.830000	2.838071	0.040154 	0.003792
-84.800000	0.008143	-2.826667	2.834810	0.040104 	0.003795
-84.700000	0.008215	-2.823333	2.831548	0.040052 	0.003797
-84.600000	0.008287	-2.820000	2.828287	0.039999 	0.003799
-84.500000	0.008358	-2.816667	2.825025	0.039946 	0.003801
-84.400000	0.008430	-2.813333	2.821763	0.039891 	0.003803
-84.300000	0.008501	-2.810000	2.818501	0.039835 	0.003805
-84.200000	0.008573	-2.806667	2.815240	0.039779 	0.003808
-84.100000	0.008644	-2.803333	2.811977	0.039721 	0.003810
-84.000000	0.008715	-2.800000	2.808715	0.039662 	0.003812
-83.900000	0.008786	-2.796667	2.805453	0.039603 	0.003814
-83.800000	0.008857	-2.793333	2.802190	0.039542 	0.003817
-83.700000	0.008928	-2.790000	2.798928	0.039480 	0.003819
-83.600000	0.008999	-2.786667	2.795666	0.039418 	0.003821
-83.500000	0.009069	-2.783333	2.792402	0.039354 	0.003823
-83.400000	0.009140	-2.780000	2.789140	0.039289 	0.003825
-83.300000	0.009210	-2.776667	2.785877	0.039224 	0.003828
-83.200000	0.009280	-2.773333	2.782613	0.039157 	0.003830
-83.100000	0.009350	-2.770000	2.779350	0.039089 	0.003832
-83.000000	0.009420	-2.766667	2.776087	0.039021 	0.003834
-82.900000	0.009490	-2.763333	2.772823	0.038951 	0.003837
-82.800000	0.009559	-2.760000	2.769559	0.038881 	0.003839
-82.700000	0.009629	-2.756667	2.766296	0.038809 	0.003841
-82.600000	0.009698	-2.753333	2.763031	0.038736 	0.003843
-82.500000	0.009767	-2.750000	2.759767	0.038663 	0.003846
-82.400000	0.009836	-2.746667	2.756503	0.038588 	0.003848
-82.300000	0.009905	-2.743333	2.753238	0.038513 	0.003850
-82.200000	0.009974	-2.740000	2.749974	0.038436 	0.003853
-82.100000	0.010042	-2.736667	2.746709	0.038359 	0.003855
-82.000000	0.010111	-2.733333	2.743444	0.038280 	0.003857
-81.900000	0.010179	-2.730000	2.740179	0.038201 	0.003859
-81.800000	0.010247	-2.726667	2.736914	0.038120 	0.003862
-81.700000	0.010314	-2.723333	2.733647	0.038038 	0.003864
-81.600000	0.010382	-2.720000	2.730382	0.037956 	0.003866
-81.500000	0.010449	-2.716667	2.727116	0.037872 	0.003869
-81.400000	0.010517	-2.713333	2.723850	0.037788 	0.003871
-81.300000	0.010584	-2.710000	2.720584	0.037702 	0.003873
-81.200000	0.010651	-2.706667	2.717318	0.037616 	0.003876
-81.100000	0.010717	-2.703333	2.714050	0.037528 	0.003878
-81.000000	0.010784	-2.700000	2.710784	0.037440 	0.003880
-80.900000	0.010850	-2.696667	2.707517	0.037350 	0.003883
-80.800000	0.010916	-2.693333	2.704249	0.037259 	0.003885
-80.700000	0.010982	-2.690000	2.700982	0.037168 	0.003887
-80.600000	0.011047	-2.686667	2.697714	0.037075 	0.003890
-80.500000	0.011113	-2.683333	2.694446	0.036981 	0.003892
-80.400000	0.011178	-2.680000	2.691178	0.036887 	0.003894
-80.300000	0.011243	-2.676667	2.687910	0.036791 	0.003897
-80.200000	0.011308	-2.673333	2.684641	0.036694 	0.003899
-80.100000	0.011372	-2.670000	2.681372	0.036597 	0.003902
-80.000000	0.011437	-2.666667	2.678104	0.036498 	0.003904
-79.900000	0.011501	-2.663333	2.674834	0.036398 	0.003906
-79.800000	0.011565	-2.660000	2.671565	0.036297 	0.003909
-79.700000	0.011628	-2.656667	2.668295	0.036195 	0.003911
-79.600000	0.011692	-2.653333	2.665025	0.036093 	0.003914
-79.500000	0.011755	-2.650000	2.661755	0.035989 	0.003916
-79.400000	0.011818	-2.646667	2.658485	0.035884 	0.003918
-79.300000	0.011880	-2.643333	2.655213	0.035778 	0.003921
-79.200000	0.011943	-2.640000	2.651943	0.035671 	0.003923
-79.100000	0.012005	-2.636667	2.648672	0.035563 	0.003926
-79.000000	0.012067	-2.633333	2.645400	0.035454 	0.003928
-78.900000	0.012129	-2.630000	2.642129	0.035344 	0.003930
-78.800000	0.012190	-2.626667	2.638857	0.035232 	0.003933
-78.700000	0.012251	-2.623333	2.635584	0.035120 	0.003935
-78.600000	0.012312	-2.620000	2.632312	0.035007 	0.003938
-78.500000	0.012373	-2.616667	2.629040	0.034893 	0.003940
-78.400000	0.012433	-2.613333	2.625766	0.034777 	0.003943
-78.300000	0.012493	-2.610000	2.622493	0.034661 	0.003945
-78.200000	0.012553	-2.606667	2.619220	0.034544 	0.003948
-78.100000	0.012613	-2.603333	2.615946	0.034425 	0.003950
-78.000000	0.012672	-2.600000	2.612672	0.034306 	0.003953
-77.900000	0.012731	-2.596667	2.609398	0.034185 	0.003955
-77.800000	0.012790	-2.593333	2.606123	0.034064 	0.003957
-77.700000	0.012849	-2.590000	2.602849	0.033941 	0.003960
-77.600000	0.012907	-2.586667	2.599574	0.033817 	0.003962
-77.500000	0.012965	-2.583333	2.596298	0.033692 	0.003965
-77.400000	0.013022	-2.580000	2.593022	0.033567 	0.003967
-77.300000	0.013080	-2.576667	2.589747	0.033440 	0.003970
-77.200000	0.013137	-2.573333	2.586470	0.033312 	0.003972
-77.100000	0.013193	-2.570000	2.583193	0.033183 	0.003975
-77.000000	0.013250	-2.566667	2.579917	0.033053 	0.003978
-76.900000	0.013306	-2.563333	2.576639	0.032922 	0.003980
-76.800000	0.013362	-2.560000	2.573362	0.032790 	0.003983
-76.700000	0.013417	-2.556667	2.570084	0.032656 	0.003985
-76.600000	0.013473	-2.553333	2.566806	0.032522 	0.003988
-76.500000	0.013528	-2.550000	2.563528	0.032387 	0.003990
-76.400000	0.013582	-2.546667	2.560249	0.032250 	0.003993
-76.300000	0.013637	-2.543333	2.556970	0.032113 	0.003995
-76.200000	0.013691	-2.540000	2.553691	0.031974 	0.003998
-76.100000	0.013744	-2.536667	2.550411	0.031834 	0.004000
-76.000000	0.013798	-2.533333	2.547131	0.031694 	0.004003
-75.900000	0.013851	-2.530000	2.543851	0.031552 	0.004006
-75.800000	0.013903	-2.526667	2.540570	0.031409 	0.004008
-75.700000	0.013956	-2.523333	2.537289	0.031265 	0.004011
-75.600000	0.014008	-2.520000	2.534008	0.031120 	0.004013
-75.500000	0.014059	-2.516667	2.530726	0.030974 	0.004016
-75.400000	0.014111	-2.513333	2.527444	0.030827 	0.004019
-75.300000	0.014162	-2.510000	2.524162	0.030678 	0.004021
-75.200000	0.014212	-2.506667	2.520879	0.030529 	0.004024
-75.100000	0.014263	-2.503333	2.517596	0.030379 	0.004026
-75.000000	0.014313	-2.500000	2.514313	0.030227 	0.004029
-74.900000	0.014362	-2.496667	2.511029	0.030074 	0.004032
-74.800000	0.014412	-2.493333	2.507745	0.029921 	0.004034
-74.700000	0.014461	-2.490000	2.504461	0.029766 	0.004037
-74.600000	0.014509	-2.486667	2.501176	0.029610 	0.004040
-74.500000	0.014558	-2.483333	2.497891	0.029453 	0.004042
-74.400000	0.014605	-2.480000	2.494605	0.029295 	0.004045
-74.300000	0.014653	-2.476667	2.491320	0.029136 	0.004048
-74.200000	0.014700	-2.473333	2.488033	0.028976 	0.004050
-74.100000	0.014747	-2.470000	2.484747	0.028814 	0.004053
-74.000000	0.014793	-2.466667	2.481460	0.028652 	0.004056
-73.900000	0.014839	-2.463333	2.478172	0.028488 	0.004058
-73.800000	0.014885	-2.460000	2.474885	0.028324 	0.004061
-73.700000	0.014930	-2.456667	2.471597	0.028158 	0.004064
-73.600000	0.014975	-2.453333	2.468308	0.027991 	0.004066
-73.500000	0.015020	-2.450000	2.465020	0.027823 	0.004069
-73.400000	0.015064	-2.446667	2.461731	0.027654 	0.004072
-73.300000	0.015108	-2.443333	2.458441	0.027484 	0.004075
-73.200000	0.015151	-2.440000	2.455151	0.027313 	0.004077
-73.100000	0.015194	-2.436667	2.451861	0.027141 	0.004080
-73.000000	0.015237	-2.433333	2.448570	0.026967 	0.004083
-72.900000	0.015279	-2.430000	2.445279	0.026793 	0.004086
-72.800000	0.015321	-2.426667	2.441988	0.026617 	0.004088
-72.700000	0.015362	-2.423333	2.438695	0.026440 	0.004091
-72.600000	0.015403	-2.420000	2.435403	0.026263 	0.004094
-72.500000	0.015444	-2.416667	2.432111	0.026084 	0.004097
-72.400000	0.015484	-2.413333	2.428817	0.025904 	0.004099
-72.300000	0.015524	-2.410000	2.425524	0.025722 	0.004102
-72.200000	0.015563	-2.406667	2.422230	0.025540 	0.004105
-72.100000	0.015602	-2.403333	2.418935	0.025357 	0.004108
-72.000000	0.015641	-2.400000	2.415641	0.025172 	0.004111
-71.900000	0.015679	-2.396667	2.412346	0.024987 	0.004113
-71.800000	0.015717	-2.393333	2.409050	0.024800 	0.004116
-71.700000	0.015754	-2.390000	2.405754	0.024612 	0.004119
-71.600000	0.015791	-2.386667	2.402458	0.024423 	0.004122
-71.500000	0.015828	-2.383333	2.399161	0.024233 	0.004125
-71.400000	0.015864	-2.380000	2.395864	0.024042 	0.004127
-71.300000	0.015899	-2.376667	2.392566	0.023850 	0.004130
-71.200000	0.015935	-2.373333	2.389268	0.023657 	0.004133
-71.100000	0.015969	-2.370000	2.385969	0.023462 	0.004136
-71.000000	0.016004	-2.366667	2.382671	0.023267 	0.004139
-70.900000	0.016038	-2.363333	2.379371	0.023070 	0.004142
-70.800000	0.016071	-2.360000	2.376071	0.022872 	0.004145
-70.700000	0.016104	-2.356667	2.372771	0.022673 	0.004148
-70.600000	0.016137	-2.353333	2.369470	0.022473 	0.004150
-70.500000	0.016169	-2.350000	2.366169	0.022272 	0.004153
-70.400000	0.016200	-2.346667	2.362867	0.022070 	0.004156
-70.300000	0.016232	-2.343333	2.359565	0.021867 	0.004159
-70.200000	0.016262	-2.340000	2.356262	0.021662 	0.004162
-70.100000	0.016293	-2.336667	2.352960	0.021457 	0.004165
-70.000000	0.016322	-2.333333	2.349655	0.021250 	0.004168
-69.900000	0.016352	-2.330000	2.346352	0.021042 	0.004171
-69.800000	0.016381	-2.326667	2.343048	0.020833 	0.004174
-69.700000	0.016409	-2.323333	2.339742	0.020623 	0.004177
-69.600000	0.016437	-2.320000	2.336437	0.020412 	0.004180
-69.500000	0.016465	-2.316667	2.333132	0.020200 	0.004183
-69.400000	0.016492	-2.313333	2.329825	0.019987 	0.004186
-69.300000	0.016518	-2.310000	2.326518	0.019772 	0.004189
-69.200000	0.016545	-2.306667	2.323212	0.019557 	0.004192
-69.100000	0.016570	-2.303333	2.319903	0.019340 	0.004195
-69.000000	0.016595	-2.300000	2.316595	0.019122 	0.004198
-68.900000	0.016620	-2.296667	2.313287	0.018903 	0.004201
-68.800000	0.016644	-2.293333	2.309977	0.018683 	0.004204
-68.700000	0.016668	-2.290000	2.306668	0.018462 	0.004207
-68.600000	0.016691	-2.286667	2.303358	0.018240 	0.004210
-68.500000	0.016714	-2.283333	2.300047	0.018017 	0.004213
-68.400000	0.016736	-2.280000	2.296736	0.017792 	0.004216
-68.300000	0.016758	-2.276667	2.293425	0.017567 	0.004219
-68.200000	0.016779	-2.273333	2.290112	0.017340 	0.004222
-68.100000	0.016800	-2.270000	2.286800	0.017112 	0.004225
-68.000000	0.016820	-2.266667	2.283487	0.016883 	0.004228
-67.900000	0.016840	-2.263333	2.280173	0.016653 	0.004231
-67.800000	0.016860	-2.260000	2.276860	0.016422 	0.004234
-67.700000	0.016878	-2.256667	2.273545	0.016190 	0.004237
-67.600000	0.016897	-2.253333	2.270230	0.015956 	0.004240
-67.500000	0.016915	-2.250000	2.266915	0.015722 	0.004243
-67.400000	0.016932	-2.246667	2.263599	0.015486 	0.004246
-67.300000	0.016949	-2.243333	2.260282	0.015250 	0.004249
-67.200000	0.016965	-2.240000	2.256965	0.015012 	0.004253
-67.100000	0.016981	-2.236667	2.253648	0.014773 	0.004256
-67.000000	0.016996	-2.233333	2.250329	0.014533 	0.004259
-66.900000	0.017011	-2.230000	2.247011	0.014292 	0.004262
-66.800000	0.017025	-2.226667	2.243692	0.014049 	0.004265
-66.700000	0.017039	-2.223333	2.240372	0.013806 	0.004268
-66.600000	0.017052	-2.220000	2.237052	0.013561 	0.004271
-66.500000	0.017065	-2.216667	2.233732	0.013316 	0.004275
-66.400000	0.017077	-2.213333	2.230410	0.013069 	0.004278
-66.300000	0.017089	-2.210000	2.227089	0.012821 	0.004281
-66.200000	0.017100	-2.206667	2.223767	0.012572 	0.004284
-66.100000	0.017111	-2.203333	2.220444	0.012322 	0.004287
-66.000000	0.017121	-2.200000	2.217121	0.012071 	0.004291
-65.900000	0.017130	-2.196667	2.213797	0.011819 	0.004294
-65.800000	0.017139	-2.193333	2.210472	0.011566 	0.004297
-65.700000	0.017148	-2.190000	2.207148	0.011311 	0.004300
-65.600000	0.017156	-2.186667	2.203823	0.011055 	0.004304
-65.500000	0.017163	-2.183333	2.200496	0.010799 	0.004307
-65.400000	0.017170	-2.180000	2.197170	0.010541 	0.004310
-65.300000	0.017177	-2.176667	2.193844	0.010282 	0.004313
-65.200000	0.017183	-2.173333	2.190516	0.010022 	0.004317
-65.100000	0.017188	-2.170000	2.187188	0.009761 	0.004320
-65.000000	0.017193	-2.166667	2.183860	0.009499 	0.004323
-64.900000	0.017197	-2.163333	2.180530	0.009236 	0.004326
-64.800000	0.017201	-2.160000	2.177201	0.008971 	0.004330
-64.700000	0.017204	-2.156667	2.173871	0.008706 	0.004333
-64.600000	0.017207	-2.153333	2.170540	0.008439 	0.004336
-64.500000	0.017209	-2.150000	2.167209	0.008172 	0.004340
-64.400000	0.017210	-2.146667	2.163877	0.007903 	0.004343
-64.300000	0.017211	-2.143333	2.160544	0.007633 	0.004346
-64.200000	0.017212	-2.140000	2.157212	0.007362 	0.004350
-64.100000	0.017212	-2.136667	2.153879	0.007090 	0.004353
-64.000000	0.017211	-2.133333	2.150544	0.006817 	0.004357
-63.900000	0.017210	-2.130000	2.147210	0.006543 	0.004360
-63.800000	0.017208	-2.126667	2.143875	0.006268 	0.004363
-63.700000	0.017206	-2.123333	2.140539	0.005992 	0.004367
-63.600000	0.017203	-2.120000	2.137203	0.005714 	0.004370
-63.500000	0.017200	-2.116667	2.133867	0.005436 	0.004374
-63.400000	0.017196	-2.113333	2.130529	0.005156 	0.004377
-63.300000	0.017191	-2.110000	2.127191	0.004876 	0.004380
-63.200000	0.017186	-2.106667	2.123853	0.004594 	0.004384
-63.100000	0.017181	-2.103333	2.120514	0.004311 	0.004387
-63.000000	0.017174	-2.100000	2.117174	0.004027 	0.004391
-62.900000	0.017168	-2.096667	2.113835	0.003743 	0.004394
-62.800000	0.017160	-2.093333	2.110493	0.003457 	0.004398
-62.700000	0.017152	-2.090000	2.107152	0.003170 	0.004401
-62.600000	0.017144	-2.086667	2.103811	0.002882 	0.004405
-62.500000	0.017135	-2.083333	2.100468	0.002593 	0.004408
-62.400000	0.017125	-2.080000	2.097125	0.002303 	0.004412
-62.300000	0.017115	-2.076667	2.093782	0.002011 	0.004415
-62.200000	0.017105	-2.073333	2.090438	0.001719 	0.004419
-62.100000	0.017093	-2.070000	2.087093	0.001426 	0.004422
-62.000000	0.017082	-2.066667	2.083749	0.001132 	0.004426
-61.900000	0.017069	-2.063333	2.080402	0.000836 	0.004429
-61.800000	0.017056	-2.060000	2.077056	0.000540 	0.004433
-61.700000	0.017043	-2.056667	2.073710	0.000242 	0.004437
-61.600000	0.017029	-2.053333	2.070362	-0.000056 	0.004440
-61.500000	0.017014	-2.050000	2.067014	-0.000355 	0.004444
-61.400000	0.016999	-2.046667	2.063666	-0.000656 	0.004447
-61.300000	0.016983	-2.043333	2.060316	-0.000957 	0.004451
-61.200000	0.016966	-2.040000	2.056966	-0.001260 	0.004455
-61.100000	0.016949	-2.036667	2.053616	-0.001563 	0.004458
-61.000000	0.016932	-2.033333	2.050265	-0.001868 	0.004462
-60.900000	0.016914	-2.030000	2.046914	-0.002173 	0.004465
-60.800000	0.016895	-2.026667	2.043562	-0.002480 	0.004469
-60.700000	0.016876	-2.023333	2.040209	-0.002787 	0.004473
-60.600000	0.016856	-2.020000	2.036856	-0.003096 	0.004476
-60.500000	0.016835	-2.016667	2.033502	-0.003405 	0.004480
-60.400000	0.016814	-2.013333	2.030147	-0.003716 	0.004484
-60.300000	0.016793	-2.010000	2.026793	-0.004027 	0.004488
-60.200000	0.016771	-2.006667	2.023438	-0.004340 	0.004491
-60.100000	0.016748	-2.003333	2.020081	-0.004653 	0.004495
-60.000000	0.016724	-2.000000	2.016724	-0.004968 	0.004499
-59.900000	0.016701	-1.996667	2.013368	-0.005283 	0.004503
-59.800000	0.016676	-1.993333	2.010009	-0.005599 	0.004506
-59.700000	0.016651	-1.990000	2.006651	-0.005917 	0.004510
-59.600000	0.016625	-1.986667	2.003292	-0.006235 	0.004514
-59.500000	0.016599	-1.983333	1.999932	-0.006554 	0.004518
-59.400000	0.016572	-1.980000	1.996572	-0.006874 	0.004521
-59.300000	0.016545	-1.976667	1.993212	-0.007195 	0.004525
-59.200000	0.016517	-1.973333	1.989850	-0.007517 	0.004529
-59.100000	0.016488	-1.970000	1.986488	-0.007840 	0.004533
-59.000000	0.016459	-1.966667	1.983126	-0.008164 	0.004537
-58.900000	0.016429	-1.963333	1.979762	-0.008489 	0.004541
-58.800000	0.016399	-1.960000	1.976399	-0.008814 	0.004544
-58.700000	0.016368	-1.956667	1.973035	-0.009141 	0.004548
-58.600000	0.016336	-1.953333	1.969669	-0.009468 	0.004552
-58.500000	0.016304	-1.950000	1.966304	-0.009797 	0.004556
-58.400000	0.016272	-1.946667	1.962939	-0.010126 	0.004560
-58.300000	0.016238	-1.943333	1.959571	-0.010456 	0.004564
-58.200000	0.016205	-1.940000	1.956205	-0.010787 	0.004568
-58.100000	0.016170	-1.936667	1.952837	-0.011119 	0.004572
-58.000000	0.016135	-1.933333	1.949468	-0.011452 	0.004576
-57.900000	0.016099	-1.930000	1.946099	-0.011786 	0.004580
-57.800000	0.016063	-1.926667	1.942730	-0.012120 	0.004584
-57.700000	0.016026	-1.923333	1.939359	-0.012456 	0.004588
-57.600000	0.015989	-1.920000	1.935989	-0.012792 	0.004592
-57.500000	0.015951	-1.916667	1.932618	-0.013129 	0.004596
-57.400000	0.015913	-1.913333	1.929246	-0.013467 	0.004600
-57.300000	0.015874	-1.910000	1.925874	-0.013806 	0.004604
-57.200000	0.015834	-1.906667	1.922501	-0.014145 	0.004608
-57.100000	0.015794	-1.903333	1.919127	-0.014486 	0.004612
-57.000000	0.015753	-1.900000	1.915753	-0.014827 	0.004616
-56.900000	0.015711	-1.896667	1.912378	-0.015169 	0.004620
-56.800000	0.015669	-1.893333	1.909002	-0.015512 	0.004624
-56.700000	0.015627	-1.890000	1.905627	-0.015855 	0.004628
-56.600000	0.015584	-1.886667	1.902251	-0.016200 	0.004632
-56.500000	0.015540	-1.883333	1.898873	-0.016545 	0.004636
-56.400000	0.015496	-1.880000	1.895496	-0.016891 	0.004640
-56.300000	0.015451	-1.876667	1.892118	-0.017238 	0.004645
-56.200000	0.015405	-1.873333	1.888738	-0.017585 	0.004649
-56.100000	0.015359	-1.870000	1.885359	-0.017933 	0.004653
-56.000000	0.015312	-1.866667	1.881979	-0.018282 	0.004657
-55.900000	0.015265	-1.863333	1.878598	-0.018632 	0.004661
-55.800000	0.015217	-1.860000	1.875217	-0.018982 	0.004665
-55.700000	0.015169	-1.856667	1.871836	-0.019334 	0.004670
-55.600000	0.015120	-1.853333	1.868453	-0.019685 	0.004674
-55.500000	0.015071	-1.850000	1.865071	-0.020038 	0.004678
-55.400000	0.015021	-1.846667	1.861688	-0.020391 	0.004682
-55.300000	0.014970	-1.843333	1.858303	-0.020745 	0.004687
-55.200000	0.014919	-1.840000	1.854919	-0.021100 	0.004691
-55.100000	0.014867	-1.836667	1.851534	-0.021455 	0.004695
-55.000000	0.014815	-1.833333	1.848148	-0.021811 	0.004699
-54.900000	0.014762	-1.830000	1.844762	-0.022168 	0.004704
-54.800000	0.014708	-1.826667	1.841375	-0.022525 	0.004708
-54.700000	0.014654	-1.823333	1.837987	-0.022883 	0.004712
-54.600000	0.014600	-1.820000	1.834600	-0.023242 	0.004717
-54.500000	0.014544	-1.816667	1.831211	-0.023601 	0.004721
-54.400000	0.014489	-1.813333	1.827822	-0.023961 	0.004726
-54.300000	0.014432	-1.810000	1.824432	-0.024321 	0.004730
-54.200000	0.014375	-1.806667	1.821042	-0.024682 	0.004734
-54.100000	0.014318	-1.803333	1.817651	-0.025044 	0.004739
-54.000000	0.014260	-1.800000	1.814260	-0.025406 	0.004743
-53.900000	0.014202	-1.796667	1.810869	-0.025769 	0.004748
-53.800000	0.014142	-1.793333	1.807475	-0.026132 	0.004752
-53.700000	0.014083	-1.790000	1.804083	-0.026496 	0.004757
-53.600000	0.014023	-1.786667	1.800690	-0.026860 	0.004761
-53.500000	0.013962	-1.783333	1.797295	-0.027225 	0.004765
-53.400000	0.013901	-1.780000	1.793901	-0.027591 	0.004770
-53.300000	0.013839	-1.776667	1.790506	-0.027957 	0.004775
-53.200000	0.013776	-1.773333	1.787109	-0.028323 	0.004779
-53.100000	0.013713	-1.770000	1.783713	-0.028690 	0.004784
-53.000000	0.013650	-1.766667	1.780317	-0.029057 	0.004788
-52.900000	0.013586	-1.763333	1.776919	-0.029425 	0.004793
-52.800000	0.013521	-1.760000	1.773521	-0.029793 	0.004797
-52.700000	0.013456	-1.756667	1.770123	-0.030162 	0.004802
-52.600000	0.013391	-1.753333	1.766724	-0.030531 	0.004807
-52.500000	0.013325	-1.750000	1.763325	-0.030901 	0.004811
-52.400000	0.013258	-1.746667	1.759925	-0.031271 	0.004816
-52.300000	0.013191	-1.743333	1.756524	-0.031641 	0.004820
-52.200000	0.013123	-1.740000	1.753123	-0.032012 	0.004825
-52.100000	0.013055	-1.736667	1.749722	-0.032383 	0.004830
-52.000000	0.012986	-1.733333	1.746319	-0.032755 	0.004835
-51.900000	0.012917	-1.730000	1.742917	-0.033126 	0.004839
-51.800000	0.012847	-1.726667	1.739514	-0.033499 	0.004844
-51.700000	0.012776	-1.723333	1.736109	-0.033871 	0.004849
-51.600000	0.012706	-1.720000	1.732706	-0.034244 	0.004853
-51.500000	0.012634	-1.716667	1.729301	-0.034617 	0.004858
-51.400000	0.012562	-1.713333	1.725895	-0.034990 	0.004863
-51.300000	0.012490	-1.710000	1.722490	-0.035364 	0.004868
-51.200000	0.012417	-1.706667	1.719084	-0.035738 	0.004873
-51.100000	0.012343	-1.703333	1.715676	-0.036112 	0.004878
-51.000000	0.012270	-1.700000	1.712270	-0.036487 	0.004882
-50.900000	0.012195	-1.696667	1.708862	-0.036861 	0.004887
-50.800000	0.012120	-1.693333	1.705453	-0.037236 	0.004892
-50.700000	0.012045	-1.690000	1.702045	-0.037611 	0.004897
-50.600000	0.011969	-1.686667	1.698636	-0.037986 	0.004902
-50.500000	0.011892	-1.683333	1.695225	-0.038361 	0.004907
-50.400000	0.011815	-1.680000	1.691815	-0.038737 	0.004912
-50.300000	0.011738	-1.676667	1.688405	-0.039112 	0.004917
-50.200000	0.011660	-1.673333	1.684993	-0.039488 	0.004922
-50.100000	0.011582	-1.670000	1.681582	-0.039864 	0.004927
-50.000000	0.011503	-1.666667	1.678170	-0.040240 	0.004932
-49.900000	0.011423	-1.663333	1.674756	-0.040616 	0.004937
-49.800000	0.011343	-1.660000	1.671343	-0.040992 	0.004942
-49.700000	0.011263	-1.656667	1.667930	-0.041368 	0.004947
-49.600000	0.011182	-1.653333	1.664515	-0.041744 	0.004952
-49.500000	0.011101	-1.650000	1.661101	-0.042120 	0.004957
-49.400000	0.011019	-1.646667	1.657686	-0.042496 	0.004962
-49.300000	0.010937	-1.643333	1.654270	-0.042872 	0.004967
-49.200000	0.010854	-1.640000	1.650854	-0.043248 	0.004972
-49.100000	0.010771	-1.636667	1.647438	-0.043624 	0.004978
-49.000000	0.010688	-1.633333	1.644021	-0.044000 	0.004983
-48.900000	0.010604	-1.630000	1.640604	-0.044376 	0.004988
-48.800000	0.010519	-1.626667	1.637186	-0.044751 	0.004993
-48.700000	0.010434	-1.623333	1.633767	-0.045127 	0.004998
-48.600000	0.010349	-1.620000	1.630349	-0.045502 	0.005004
-48.500000	0.010263	-1.616667	1.626930	-0.045878 	0.005009
-48.400000	0.010177	-1.613333	1.623510	-0.046253 	0.005014
-48.300000	0.010090	-1.610000	1.620090	-0.046627 	0.005019
-48.200000	0.010003	-1.606667	1.616670	-0.047002 	0.005025
-48.100000	0.009915	-1.603333	1.613248	-0.047377 	0.005030
-48.000000	0.009827	-1.600000	1.609827	-0.047751 	0.005035
-47.900000	0.009739	-1.596667	1.606406	-0.048125 	0.005041
-47.800000	0.009650	-1.593333	1.602983	-0.048498 	0.005046
-47.700000	0.009561	-1.590000	1.599561	-0.048871 	0.005051
-47.600000	0.009471	-1.586667	1.596138	-0.049244 	0.005057
-47.500000	0.009381	-1.583333	1.592714	-0.049617 	0.005062
-47.400000	0.009290	-1.580000	1.589290	-0.049989 	0.005068
-47.300000	0.009200	-1.576667	1.585867	-0.050361 	0.005073
-47.200000	0.009108	-1.573333	1.582441	-0.050733 	0.005079
-47.100000	0.009016	-1.570000	1.579016	-0.051104 	0.005084
-47.000000	0.008924	-1.566667	1.575591	-0.051474 	0.005090
-46.900000	0.008832	-1.563333	1.572165	-0.051844 	0.005095
-46.800000	0.008739	-1.560000	1.568739	-0.052214 	0.005101
-46.700000	0.008646	-1.556667	1.565313	-0.052583 	0.005106
-46.600000	0.008552	-1.553333	1.561885	-0.052951 	0.005112
-46.500000	0.008458	-1.550000	1.558458	-0.053319 	0.005118
-46.400000	0.008363	-1.546667	1.555030	-0.053687 	0.005123
-46.300000	0.008269	-1.543333	1.551602	-0.054054 	0.005129
-46.200000	0.008173	-1.540000	1.548173	-0.054420 	0.005135
-46.100000	0.008078	-1.536667	1.544745	-0.054785 	0.005140
-46.000000	0.007982	-1.533333	1.541315	-0.055150 	0.005146
-45.900000	0.007886	-1.530000	1.537886	-0.055514 	0.005152
-45.800000	0.007789	-1.526667	1.534456	-0.055878 	0.005158
-45.700000	0.007692	-1.523333	1.531025	-0.056241 	0.005163
-45.600000	0.007595	-1.520000	1.527595	-0.056603 	0.005169
-45.500000	0.007497	-1.516667	1.524164	-0.056964 	0.005175
-45.400000	0.007399	-1.513333	1.520732	-0.057324 	0.005181
-45.300000	0.007301	-1.510000	1.517301	-0.057684 	0.005187
-45.200000	0.007202	-1.506667	1.513869	-0.058042 	0.005192
-45.100000	0.007103	-1.503333	1.510436	-0.058400 	0.005198
-45.000000	0.007003	-1.500000	1.507003	-0.058757 	0.005204
-44.900000	0.006904	-1.496667	1.503571	-0.059113 	0.005210
-44.800000	0.006804	-1.493333	1.500137	-0.059468 	0.005216
-44.700000	0.006703	-1.490000	1.496703	-0.059822 	0.005222
-44.600000	0.006603	-1.486667	1.493270	-0.060175 	0.005228
-44.500000	0.006502	-1.483333	1.489835	-0.060527 	0.005234
-44.400000	0.006400	-1.480000	1.486400	-0.060878 	0.005240
-44.300000	0.006299	-1.476667	1.482966	-0.061228 	0.005246
-44.200000	0.006197	-1.473333	1.479530	-0.061577 	0.005252
-44.100000	0.006095	-1.470000	1.476095	-0.061924 	0.005258
-44.000000	0.005992	-1.466667	1.472659	-0.062270 	0.005265
-43.900000	0.005890	-1.463333	1.469223	-0.062616 	0.005271
-43.800000	0.005787	-1.460000	1.465787	-0.062960 	0.005277
-43.700000	0.005683	-1.456667	1.462350	-0.063302 	0.005283
-43.600000	0.005580	-1.453333	1.458913	-0.063644 	0.005289
-43.500000	0.005476	-1.450000	1.455476	-0.063984 	0.005296
-43.400000	0.005372	-1.446667	1.452039	-0.064323 	0.005302
-43.300000	0.005267	-1.443333	1.448600	-0.064660 	0.005308
-43.200000	0.005162	-1.440000	1.445162	-0.064996 	0.005314
-43.100000	0.005057	-1.436667	1.441724	-0.065331 	0.005321
-43.000000	0.004952	-1.433333	1.438285	-0.065664 	0.005327
-42.900000	0.004847	-1.430000	1.434847	-0.065995 	0.005334
-42.800000	0.004741	-1.426667	1.431408	-0.066325 	0.005340
-42.700000	0.004635	-1.423333	1.427968	-0.066654 	0.005346
-42.600000	0.004529	-1.420000	1.424529	-0.066981 	0.005353
-42.500000	0.004422	-1.416667	1.421089	-0.067306 	0.005359
-42.400000	0.004316	-1.413333	1.417649	-0.067630 	0.005366
-42.300000	0.004209	-1.410000	1.414209	-0.067952 	0.005372
-42.200000	0.004102	-1.406667	1.410769	-0.068272 	0.005379
-42.100000	0.003994	-1.403333	1.407327	-0.068591 	0.005385
-42.000000	0.003887	-1.400000	1.403887	-0.068907 	0.005392
-41.900000	0.003779	-1.396667	1.400446	-0.069222 	0.005399
-41.800000	0.003671	-1.393333	1.397004	-0.069535 	0.005405
-41.700000	0.003563	-1.390000	1.393563	-0.069847 	0.005412
-41.600000	0.003454	-1.386667	1.390121	-0.070156 	0.005419
-41.500000	0.003345	-1.383333	1.386678	-0.070463 	0.005425
-41.400000	0.003237	-1.380000	1.383237	-0.070768 	0.005432
-41.300000	0.003128	-1.376667	1.379795	-0.071072 	0.005439
-41.200000	0.003018	-1.373333	1.376351	-0.071373 	0.005446
-41.100000	0.002909	-1.370000	1.372909	-0.071672 	0.005453
-41.000000	0.002799	-1.366667	1.369466	-0.071969 	0.005459
-40.900000	0.002689	-1.363333	1.366022	-0.072264 	0.005466
-40.800000	0.002579	-1.360000	1.362579	-0.072556 	0.005473
-40.700000	0.002469	-1.356667	1.359136	-0.072846 	0.005480
-40.600000	0.002359	-1.353333	1.355692	-0.073134 	0.005487
-40.500000	0.002248	-1.350000	1.352248	-0.073420 	0.005494
-40.400000	0.002138	-1.346667	1.348805	-0.073703 	0.005501
-40.300000	0.002027	-1.343333	1.345360	-0.073984 	0.005508
-40.200000	0.001916	-1.340000	1.341916	-0.074263 	0.005515
-40.100000	0.001804	-1.336667	1.338471	-0.074539 	0.005522
-40.000000	0.001693	-1.333333	1.335026	-0.074812 	0.005529
-39.900000	0.001581	-1.330000	1.331581	-0.075083 	0.005536
-39.800000	0.001470	-1.326667	1.328137	-0.075351 	0.005544
-39.700000	0.001358	-1.323333	1.324691	-0.075617 	0.005551
-39.600000	0.001246	-1.320000	1.321246	-0.075880 	0.005558
-39.500000	0.001134	-1.316667	1.317801	-0.076140 	0.005565
-39.400000	0.001021	-1.313333	1.314354	-0.076397 	0.005573
-39.300000	0.000909	-1.310000	1.310909	-0.076651 	0.005580
-39.200000	0.000796	-1.306667	1.307463	-0.076903 	0.005587
-39.100000	0.000684	-1.303333	1.304017	-0.077152 	0.005595
-39.000000	0.000571	-1.300000	1.300571	-0.077397 	0.005602
-38.900000	0.000458	-1.296667	1.297125	-0.077640 	0.005610
-38.800000	0.000345	-1.293333	1.293678	-0.077880 	0.005617
-38.700000	0.000232	-1.290000	1.290232	-0.078116 	0.005624
-38.600000	0.000118	-1.286667	1.286785	-0.078349 	0.005632
-38.500000	0.000005	-1.283333	1.283338	-0.078580 	0.005640
-38.400000	-0.000109	-1.280000	1.279891	-0.078807 	0.005647
-38.300000	-0.000223	-1.276667	1.276444	-0.079030 	0.005655
-38.200000	-0.000336	-1.273333	1.272997	-0.079250 	0.005662
-38.100000	-0.000450	-1.270000	1.269550	-0.079467 	0.005670
-38.000000	-0.000564	-1.266667	1.266103	-0.079681 	0.005678
-37.900000	-0.000679	-1.263333	1.262654	-0.079891 	0.005686
-37.800000	-0.000793	-1.260000	1.259207	-0.080097 	0.005693
-37.700000	-0.000907	-1.256667	1.255760	-0.080300 	0.005701
-37.600000	-0.001022	-1.253333	1.252311	-0.080499 	0.005709
-37.500000	-0.001136	-1.250000	1.248864	-0.080694 	0.005717
-37.400000	-0.001251	-1.246667	1.245416	-0.080886 	0.005725
-37.300000	-0.001366	-1.243333	1.241967	-0.081074 	0.005733
-37.200000	-0.001481	-1.240000	1.238519	-0.081258 	0.005741
-37.100000	-0.001596	-1.236667	1.235071	-0.081438 	0.005749
-37.000000	-0.001711	-1.233333	1.231622	-0.081614 	0.005757
-36.900000	-0.001826	-1.230000	1.228174	-0.081787 	0.005765
-36.800000	-0.001942	-1.226667	1.224725	-0.081955 	0.005773
-36.700000	-0.002057	-1.223333	1.221276	-0.082119 	0.005781
-36.600000	-0.002172	-1.220000	1.217828	-0.082279 	0.005789
-36.500000	-0.002288	-1.216667	1.214379	-0.082434 	0.005797
-36.400000	-0.002404	-1.213333	1.210929	-0.082586 	0.005806
-36.300000	-0.002519	-1.210000	1.207481	-0.082733 	0.005814
-36.200000	-0.002635	-1.206667	1.204032	-0.082876 	0.005822
-36.100000	-0.002751	-1.203333	1.200582	-0.083014 	0.005831
-36.000000	-0.002867	-1.200000	1.197133	-0.083148 	0.005839
-35.900000	-0.002983	-1.196667	1.193684	-0.083277 	0.005848
-35.800000	-0.003099	-1.193333	1.190234	-0.083402 	0.005856
-35.700000	-0.003215	-1.190000	1.186785	-0.083522 	0.005864
-35.600000	-0.003331	-1.186667	1.183336	-0.083637 	0.005873
-35.500000	-0.003447	-1.183333	1.179886	-0.083748 	0.005882
-35.400000	-0.003563	-1.180000	1.176437	-0.083853 	0.005890
-35.300000	-0.003680	-1.176667	1.172987	-0.083954 	0.005899
-35.200000	-0.003796	-1.173333	1.169537	-0.084050 	0.005908
-35.100000	-0.003913	-1.170000	1.166087	-0.084141 	0.005916
-35.000000	-0.004029	-1.166667	1.162638	-0.084227 	0.005925
-34.900000	-0.004146	-1.163333	1.159187	-0.084308 	0.005934
-34.800000	-0.004262	-1.160000	1.155738	-0.084384 	0.005943
-34.700000	-0.004379	-1.156667	1.152288	-0.084455 	0.005952
-34.600000	-0.004495	-1.153333	1.148838	-0.084520 	0.005961
-34.500000	-0.004612	-1.150000	1.145388	-0.084581 	0.005970
-34.400000	-0.004728	-1.146667	1.141939	-0.084635 	0.005979
-34.300000	-0.004845	-1.143333	1.138488	-0.084685 	0.005988
-34.200000	-0.004961	-1.140000	1.135039	-0.084729 	0.005997
-34.100000	-0.005078	-1.136667	1.131589	-0.084767 	0.006006
-34.000000	-0.005195	-1.133333	1.128138	-0.084800 	0.006015
-33.900000	-0.005311	-1.130000	1.124689	-0.084827 	0.006024
-33.800000	-0.005428	-1.126667	1.121239	-0.084849 	0.006033
-33.700000	-0.005544	-1.123333	1.117789	-0.084865 	0.006043
-33.600000	-0.005661	-1.120000	1.114339	-0.084875 	0.006052
-33.500000	-0.005777	-1.116667	1.110890	-0.084880 	0.006062
-33.400000	-0.005894	-1.113333	1.107439	-0.084878 	0.006071
-33.300000	-0.006010	-1.110000	1.103990	-0.084871 	0.006080
-33.200000	-0.006127	-1.106667	1.100540	-0.084857 	0.006090
-33.100000	-0.006243	-1.103333	1.097090	-0.084838 	0.006100
-33.000000	-0.006359	-1.100000	1.093641	-0.084813 	0.006109
-32.900000	-0.006476	-1.096667	1.090191	-0.084781 	0.006119
-32.800000	-0.006592	-1.093333	1.086741	-0.084743 	0.006128
-32.700000	-0.006708	-1.090000	1.083292	-0.084699 	0.006138
-32.600000	-0.006824	-1.086667	1.079843	-0.084649 	0.006148
-32.500000	-0.006940	-1.083333	1.076393	-0.084593 	0.006158
-32.400000	-0.007055	-1.080000	1.072945	-0.084530 	0.006168
-32.300000	-0.007171	-1.076667	1.069496	-0.084460 	0.006178
-32.200000	-0.007287	-1.073333	1.066046	-0.084384 	0.006188
-32.100000	-0.007402	-1.070000	1.062598	-0.084302 	0.006198
-32.000000	-0.007517	-1.066667	1.059150	-0.084213 	0.006208
-31.900000	-0.007633	-1.063333	1.055700	-0.084118 	0.006218
-31.800000	-0.007748	-1.060000	1.052252	-0.084015 	0.006228
-31.700000	-0.007863	-1.056667	1.048804	-0.083906 	0.006238
-31.600000	-0.007977	-1.053333	1.045356	-0.083791 	0.006249
-31.500000	-0.008092	-1.050000	1.041908	-0.083668 	0.006259
-31.400000	-0.008206	-1.046667	1.038461	-0.083538 	0.006269
-31.300000	-0.008320	-1.043333	1.035013	-0.083402 	0.006280
-31.200000	-0.008434	-1.040000	1.031566	-0.083259 	0.006290
-31.100000	-0.008548	-1.036667	1.028119	-0.083108 	0.006301
-31.000000	-0.008662	-1.033333	1.024671	-0.082951 	0.006311
-30.900000	-0.008775	-1.030000	1.021225	-0.082786 	0.006322
-30.800000	-0.008889	-1.026667	1.017778	-0.082614 	0.006333
-30.700000	-0.009002	-1.023333	1.014331	-0.082435 	0.006343
-30.600000	-0.009114	-1.020000	1.010886	-0.082249 	0.006354
-30.500000	-0.009227	-1.016667	1.007440	-0.082056 	0.006365
-30.400000	-0.009339	-1.013333	1.003994	-0.081855 	0.006376
-30.300000	-0.009451	-1.010000	1.000549	-0.081646 	0.006387
-30.200000	-0.009563	-1.006667	0.997104	-0.081430 	0.006398
-30.100000	-0.009674	-1.003333	0.993659	-0.081207 	0.006409
-30.000000	-0.009785	-1.000000	0.990215	-0.080976 	0.006420
-29.900000	-0.009896	-0.996667	0.986770	-0.080737 	0.006431
-29.800000	-0.010007	-0.993333	0.983326	-0.080491 	0.006443
-29.700000	-0.010117	-0.990000	0.979883	-0.080237 	0.006454
-29.600000	-0.010227	-0.986667	0.976440	-0.079975 	0.006465
-29.500000	-0.010337	-0.983333	0.972997	-0.079705 	0.006477
-29.400000	-0.010446	-0.980000	0.969554	-0.079428 	0.006488
-29.300000	-0.010555	-0.976667	0.966112	-0.079142 	0.006500
-29.200000	-0.010664	-0.973333	0.962670	-0.078849 	0.006511
-29.100000	-0.010772	-0.970000	0.959228	-0.078548 	0.006523
-29.000000	-0.010880	-0.966667	0.955787	-0.078238 	0.006535
-28.900000	-0.010987	-0.963333	0.952346	-0.077920 	0.006547
-28.800000	-0.011094	-0.960000	0.948906	-0.077594 	0.006559
-28.700000	-0.011201	-0.956667	0.945466	-0.077260 	0.006570
-28.600000	-0.011307	-0.953333	0.942026	-0.076918 	0.006582
-28.500000	-0.011413	-0.950000	0.938587	-0.076567 	0.006594
-28.400000	-0.011518	-0.946667	0.935148	-0.076208 	0.006607
-28.300000	-0.011623	-0.943333	0.931710	-0.075841 	0.006619
-28.200000	-0.011728	-0.940000	0.928272	-0.075465 	0.006631
-28.100000	-0.011832	-0.936667	0.924835	-0.075080 	0.006643
-28.000000	-0.011936	-0.933333	0.921398	-0.074687 	0.006656
-27.900000	-0.012039	-0.930000	0.917961	-0.074285 	0.006668
-27.800000	-0.012142	-0.926667	0.914525	-0.073875 	0.006681
-27.700000	-0.012244	-0.923333	0.911089	-0.073455 	0.006693
-27.600000	-0.012346	-0.920000	0.907654	-0.073027 	0.006706
-27.500000	-0.012447	-0.916667	0.904220	-0.072590 	0.006719
-27.400000	-0.012547	-0.913333	0.900786	-0.072145 	0.006731
-27.300000	-0.012648	-0.910000	0.897352	-0.071690 	0.006744
-27.200000	-0.012747	-0.906667	0.893920	-0.071226 	0.006757
-27.100000	-0.012846	-0.903333	0.890487	-0.070754 	0.006770
-27.000000	-0.012945	-0.900000	0.887055	-0.070272 	0.006783
-26.900000	-0.013043	-0.896667	0.883624	-0.069781 	0.006796
-26.800000	-0.013140	-0.893333	0.880193	-0.069281 	0.006810
-26.700000	-0.013237	-0.890000	0.876763	-0.068771 	0.006823
-26.600000	-0.013333	-0.886667	0.873334	-0.068253 	0.006836
-26.500000	-0.013428	-0.883333	0.869905	-0.067725 	0.006850
-26.400000	-0.013523	-0.880000	0.866477	-0.067187 	0.006863
-26.300000	-0.013618	-0.876667	0.863049	-0.066641 	0.006877
-26.200000	-0.013711	-0.873333	0.859622	-0.066084 	0.006891
-26.100000	-0.013804	-0.870000	0.856196	-0.065518 	0.006904
-26.000000	-0.013897	-0.866667	0.852770	-0.064943 	0.006918
-25.900000	-0.013988	-0.863333	0.849345	-0.064358 	0.006932
-25.800000	-0.014079	-0.860000	0.845921	-0.063763 	0.006946
-25.700000	-0.014169	-0.856667	0.842497	-0.063159 	0.006960
-25.600000	-0.014259	-0.853333	0.839074	-0.062544 	0.006975
-25.500000	-0.014348	-0.850000	0.835652	-0.061920 	0.006989
-25.400000	-0.014436	-0.846667	0.832231	-0.061286 	0.007003
-25.300000	-0.014523	-0.843333	0.828810	-0.060642 	0.007018
-25.200000	-0.014610	-0.840000	0.825390	-0.059989 	0.007032
-25.100000	-0.014696	-0.836667	0.821971	-0.059325 	0.007047
-25.000000	-0.014781	-0.833333	0.818552	-0.058651 	0.007061
-24.900000	-0.014865	-0.830000	0.815135	-0.057967 	0.007076
-24.800000	-0.014949	-0.826667	0.811718	-0.057272 	0.007091
-24.700000	-0.015031	-0.823333	0.808302	-0.056568 	0.007106
-24.600000	-0.015113	-0.820000	0.804887	-0.055853 	0.007121
-24.500000	-0.015194	-0.816667	0.801472	-0.055128 	0.007136
-24.400000	-0.015274	-0.813333	0.798059	-0.054393 	0.007152
-24.300000	-0.015354	-0.810000	0.794646	-0.053647 	0.007167
-24.200000	-0.015432	-0.806667	0.791235	-0.052891 	0.007182
-24.100000	-0.015510	-0.803333	0.787824	-0.052124 	0.007198
-24.000000	-0.015586	-0.800000	0.784414	-0.051347 	0.007213
-23.900000	-0.015662	-0.796667	0.781005	-0.050559 	0.007229
-23.800000	-0.015737	-0.793333	0.777597	-0.049761 	0.007245
-23.700000	-0.015811	-0.790000	0.774189	-0.048952 	0.007261
-23.600000	-0.015883	-0.786667	0.770783	-0.048132 	0.007277
-23.500000	-0.015955	-0.783333	0.767378	-0.047302 	0.007293
-23.400000	-0.016026	-0.780000	0.763974	-0.046461 	0.007309
-23.300000	-0.016096	-0.776667	0.760571	-0.045609 	0.007326
-23.200000	-0.016165	-0.773333	0.757168	-0.044746 	0.007342
-23.100000	-0.016233	-0.770000	0.753767	-0.043872 	0.007359
-23.000000	-0.016300	-0.766667	0.750367	-0.042987 	0.007375
-22.900000	-0.016366	-0.763333	0.746968	-0.042092 	0.007392
-22.800000	-0.016430	-0.760000	0.743570	-0.041185 	0.007409
-22.700000	-0.016494	-0.756667	0.740173	-0.040267 	0.007426
-22.600000	-0.016556	-0.753333	0.736777	-0.039338 	0.007443
-22.500000	-0.016618	-0.750000	0.733382	-0.038398 	0.007460
-22.400000	-0.016678	-0.746667	0.729989	-0.037447 	0.007478
-22.300000	-0.016737	-0.743333	0.726596	-0.036485 	0.007495
-22.200000	-0.016795	-0.740000	0.723205	-0.035511 	0.007513
-22.100000	-0.016852	-0.736667	0.719815	-0.034526 	0.007530
-22.000000	-0.016907	-0.733333	0.716426	-0.033530 	0.007548
-21.900000	-0.016962	-0.730000	0.713038	-0.032523 	0.007566
-21.800000	-0.017015	-0.726667	0.709652	-0.031504 	0.007584
-21.700000	-0.017067	-0.723333	0.706267	-0.030474 	0.007602
-21.600000	-0.017117	-0.720000	0.702883	-0.029432 	0.007620
-21.500000	-0.017166	-0.716667	0.699500	-0.028379 	0.007639
-21.400000	-0.017214	-0.713333	0.696119	-0.027315 	0.007657
-21.300000	-0.017261	-0.710000	0.692739	-0.026239 	0.007676
-21.200000	-0.017306	-0.706667	0.689361	-0.025151 	0.007695
-21.100000	-0.017350	-0.703333	0.685983	-0.024052 	0.007714
-21.000000	-0.017392	-0.700000	0.682608	-0.022942 	0.007733
-20.900000	-0.017433	-0.696667	0.679233	-0.021819 	0.007752
-20.800000	-0.017473	-0.693333	0.675860	-0.020686 	0.007771
-20.700000	-0.017511	-0.690000	0.672489	-0.019540 	0.007791
-20.600000	-0.017548	-0.686667	0.669119	-0.018383 	0.007810
-20.500000	-0.017583	-0.683333	0.665750	-0.017215 	0.007830
-20.400000	-0.017617	-0.680000	0.662383	-0.016035 	0.007850
-20.300000	-0.017649	-0.676667	0.659018	-0.014843 	0.007870
-20.200000	-0.017679	-0.673333	0.655654	-0.013639 	0.007890
-20.100000	-0.017708	-0.670000	0.652292	-0.012424 	0.007910
-20.000000	-0.017736	-0.666667	0.648931	-0.011197 	0.007931
-19.900000	-0.017761	-0.663333	0.645572	-0.009959 	0.007951
-19.800000	-0.017785	-0.660000	0.642215	-0.008709 	0.007972
-19.700000	-0.017808	-0.656667	0.638859	-0.007447 	0.007993
-19.600000	-0.017828	-0.653333	0.635505	-0.006173 	0.008014
-19.500000	-0.017847	-0.650000	0.632153	-0.004888 	0.008035
-19.400000	-0.017864	-0.646667	0.628803	-0.003591 	0.008057
-19.300000	-0.017879	-0.643333	0.625454	-0.002283 	0.008078
-19.200000	-0.017893	-0.640000	0.622107	-0.000962 	0.008100
-19.100000	-0.017904	-0.636667	0.618762	0.000370 	0.008122
-19.000000	-0.017914	-0.633333	0.615419	0.001713 	0.008144
-18.900000	-0.017922	-0.630000	0.612078	0.003068 	0.008166
-18.800000	-0.017928	-0.626667	0.608739	0.004435 	0.008188
-18.700000	-0.017932	-0.623333	0.605402	0.005814 	0.008211
-18.600000	-0.017934	-0.620000	0.602066	0.007204 	0.008234
-18.500000	-0.017933	-0.616667	0.598733	0.008605 	0.008257
-18.400000	-0.017931	-0.613333	0.595402	0.010019 	0.008280
-18.300000	-0.017927	-0.610000	0.592073	0.011443 	0.008303
-18.200000	-0.017921	-0.606667	0.588746	0.012880 	0.008326
-18.100000	-0.017912	-0.603333	0.585421	0.014327 	0.008350
-18.000000	-0.017901	-0.600000	0.582099	0.015787 	0.008374
-17.900000	-0.017889	-0.596667	0.578778	0.017257 	0.008398
-17.800000	-0.017873	-0.593333	0.575460	0.018739 	0.008422
-17.700000	-0.017856	-0.590000	0.572144	0.020233 	0.008446
-17.600000	-0.017836	-0.586667	0.568830	0.021738 	0.008471
-17.500000	-0.017814	-0.583333	0.565519	0.023254 	0.008496
-17.400000	-0.017790	-0.580000	0.562210	0.024782 	0.008521
-17.300000	-0.017763	-0.576667	0.558903	0.026321 	0.008546
-17.200000	-0.017734	-0.573333	0.555599	0.027871 	0.008571
-17.100000	-0.017703	-0.570000	0.552297	0.029433 	0.008597
-17.000000	-0.017669	-0.566667	0.548998	0.031005 	0.008622
-16.900000	-0.017632	-0.563333	0.545701	0.032589 	0.008648
-16.800000	-0.017593	-0.560000	0.542407	0.034185 	0.008675
-16.700000	-0.017552	-0.556667	0.539115	0.035791 	0.008701
-16.600000	-0.017508	-0.553333	0.535826	0.037408 	0.008728
-16.500000	-0.017461	-0.550000	0.532539	0.039037 	0.008755
-16.400000	-0.017412	-0.546667	0.529255	0.040677 	0.008782
-16.300000	-0.017360	-0.543333	0.525974	0.042328 	0.008809
-16.200000	-0.017305	-0.540000	0.522695	0.043990 	0.008837
-16.100000	-0.017248	-0.536667	0.519419	0.045663 	0.008865
-16.000000	-0.017188	-0.533333	0.516146	0.047348 	0.008893
-15.900000	-0.017125	-0.530000	0.512875	0.049043 	0.008921
-15.800000	-0.017059	-0.526667	0.509607	0.050750 	0.008950
-15.700000	-0.016991	-0.523333	0.506342	0.052467 	0.008978
-15.600000	-0.016920	-0.520000	0.503080	0.054196 	0.009007
-15.500000	-0.016846	-0.516667	0.499821	0.055936 	0.009037
-15.400000	-0.016769	-0.513333	0.496564	0.057687 	0.009066
-15.300000	-0.016689	-0.510000	0.493311	0.059449 	0.009096
-15.200000	-0.016607	-0.506667	0.490060	0.061222 	0.009126
-15.100000	-0.016521	-0.503333	0.486812	0.063007 	0.009157
-15.000000	-0.016433	-0.500000	0.483567	0.064803 	0.009187
-14.900000	-0.016342	-0.496667	0.480325	0.066610 	0.009218
-14.800000	-0.016247	-0.493333	0.477086	0.068428 	0.009250
-14.700000	-0.016150	-0.490000	0.473850	0.070258 	0.009281
-14.600000	-0.016050	-0.486667	0.470617	0.072099 	0.009313
-14.500000	-0.015946	-0.483333	0.467387	0.073951 	0.009345
-14.400000	-0.015840	-0.480000	0.464160	0.075815 	0.009377
-14.300000	-0.015731	-0.476667	0.460936	0.077690 	0.009410
-14.200000	-0.015618	-0.473333	0.457715	0.079576 	0.009443
-14.100000	-0.015503	-0.470000	0.454497	0.081475 	0.009477
-14.000000	-0.015384	-0.466667	0.451282	0.083385 	0.009510
-13.900000	-0.015263	-0.463333	0.448070	0.085306 	0.009544
-13.800000	-0.015138	-0.460000	0.444862	0.087239 	0.009579
-13.700000	-0.015010	-0.456667	0.441656	0.089184 	0.009613
-13.600000	-0.014879	-0.453333	0.438454	0.091141 	0.009648
-13.500000	-0.014745	-0.450000	0.435255	0.093110 	0.009684
-13.400000	-0.014608	-0.446667	0.432059	0.095090 	0.009720
-13.300000	-0.014467	-0.443333	0.428866	0.097082 	0.009756
-13.200000	-0.014324	-0.440000	0.425676	0.099087 	0.009792
-13.100000	-0.014177	-0.436667	0.422490	0.101103 	0.009829
-13.000000	-0.014027	-0.433333	0.419306	0.103132 	0.009866
-12.900000	-0.013874	-0.430000	0.416126	0.105173 	0.009904
-12.800000	-0.013717	-0.426667	0.412950	0.107226 	0.009942
-12.700000	-0.013557	-0.423333	0.409776	0.109291 	0.009980
-12.600000	-0.013394	-0.420000	0.406606	0.111368 	0.010019
-12.500000	-0.013228	-0.416667	0.403439	0.113458 	0.010058
-12.400000	-0.013058	-0.413333	0.400275	0.115560 	0.010098
-12.300000	-0.012885	-0.410000	0.397115	0.117675 	0.010138
-12.200000	-0.012708	-0.406667	0.393958	0.119801 	0.010179
-12.100000	-0.012528	-0.403333	0.390805	0.121941 	0.010220
-12.000000	-0.012345	-0.400000	0.387655	0.124092 	0.010261
-11.900000	-0.012158	-0.396667	0.384508	0.126256 	0.010303
-11.800000	-0.011968	-0.393333	0.381365	0.128433 	0.010345
-11.700000	-0.011774	-0.390000	0.378226	0.130621 	0.010388
-11.600000	-0.011577	-0.386667	0.375090	0.132822 	0.010432
-11.500000	-0.011376	-0.383333	0.371957	0.135036 	0.010475
-11.400000	-0.011172	-0.380000	0.368828	0.137261 	0.010520
-11.300000	-0.010964	-0.376667	0.365703	0.139499 	0.010565
-11.200000	-0.010752	-0.373333	0.362581	0.141749 	0.010610
-11.100000	-0.010536	-0.370000	0.359464	0.144012 	0.010656
-11.000000	-0.010317	-0.366667	0.356350	0.146286 	0.010702
-10.900000	-0.010094	-0.363333	0.353239	0.148572 	0.010749
-10.800000	-0.009867	-0.360000	0.350133	0.150870 	0.010797
-10.700000	-0.009636	-0.356667	0.347031	0.153180 	0.010845
-10.600000	-0.009401	-0.353333	0.343932	0.155502 	0.010894
-10.500000	-0.009163	-0.350000	0.340837	0.157835 	0.010943
-10.400000	-0.008920	-0.346667	0.337747	0.160180 	0.010993
-10.300000	-0.008673	-0.343333	0.334661	0.162536 	0.011044
-10.200000	-0.008422	-0.340000	0.331578	0.164904 	0.011095
-10.100000	-0.008167	-0.336667	0.328500	0.167282 	0.011147
-10.000000	-0.007907	-0.333333	0.325426	0.169671 	0.011199
-9.900000	-0.007643	-0.330000	0.322357	0.172072 	0.011252
-9.800000	-0.007375	-0.326667	0.319292	0.174482 	0.011306
-9.700000	-0.007103	-0.323333	0.316231	0.176903 	0.011361
-9.600000	-0.006826	-0.320000	0.313174	0.179335 	0.011416
-9.500000	-0.006544	-0.316667	0.310123	0.181776 	0.011472
-9.400000	-0.006258	-0.313333	0.307075	0.184227 	0.011529
-9.300000	-0.005967	-0.310000	0.304033	0.186688 	0.011587
-9.200000	-0.005672	-0.306667	0.300995	0.189158 	0.011645
-9.100000	-0.005371	-0.303333	0.297962	0.191638 	0.011704
-9.000000	-0.005066	-0.300000	0.294934	0.194126 	0.011764
-8.900000	-0.004756	-0.296667	0.291910	0.196622 	0.011825
-8.800000	-0.004441	-0.293333	0.288892	0.199127 	0.011886
-8.700000	-0.004121	-0.290000	0.285879	0.201640 	0.011949
-8.600000	-0.003796	-0.286667	0.282871	0.204160 	0.012012
-8.500000	-0.003465	-0.283333	0.279868	0.206688 	0.012076
-8.400000	-0.003130	-0.280000	0.276870	0.209222 	0.012142
-8.300000	-0.002788	-0.276667	0.273878	0.211762 	0.012208
-8.200000	-0.002441	-0.273333	0.270892	0.214307 	0.012275
-8.100000	-0.002089	-0.270000	0.267911	0.216858 	0.012343
-8.000000	-0.001731	-0.266667	0.264936	0.219412 	0.012412
-7.900000	-0.001366	-0.263333	0.261967	0.221969 	0.012482
-7.800000	-0.000996	-0.260000	0.259004	0.224529 	0.012553
-7.700000	-0.000619	-0.256667	0.256048	0.227089 	0.012626
-7.600000	-0.000236	-0.253333	0.253098	0.229648 	0.012699
-7.500000	0.000155	-0.250000	0.250155	0.232206 	0.012774
-7.400000	0.000552	-0.246667	0.247219	0.234758 	0.012849
-7.300000	0.000957	-0.243333	0.244290	0.237305 	0.012926
-7.200000	0.001370	-0.240000	0.241370	0.239842 	0.013004
-7.100000	0.001791	-0.236667	0.238457	0.242366 	0.013083
-7.000000	0.002220	-0.233333	0.235554	0.244875 	0.013164
-6.900000	0.002659	-0.230000	0.232659	0.247365 	0.013245
-6.800000	0.003108	-0.226667	0.229775	0.249831 	0.013328
-6.700000	0.003568	-0.223333	0.226901	0.252269 	0.013412
-6.600000	0.004038	-0.220000	0.224038	0.254674 	0.013498
-6.500000	0.004520	-0.216667	0.221187	0.257043 	0.013584
-6.400000	0.005014	-0.213333	0.218347	0.259371 	0.013672
-6.300000	0.005520	-0.210000	0.215520	0.261655 	0.013762
-6.200000	0.006039	-0.206667	0.212706	0.263894 	0.013852
-6.100000	0.006570	-0.203333	0.209903	0.266088 	0.013945
-6.000000	0.007112	-0.200000	0.207112	0.268240 	0.014038
-5.900000	0.007665	-0.196667	0.204332	0.270354 	0.014133
-5.800000	0.008228	-0.193333	0.201561	0.272438 	0.014230
-5.700000	0.008799	-0.190000	0.198799	0.274502 	0.014329
-5.600000	0.009376	-0.186667	0.196042	0.276557 	0.014429
-5.500000	0.009957	-0.183333	0.193291	0.278615 	0.014532
-5.400000	0.010542	-0.180000	0.190542	0.280686 	0.014636
-5.300000	0.011130	-0.176667	0.187796	0.282777 	0.014743
-5.200000	0.011719	-0.173333	0.185052	0.284891 	0.014851
-5.100000	0.012310	-0.170000	0.182310	0.287024 	0.014963
-5.000000	0.012905	-0.166667	0.179572	0.289169 	0.015076
-4.900000	0.013506	-0.163333	0.176839	0.291314 	0.015192
-4.800000	0.014113	-0.160000	0.174113	0.293444 	0.015311
-4.700000	0.014729	-0.156667	0.171396	0.295546 	0.015432
-4.600000	0.015356	-0.153333	0.168689	0.297610 	0.015555
-4.500000	0.015992	-0.150000	0.165992	0.299633 	0.015681
-4.400000	0.016638	-0.146667	0.163305	0.301616 	0.015809
-4.300000	0.017293	-0.143333	0.160626	0.303565 	0.015941
-4.200000	0.017956	-0.140000	0.157956	0.305486 	0.016075
-4.100000	0.018626	-0.136667	0.155293	0.307386 	0.016212
-4.000000	0.019303	-0.133333	0.152636	0.309268 	0.016353
-3.900000	0.019986	-0.130000	0.149986	0.311131 	0.016496
-3.800000	0.020675	-0.126667	0.147342	0.312979 	0.016644
-3.700000	0.021369	-0.123333	0.144702	0.314817 	0.016795
-3.600000	0.022067	-0.120000	0.142067	0.316657 	0.016950
-3.500000	0.022767	-0.116667	0.139434	0.318511 	0.017109
-3.400000	0.023468	-0.113333	0.136801	0.320390 	0.017273
-3.300000	0.024170	-0.110000	0.134170	0.322294 	0.017442
-3.200000	0.024874	-0.106667	0.131540	0.324216 	0.017615
-3.100000	0.025581	-0.103333	0.128914	0.326143 	0.017794
-3.000000	0.026292	-0.100000	0.126292	0.328065 	0.017977
-2.900000	0.027008	-0.096667	0.123675	0.329981 	0.018167
-2.800000	0.027728	-0.093333	0.121061	0.331896 	0.018362
-2.700000	0.028451	-0.090000	0.118451	0.333811 	0.018563
-2.600000	0.029178	-0.086667	0.115844	0.335726 	0.018771
-2.500000	0.029909	-0.083333	0.113242	0.337637 	0.018985
-2.400000	0.030643	-0.080000	0.110643	0.339542 	0.019207
-2.300000	0.031382	-0.076667	0.108048	0.341442 	0.019436
-2.200000	0.032124	-0.073333	0.105458	0.343334 	0.019673
-2.100000	0.032871	-0.070000	0.102871	0.345215 	0.019919
-2.000000	0.033621	-0.066667	0.100288	0.347084 	0.020174
-1.900000	0.034375	-0.063333	0.097709	0.348946 	0.020439
-1.800000	0.035132	-0.060000	0.095132	0.350809 	0.020714
-1.700000	0.035891	-0.056667	0.092558	0.352669 	0.021000
-1.600000	0.036653	-0.053333	0.089987	0.354522 	0.021297
-1.500000	0.037418	-0.050000	0.087418	0.356367 	0.021608
-1.400000	0.038186	-0.046667	0.084853	0.358201 	0.021932
-1.300000	0.038957	-0.043333	0.082290	0.360015 	0.022271
-1.200000	0.039731	-0.040000	0.079731	0.361810 	0.022626
-1.100000	0.040508	-0.036667	0.077175	0.363588 	0.022997
-1.000000	0.041287	-0.033333	0.074620	0.365348 	0.023388
-0.900000	0.042067	-0.030000	0.072067	0.367096 	0.023798
-0.800000	0.042848	-0.026667	0.069515	0.368827 	0.024231
-0.700000	0.043631	-0.023333	0.066964	0.370541 	0.024689
-0.600000	0.044413	-0.020000	0.064413	0.372236 	0.025173
-0.500000	0.045198	-0.016667	0.061864	0.373887 	0.025686
-0.400000	0.045983	-0.013333	0.059317	0.375491 	0.026232
-0.300000	0.046767	-0.010000	0.056767	0.377075 	0.026814
-0.200000	0.047549	-0.006667	0.054215	0.378629 	0.027438
-0.100000	0.048329	-0.003333	0.051662	0.380129 	0.028108
0.000000	0.049108	0.000000	0.049108	0.381550 	0.028830
0.100000	0.049889	0.003333	0.046555	0.382837 	0.029610
0.200000	0.050665	0.006667	0.043999	0.384017 	0.030458
0.300000	0.051435	0.010000	0.041435	0.385094 	0.031386
0.400000	0.052197	0.013333	0.038863	0.386045 	0.032408
0.500000	0.052948	0.016667	0.036282	0.386824 	0.033541
0.600000	0.053691	0.020000	0.033691	0.387324 	0.034807
0.700000	0.054424	0.023333	0.031090	0.387397 	0.036233
0.800000	0.055145	0.026667	0.028478	0.386845 	0.037858
0.900000	0.055829	0.030000	0.025829	0.385708 	0.039752
1.000000	0.056479	0.033333	0.023145	0.383608 	0.041994
1.100000	0.057135	0.036667	0.020468	0.380751 	0.044656
1.200000	0.057747	0.040000	0.017747	0.375964 	0.047957
1.300000	0.057338	0.043333	0.014005	0.340869 	0.053986
1.400000	0.054143	0.046667	0.007477	0.188081 	0.073886
1.500000	0.053022	0.050000	0.003022	0.000000 	0.000000
1.600000	0.055987	0.053333	0.002654	0.000000 	0.000000
1.700000	0.059309	0.056667	0.002643	0.000000 	0.000000
1.800000	0.062641	0.060000	0.002641	0.000000 	0.000000
1.900000	0.065948	0.063333	0.002615	0.000000 	0.000000
2.000000	0.069287	0.066667	0.002620	0.000000 	0.000000
2.100000	0.072592	0.070000	0.002592	0.000000 	0.000000
2.200000	0.075920	0.073333	0.002587	0.000000 	0.000000
2.300000	0.079258	0.076667	0.002591	0.000000 	0.000000
2.400000	0.082529	0.080000	0.002529	0.000000 	0.000000
2.500000	0.085939	0.083333	0.002606	0.000000 	0.000000
2.600000	0.089135	0.086667	0.002469	0.000000 	0.000000
2.700000	0.092518	0.090000	0.002518	0.000000 	0.000000
2.800000	0.095877	0.093333	0.002544	0.000000 	0.000000
2.900000	0.098752	0.096667	0.002086	0.000000 	0.000000
3.000000	0.100000	0.100000	0.000000	0.000000 	0.000000
3.100000	0.103333	0.103333	0.000000	0.000000 	0.000000
3.200000	0.106667	0.106667	0.000000	0.000000 	0.000000
3.300000	0.110000	0.110000	0.000000	0.000000 	0.000000
3.400000	0.113333	0.113333	0.000000	0.000000 	0.000000
3.500000	0.116667	0.116667	0.000000	0.000000 	0.000000
3.600000	0.120000	0.120000	0.000000	0.000000 	0.000000
3.700000	0.123333	0.123333	0.000000	0.000000 	0.000000
3.800000	0.126667	0.126667	0.000000	0.000000 	0.000000
3.900000	0.130000	0.130000	0.000000	0.000000 	0.000000
4.000000	0.133333	0.133333	0.000000	0.000000 	0.000000
4.100000	0.136667	0.136667	0.000000	0.000000 	0.000000
4.200000	0.140000	0.140000	0.000000	0.000000 	0.000000
4.300000	0.143333	0.143333	0.000000	0.000000 	0.000000
4.400000	0.146667	0.146667	0.000000	0.000000 	0.000000
4.500000	0.150000	0.150000	0.000000	0.000000 	0.000000
4.600000	0.153333	0.153333	0.000000	0.000000 	0.000000
4.700000	0.156667	0.156667	0.000000	0.000000 	0.000000
4.800000	0.160000	0.160000	0.000000	0.000000 	0.000000
4.900000	0.163333	0.163333	0.000000	0.000000 	0.000000
5.000000	0.166667	0.166667	0.000000	0.000000 	0.000000
5.100000	0.170000	0.170000	0.000000	0.000000 	0.000000
5.200000	0.173333	0.173333	0.000000	0.000000 	0.000000
5.300000	0.176667	0.176667	0.000000	0.000000 	0.000000
5.400000	0.180000	0.180000	0.000000	0.000000 	0.000000
5.500000	0.183333	0.183333	0.000000	0.000000 	0.000000
5.600000	0.186667	0.186667	0.000000	0.000000 	0.000000
5.700000	0.190000	0.190000	0.000000	0.000000 	0.000000
5.800000	0.193333	0.193333	0.000000	0.000000 	0.000000
5.900000	0.196667	0.196667	0.000000	0.000000 	0.000000
6.000000	0.200000	0.200000	0.000000	0.000000 	0.000000
6.100000	0.203333	0.203333	0.000000	0.000000 	0.000000
6.200000	0.206667	0.206667	0.000000	0.000000 	0.000000
6.300000	0.210000	0.210000	0.000000	0.000000 	0.000000
6.400000	0.213333	0.213333	0.000000	0.000000 	0.000000
6.500000	0.216667	0.216667	0.000000	0.000000 	0.000000
6.600000	0.220000	0.220000	0.000000	0.000000 	0.000000
6.700000	0.223333	0.223333	0.000000	0.000000 	0.000000
6.800000	0.226667	0.226667	0.000000	0.000000 	0.000000
6.900000	0.230000	0.230000	0.000000	0.000000 	0.000000
7.000000	0.233333	0.233333	0.000000	0.000000 	0.000000
7.100000	0.236667	0.236667	0.000000	0.000000 	0.000000
7.200000	0.240000	0.240000	0.000000	0.000000 	0.000000
7.300000	0.243333	0.243333	0.000000	0.000000 	0.000000
7.400000	0.246667	0.246667	0.000000	0.000000 	0.000000
7.500000	0.250000	0.250000	0.000000	0.000000 	0.000000
7.600000	0.253333	0.253333	0.000000	0.000000 	0.000000
7.700000	0.256667	0.256667	0.000000	0.000000 	0.000000
7.800000	0.260000	0.260000	0.000000	0.000000 	0.000000
7.900000	0.263333	0.263333	0.000000	0.000000 	0.000000
8.000000	0.266667	0.266667	0.000000	0.000000 	0.000000
8.100000	0.270000	0.270000	0.000000	0.000000 	0.000000
8.200000	0.273333	0.273333	0.000000	0.000000 	0.000000
8.300000	0.276667	0.276667	0.000000	0.000000 	0.000000
8.400000	0.280000	0.280000	0.000000	0.000000 	0.000000
8.500000	0.283333	0.283333	0.000000	0.000000 	0.000000
8.600000	0.286667	0.286667	0.000000	0.000000 	0.000000
8.700000	0.290000	0.290000	0.000000	0.000000 	0.000000
8.800000	0.293333	0.293333	0.000000	0.000000 	0.000000
8.900000	0.296667	0.296667	0.000000	0.000000 	0.000000
9.000000	0.300000	0.300000	0.000000	0.000000 	0.000000
9.100000	0.303333	0.303333	0.000000	0.000000 	0.000000
9.200000	0.306667	0.306667	0.000000	0.000000 	0.000000
9.300000	0.310000	0.310000	0.000000	0.000000 	0.000000
9.400000	0.313333	0.313333	0.000000	0.000000 	0.000000
9.500000	0.316667	0.316667	0.000000	0.000000 	0.000000
9.600000	0.320000	0.320000	0.000000	0.000000 	0.000000
9.700000	0.323333	0.323333	0.000000	0.000000 	0.000000
9.800000	0.326667	0.326667	0.000000	0.000000 	0.000000
9.900000	0.330000	0.330000	0.000000	0.000000 	0.000000
