VARIABLES = X,Ksi,B,H,U,tau 
ZONE T="Time 30.000000", I=1100, DATAPACKING=POINT
-100.000000	0.001741	-3.333333	3.335074	-0.045150 	0.003498
-99.900000	-0.001793	-3.330000	3.328207	-0.039144 	0.003502
-99.800000	-0.000259	-3.326667	3.326408	-0.041832 	0.003503
-99.700000	-0.000879	-3.323333	3.322454	-0.040823 	0.003505
-99.600000	-0.000583	-3.320000	3.319417	-0.041385 	0.003507
-99.500000	-0.000676	-3.316667	3.315991	-0.041278 	0.003508
-99.400000	-0.000604	-3.313333	3.312729	-0.041455 	0.003510
-99.300000	-0.000602	-3.310000	3.309398	-0.041510 	0.003512
-99.200000	-0.000570	-3.306667	3.306097	-0.041616 	0.003514
-99.100000	-0.000550	-3.303333	3.302783	-0.041700 	0.003515
-99.000000	-0.000526	-3.300000	3.299474	-0.041792 	0.003517
-98.900000	-0.000503	-3.296667	3.296164	-0.041879 	0.003519
-98.800000	-0.000479	-3.293333	3.292854	-0.041967 	0.003521
-98.700000	-0.000456	-3.290000	3.289544	-0.042054 	0.003522
-98.600000	-0.000433	-3.286667	3.286234	-0.042141 	0.003524
-98.500000	-0.000409	-3.283333	3.282924	-0.042227 	0.003526
-98.400000	-0.000385	-3.280000	3.279615	-0.042312 	0.003528
-98.300000	-0.000362	-3.276667	3.276305	-0.042396 	0.003530
-98.200000	-0.000338	-3.273333	3.272995	-0.042480 	0.003531
-98.100000	-0.000314	-3.270000	3.269686	-0.042563 	0.003533
-98.000000	-0.000290	-3.266667	3.266377	-0.042645 	0.003535
-97.900000	-0.000266	-3.263333	3.263067	-0.042726 	0.003537
-97.800000	-0.000242	-3.260000	3.259758	-0.042807 	0.003539
-97.700000	-0.000218	-3.256667	3.256449	-0.042887 	0.003540
-97.600000	-0.000194	-3.253333	3.253139	-0.042966 	0.003542
-97.500000	-0.000170	-3.250000	3.249830	-0.043045 	0.003544
-97.400000	-0.000146	-3.246667	3.246521	-0.043123 	0.003546
-97.300000	-0.000121	-3.243333	3.243212	-0.043200 	0.003548
-97.200000	-0.000097	-3.240000	3.239903	-0.043276 	0.003549
-97.100000	-0.000072	-3.236667	3.236595	-0.043352 	0.003551
-97.000000	-0.000048	-3.233333	3.233285	-0.043427 	0.003553
-96.900000	-0.000023	-3.230000	3.229977	-0.043501 	0.003555
-96.800000	0.000001	-3.226667	3.226668	-0.043574 	0.003557
-96.700000	0.000026	-3.223333	3.223359	-0.043647 	0.003558
-96.600000	0.000051	-3.220000	3.220051	-0.043719 	0.003560
-96.500000	0.000075	-3.216667	3.216742	-0.043790 	0.003562
-96.400000	0.000100	-3.213333	3.213433	-0.043860 	0.003564
-96.300000	0.000125	-3.210000	3.210125	-0.043929 	0.003566
-96.200000	0.000150	-3.206667	3.206817	-0.043998 	0.003568
-96.100000	0.000175	-3.203333	3.203508	-0.044066 	0.003569
-96.000000	0.000200	-3.200000	3.200200	-0.044133 	0.003571
-95.900000	0.000225	-3.196667	3.196892	-0.044199 	0.003573
-95.800000	0.000250	-3.193333	3.193583	-0.044264 	0.003575
-95.700000	0.000276	-3.190000	3.190276	-0.044329 	0.003577
-95.600000	0.000301	-3.186667	3.186968	-0.044393 	0.003579
-95.500000	0.000326	-3.183333	3.183659	-0.044456 	0.003581
-95.400000	0.000351	-3.180000	3.180351	-0.044518 	0.003582
-95.300000	0.000377	-3.176667	3.177044	-0.044580 	0.003584
-95.200000	0.000402	-3.173333	3.173735	-0.044640 	0.003586
-95.100000	0.000428	-3.170000	3.170428	-0.044700 	0.003588
-95.000000	0.000453	-3.166667	3.167120	-0.044759 	0.003590
-94.900000	0.000479	-3.163333	3.163812	-0.044817 	0.003592
-94.800000	0.000504	-3.160000	3.160504	-0.044874 	0.003594
-94.700000	0.000530	-3.156667	3.157197	-0.044931 	0.003596
-94.600000	0.000556	-3.153333	3.153889	-0.044986 	0.003597
-94.500000	0.000582	-3.150000	3.150582	-0.045041 	0.003599
-94.400000	0.000607	-3.146667	3.147274	-0.045095 	0.003601
-94.300000	0.000633	-3.143333	3.143966	-0.045148 	0.003603
-94.200000	0.000659	-3.140000	3.140659	-0.045200 	0.003605
-94.100000	0.000685	-3.136667	3.137352	-0.045251 	0.003607
-94.000000	0.000711	-3.133333	3.134044	-0.045302 	0.003609
-93.900000	0.000737	-3.130000	3.130737	-0.045351 	0.003611
-93.800000	0.000763	-3.126667	3.127430	-0.045400 	0.003613
-93.700000	0.000789	-3.123333	3.124122	-0.045448 	0.003615
-93.600000	0.000815	-3.120000	3.120815	-0.045494 	0.003616
-93.500000	0.000841	-3.116667	3.117508	-0.045540 	0.003618
-93.400000	0.000867	-3.113333	3.114200	-0.045586 	0.003620
-93.300000	0.000893	-3.110000	3.110893	-0.045630 	0.003622
-93.200000	0.000920	-3.106667	3.107587	-0.045673 	0.003624
-93.100000	0.000946	-3.103333	3.104279	-0.045715 	0.003626
-93.000000	0.000972	-3.100000	3.100972	-0.045757 	0.003628
-92.900000	0.000998	-3.096667	3.097665	-0.045797 	0.003630
-92.800000	0.001025	-3.093333	3.094358	-0.045837 	0.003632
-92.700000	0.001051	-3.090000	3.091051	-0.045876 	0.003634
-92.600000	0.001077	-3.086667	3.087744	-0.045913 	0.003636
-92.500000	0.001104	-3.083333	3.084437	-0.045950 	0.003638
-92.400000	0.001130	-3.080000	3.081130	-0.045986 	0.003640
-92.300000	0.001157	-3.076667	3.077824	-0.046021 	0.003642
-92.200000	0.001183	-3.073333	3.074516	-0.046055 	0.003644
-92.100000	0.001210	-3.070000	3.071210	-0.046088 	0.003646
-92.000000	0.001236	-3.066667	3.067903	-0.046120 	0.003648
-91.900000	0.001263	-3.063333	3.064596	-0.046151 	0.003649
-91.800000	0.001289	-3.060000	3.061289	-0.046182 	0.003651
-91.700000	0.001316	-3.056667	3.057983	-0.046211 	0.003653
-91.600000	0.001342	-3.053333	3.054675	-0.046239 	0.003655
-91.500000	0.001369	-3.050000	3.051369	-0.046266 	0.003657
-91.400000	0.001396	-3.046667	3.048063	-0.046293 	0.003659
-91.300000	0.001422	-3.043333	3.044755	-0.046318 	0.003661
-91.200000	0.001449	-3.040000	3.041449	-0.046342 	0.003663
-91.100000	0.001476	-3.036667	3.038143	-0.046366 	0.003665
-91.000000	0.001502	-3.033333	3.034835	-0.046388 	0.003667
-90.900000	0.001529	-3.030000	3.031529	-0.046409 	0.003669
-90.800000	0.001555	-3.026667	3.028222	-0.046430 	0.003671
-90.700000	0.001582	-3.023333	3.024915	-0.046449 	0.003673
-90.600000	0.001609	-3.020000	3.021609	-0.046467 	0.003675
-90.500000	0.001636	-3.016667	3.018303	-0.046485 	0.003677
-90.400000	0.001662	-3.013333	3.014995	-0.046501 	0.003679
-90.300000	0.001689	-3.010000	3.011689	-0.046516 	0.003681
-90.200000	0.001716	-3.006667	3.008383	-0.046531 	0.003683
-90.100000	0.001742	-3.003333	3.005075	-0.046544 	0.003685
-90.000000	0.001769	-3.000000	3.001769	-0.046556 	0.003687
-89.900000	0.001796	-2.996667	2.998463	-0.046567 	0.003690
-89.800000	0.001822	-2.993333	2.995155	-0.046577 	0.003692
-89.700000	0.001849	-2.990000	2.991849	-0.046586 	0.003694
-89.600000	0.001876	-2.986667	2.988543	-0.046594 	0.003696
-89.500000	0.001902	-2.983333	2.985235	-0.046601 	0.003698
-89.400000	0.001929	-2.980000	2.981929	-0.046607 	0.003700
-89.300000	0.001956	-2.976667	2.978623	-0.046612 	0.003702
-89.200000	0.001982	-2.973333	2.975315	-0.046615 	0.003704
-89.100000	0.002009	-2.970000	2.972009	-0.046618 	0.003706
-89.000000	0.002035	-2.966667	2.968702	-0.046620 	0.003708
-88.900000	0.002062	-2.963333	2.965395	-0.046620 	0.003710
-88.800000	0.002089	-2.960000	2.962089	-0.046619 	0.003712
-88.700000	0.002115	-2.956667	2.958782	-0.046618 	0.003714
-88.600000	0.002142	-2.953333	2.955475	-0.046615 	0.003716
-88.500000	0.002168	-2.950000	2.952168	-0.046611 	0.003718
-88.400000	0.002195	-2.946667	2.948862	-0.046606 	0.003720
-88.300000	0.002221	-2.943333	2.945554	-0.046600 	0.003722
-88.200000	0.002248	-2.940000	2.942248	-0.046592 	0.003725
-88.100000	0.002274	-2.936667	2.938941	-0.046584 	0.003727
-88.000000	0.002300	-2.933333	2.935633	-0.046574 	0.003729
-87.900000	0.002327	-2.930000	2.932327	-0.046564 	0.003731
-87.800000	0.002353	-2.926667	2.929020	-0.046552 	0.003733
-87.700000	0.002379	-2.923333	2.925712	-0.046539 	0.003735
-87.600000	0.002405	-2.920000	2.922405	-0.046525 	0.003737
-87.500000	0.002432	-2.916667	2.919099	-0.046510 	0.003739
-87.400000	0.002458	-2.913333	2.915791	-0.046493 	0.003741
-87.300000	0.002484	-2.910000	2.912484	-0.046476 	0.003744
-87.200000	0.002510	-2.906667	2.909177	-0.046457 	0.003746
-87.100000	0.002536	-2.903333	2.905869	-0.046437 	0.003748
-87.000000	0.002562	-2.900000	2.902562	-0.046416 	0.003750
-86.900000	0.002588	-2.896667	2.899255	-0.046393 	0.003752
-86.800000	0.002614	-2.893333	2.895947	-0.046370 	0.003754
-86.700000	0.002639	-2.890000	2.892639	-0.046345 	0.003756
-86.600000	0.002665	-2.886667	2.889332	-0.046319 	0.003759
-86.500000	0.002691	-2.883333	2.886024	-0.046292 	0.003761
-86.400000	0.002717	-2.880000	2.882717	-0.046264 	0.003763
-86.300000	0.002742	-2.876667	2.879409	-0.046234 	0.003765
-86.200000	0.002768	-2.873333	2.876101	-0.046204 	0.003767
-86.100000	0.002793	-2.870000	2.872793	-0.046172 	0.003769
-86.000000	0.002819	-2.866667	2.869486	-0.046139 	0.003772
-85.900000	0.002844	-2.863333	2.866177	-0.046104 	0.003774
-85.800000	0.002869	-2.860000	2.862869	-0.046068 	0.003776
-85.700000	0.002894	-2.856667	2.859561	-0.046031 	0.003778
-85.600000	0.002919	-2.853333	2.856252	-0.045993 	0.003780
-85.500000	0.002944	-2.850000	2.852944	-0.045954 	0.003782
-85.400000	0.002969	-2.846667	2.849636	-0.045913 	0.003785
-85.300000	0.002994	-2.843333	2.846327	-0.045871 	0.003787
-85.200000	0.003019	-2.840000	2.843019	-0.045828 	0.003789
-85.100000	0.003044	-2.836667	2.839711	-0.045784 	0.003791
-85.000000	0.003069	-2.833333	2.836402	-0.045738 	0.003793
-84.900000	0.003093	-2.830000	2.833093	-0.045691 	0.003796
-84.800000	0.003118	-2.826667	2.829785	-0.045642 	0.003798
-84.700000	0.003142	-2.823333	2.826475	-0.045593 	0.003800
-84.600000	0.003166	-2.820000	2.823166	-0.045542 	0.003802
-84.500000	0.003190	-2.816667	2.819857	-0.045490 	0.003805
-84.400000	0.003215	-2.813333	2.816548	-0.045436 	0.003807
-84.300000	0.003239	-2.810000	2.813239	-0.045381 	0.003809
-84.200000	0.003263	-2.806667	2.809930	-0.045325 	0.003811
-84.100000	0.003286	-2.803333	2.806619	-0.045267 	0.003814
-84.000000	0.003310	-2.800000	2.803310	-0.045209 	0.003816
-83.900000	0.003334	-2.796667	2.800001	-0.045148 	0.003818
-83.800000	0.003357	-2.793333	2.796690	-0.045087 	0.003820
-83.700000	0.003381	-2.790000	2.793381	-0.045024 	0.003823
-83.600000	0.003404	-2.786667	2.790071	-0.044960 	0.003825
-83.500000	0.003427	-2.783333	2.786760	-0.044894 	0.003827
-83.400000	0.003450	-2.780000	2.783450	-0.044827 	0.003829
-83.300000	0.003473	-2.776667	2.780140	-0.044759 	0.003832
-83.200000	0.003496	-2.773333	2.776829	-0.044689 	0.003834
-83.100000	0.003519	-2.770000	2.773519	-0.044618 	0.003836
-83.000000	0.003542	-2.766667	2.770209	-0.044546 	0.003838
-82.900000	0.003564	-2.763333	2.766897	-0.044472 	0.003841
-82.800000	0.003586	-2.760000	2.763586	-0.044397 	0.003843
-82.700000	0.003609	-2.756667	2.760276	-0.044320 	0.003845
-82.600000	0.003631	-2.753333	2.756964	-0.044242 	0.003848
-82.500000	0.003653	-2.750000	2.753653	-0.044163 	0.003850
-82.400000	0.003675	-2.746667	2.750342	-0.044082 	0.003852
-82.300000	0.003697	-2.743333	2.747030	-0.044000 	0.003855
-82.200000	0.003718	-2.740000	2.743718	-0.043917 	0.003857
-82.100000	0.003740	-2.736667	2.740407	-0.043832 	0.003859
-82.000000	0.003761	-2.733333	2.737094	-0.043745 	0.003862
-81.900000	0.003782	-2.730000	2.733782	-0.043657 	0.003864
-81.800000	0.003804	-2.726667	2.730471	-0.043568 	0.003866
-81.700000	0.003825	-2.723333	2.727158	-0.043478 	0.003869
-81.600000	0.003845	-2.720000	2.723845	-0.043385 	0.003871
-81.500000	0.003866	-2.716667	2.720533	-0.043292 	0.003873
-81.400000	0.003887	-2.713333	2.717220	-0.043197 	0.003876
-81.300000	0.003907	-2.710000	2.713907	-0.043101 	0.003878
-81.200000	0.003927	-2.706667	2.710594	-0.043003 	0.003880
-81.100000	0.003948	-2.703333	2.707281	-0.042904 	0.003883
-81.000000	0.003968	-2.700000	2.703968	-0.042803 	0.003885
-80.900000	0.003988	-2.696667	2.700655	-0.042701 	0.003888
-80.800000	0.004007	-2.693333	2.697340	-0.042597 	0.003890
-80.700000	0.004027	-2.690000	2.694027	-0.042492 	0.003892
-80.600000	0.004046	-2.686667	2.690713	-0.042386 	0.003895
-80.500000	0.004066	-2.683333	2.687399	-0.042278 	0.003897
-80.400000	0.004085	-2.680000	2.684085	-0.042168 	0.003900
-80.300000	0.004104	-2.676667	2.680771	-0.042058 	0.003902
-80.200000	0.004123	-2.673333	2.677456	-0.041945 	0.003904
-80.100000	0.004142	-2.670000	2.674142	-0.041832 	0.003907
-80.000000	0.004160	-2.666667	2.670827	-0.041716 	0.003909
-79.900000	0.004179	-2.663333	2.667512	-0.041600 	0.003912
-79.800000	0.004197	-2.660000	2.664197	-0.041481 	0.003914
-79.700000	0.004215	-2.656667	2.660882	-0.041362 	0.003917
-79.600000	0.004233	-2.653333	2.657566	-0.041241 	0.003919
-79.500000	0.004251	-2.650000	2.654251	-0.041118 	0.003921
-79.400000	0.004269	-2.646667	2.650936	-0.040994 	0.003924
-79.300000	0.004286	-2.643333	2.647619	-0.040868 	0.003926
-79.200000	0.004304	-2.640000	2.644304	-0.040741 	0.003929
-79.100000	0.004321	-2.636667	2.640988	-0.040613 	0.003931
-79.000000	0.004338	-2.633333	2.637671	-0.040483 	0.003934
-78.900000	0.004355	-2.630000	2.634355	-0.040352 	0.003936
-78.800000	0.004372	-2.626667	2.631039	-0.040219 	0.003939
-78.700000	0.004389	-2.623333	2.627722	-0.040084 	0.003941
-78.600000	0.004405	-2.620000	2.624405	-0.039948 	0.003944
-78.500000	0.004422	-2.616667	2.621089	-0.039811 	0.003946
-78.400000	0.004438	-2.613333	2.617771	-0.039672 	0.003949
-78.300000	0.004454	-2.610000	2.614454	-0.039532 	0.003951
-78.200000	0.004470	-2.606667	2.611137	-0.039390 	0.003954
-78.100000	0.004486	-2.603333	2.607819	-0.039247 	0.003956
-78.000000	0.004502	-2.600000	2.604502	-0.039102 	0.003959
-77.900000	0.004517	-2.596667	2.601184	-0.038956 	0.003961
-77.800000	0.004533	-2.593333	2.597866	-0.038808 	0.003964
-77.700000	0.004548	-2.590000	2.594548	-0.038659 	0.003966
-77.600000	0.004563	-2.586667	2.591230	-0.038508 	0.003969
-77.500000	0.004578	-2.583333	2.587911	-0.038356 	0.003971
-77.400000	0.004593	-2.580000	2.584593	-0.038203 	0.003974
-77.300000	0.004607	-2.576667	2.581274	-0.038047 	0.003976
-77.200000	0.004622	-2.573333	2.577955	-0.037891 	0.003979
-77.100000	0.004636	-2.570000	2.574636	-0.037733 	0.003982
-77.000000	0.004650	-2.566667	2.571317	-0.037573 	0.003984
-76.900000	0.004664	-2.563333	2.567997	-0.037412 	0.003987
-76.800000	0.004678	-2.560000	2.564678	-0.037250 	0.003989
-76.700000	0.004692	-2.556667	2.561359	-0.037086 	0.003992
-76.600000	0.004706	-2.553333	2.558039	-0.036920 	0.003995
-76.500000	0.004719	-2.550000	2.554719	-0.036754 	0.003997
-76.400000	0.004733	-2.546667	2.551400	-0.036585 	0.004000
-76.300000	0.004746	-2.543333	2.548079	-0.036415 	0.004002
-76.200000	0.004759	-2.540000	2.544759	-0.036244 	0.004005
-76.100000	0.004772	-2.536667	2.541439	-0.036071 	0.004008
-76.000000	0.004785	-2.533333	2.538118	-0.035897 	0.004010
-75.900000	0.004798	-2.530000	2.534798	-0.035722 	0.004013
-75.800000	0.004810	-2.526667	2.531477	-0.035544 	0.004015
-75.700000	0.004823	-2.523333	2.528156	-0.035366 	0.004018
-75.600000	0.004835	-2.520000	2.524835	-0.035186 	0.004021
-75.500000	0.004847	-2.516667	2.521514	-0.035004 	0.004023
-75.400000	0.004859	-2.513333	2.518192	-0.034821 	0.004026
-75.300000	0.004871	-2.510000	2.514871	-0.034637 	0.004029
-75.200000	0.004883	-2.506667	2.511550	-0.034451 	0.004031
-75.100000	0.004894	-2.503333	2.508227	-0.034264 	0.004034
-75.000000	0.004906	-2.500000	2.504906	-0.034075 	0.004037
-74.900000	0.004917	-2.496667	2.501584	-0.033885 	0.004039
-74.800000	0.004929	-2.493333	2.498262	-0.033693 	0.004042
-74.700000	0.004940	-2.490000	2.494940	-0.033500 	0.004045
-74.600000	0.004951	-2.486667	2.491618	-0.033305 	0.004047
-74.500000	0.004961	-2.483333	2.488294	-0.033109 	0.004050
-74.400000	0.004972	-2.480000	2.484972	-0.032912 	0.004053
-74.300000	0.004983	-2.476667	2.481650	-0.032713 	0.004056
-74.200000	0.004993	-2.473333	2.478326	-0.032513 	0.004058
-74.100000	0.005004	-2.470000	2.475004	-0.032311 	0.004061
-74.000000	0.005014	-2.466667	2.471681	-0.032108 	0.004064
-73.900000	0.005024	-2.463333	2.468357	-0.031903 	0.004066
-73.800000	0.005034	-2.460000	2.465034	-0.031697 	0.004069
-73.700000	0.005044	-2.456667	2.461711	-0.031489 	0.004072
-73.600000	0.005053	-2.453333	2.458386	-0.031280 	0.004075
-73.500000	0.005063	-2.450000	2.455063	-0.031070 	0.004077
-73.400000	0.005072	-2.446667	2.451739	-0.030858 	0.004080
-73.300000	0.005082	-2.443333	2.448415	-0.030645 	0.004083
-73.200000	0.005091	-2.440000	2.445091	-0.030430 	0.004086
-73.100000	0.005100	-2.436667	2.441767	-0.030214 	0.004089
-73.000000	0.005109	-2.433333	2.438442	-0.029997 	0.004091
-72.900000	0.005118	-2.430000	2.435118	-0.029778 	0.004094
-72.800000	0.005127	-2.426667	2.431794	-0.029557 	0.004097
-72.700000	0.005135	-2.423333	2.428468	-0.029335 	0.004100
-72.600000	0.005144	-2.420000	2.425144	-0.029112 	0.004102
-72.500000	0.005152	-2.416667	2.421819	-0.028888 	0.004105
-72.400000	0.005161	-2.413333	2.418494	-0.028662 	0.004108
-72.300000	0.005169	-2.410000	2.415169	-0.028434 	0.004111
-72.200000	0.005177	-2.406667	2.411844	-0.028205 	0.004114
-72.100000	0.005185	-2.403333	2.408518	-0.027975 	0.004117
-72.000000	0.005193	-2.400000	2.405193	-0.027743 	0.004119
-71.900000	0.005200	-2.396667	2.401867	-0.027510 	0.004122
-71.800000	0.005208	-2.393333	2.398541	-0.027276 	0.004125
-71.700000	0.005215	-2.390000	2.395215	-0.027040 	0.004128
-71.600000	0.005223	-2.386667	2.391890	-0.026803 	0.004131
-71.500000	0.005230	-2.383333	2.388563	-0.026564 	0.004134
-71.400000	0.005237	-2.380000	2.385237	-0.026324 	0.004137
-71.300000	0.005244	-2.376667	2.381911	-0.026082 	0.004140
-71.200000	0.005251	-2.373333	2.378584	-0.025840 	0.004142
-71.100000	0.005258	-2.370000	2.375258	-0.025595 	0.004145
-71.000000	0.005264	-2.366667	2.371931	-0.025350 	0.004148
-70.900000	0.005271	-2.363333	2.368604	-0.025103 	0.004151
-70.800000	0.005277	-2.360000	2.365277	-0.024854 	0.004154
-70.700000	0.005283	-2.356667	2.361950	-0.024605 	0.004157
-70.600000	0.005290	-2.353333	2.358623	-0.024354 	0.004160
-70.500000	0.005296	-2.350000	2.355296	-0.024101 	0.004163
-70.400000	0.005301	-2.346667	2.351968	-0.023847 	0.004166
-70.300000	0.005307	-2.343333	2.348640	-0.023592 	0.004169
-70.200000	0.005313	-2.340000	2.345313	-0.023335 	0.004172
-70.100000	0.005319	-2.336667	2.341986	-0.023077 	0.004175
-70.000000	0.005324	-2.333333	2.338657	-0.022818 	0.004178
-69.900000	0.005329	-2.330000	2.335329	-0.022557 	0.004181
-69.800000	0.005335	-2.326667	2.332002	-0.022295 	0.004184
-69.700000	0.005340	-2.323333	2.328673	-0.022031 	0.004187
-69.600000	0.005345	-2.320000	2.325345	-0.021767 	0.004190
-69.500000	0.005350	-2.316667	2.322017	-0.021500 	0.004193
-69.400000	0.005354	-2.313333	2.318687	-0.021233 	0.004196
-69.300000	0.005359	-2.310000	2.315359	-0.020964 	0.004199
-69.200000	0.005364	-2.306667	2.312031	-0.020694 	0.004202
-69.100000	0.005368	-2.303333	2.308701	-0.020422 	0.004205
-69.000000	0.005372	-2.300000	2.305372	-0.020149 	0.004208
-68.900000	0.005376	-2.296667	2.302043	-0.019875 	0.004211
-68.800000	0.005380	-2.293333	2.298713	-0.019599 	0.004214
-68.700000	0.005384	-2.290000	2.295384	-0.019322 	0.004217
-68.600000	0.005388	-2.286667	2.292055	-0.019044 	0.004220
-68.500000	0.005392	-2.283333	2.288725	-0.018765 	0.004223
-68.400000	0.005395	-2.280000	2.285395	-0.018484 	0.004226
-68.300000	0.005399	-2.276667	2.282066	-0.018201 	0.004229
-68.200000	0.005402	-2.273333	2.278735	-0.017918 	0.004232
-68.100000	0.005405	-2.270000	2.275405	-0.017633 	0.004235
-68.000000	0.005408	-2.266667	2.272075	-0.017347 	0.004238
-67.900000	0.005411	-2.263333	2.268744	-0.017059 	0.004242
-67.800000	0.005414	-2.260000	2.265414	-0.016770 	0.004245
-67.700000	0.005417	-2.256667	2.262084	-0.016480 	0.004248
-67.600000	0.005420	-2.253333	2.258753	-0.016189 	0.004251
-67.500000	0.005422	-2.250000	2.255422	-0.015896 	0.004254
-67.400000	0.005424	-2.246667	2.252091	-0.015602 	0.004257
-67.300000	0.005427	-2.243333	2.248760	-0.015306 	0.004260
-67.200000	0.005429	-2.240000	2.245429	-0.015010 	0.004264
-67.100000	0.005431	-2.236667	2.242098	-0.014712 	0.004267
-67.000000	0.005433	-2.233333	2.238766	-0.014412 	0.004270
-66.900000	0.005434	-2.230000	2.235434	-0.014112 	0.004273
-66.800000	0.005436	-2.226667	2.232103	-0.013810 	0.004276
-66.700000	0.005438	-2.223333	2.228771	-0.013507 	0.004279
-66.600000	0.005439	-2.220000	2.225439	-0.013202 	0.004283
-66.500000	0.005440	-2.216667	2.222107	-0.012896 	0.004286
-66.400000	0.005441	-2.213333	2.218774	-0.012589 	0.004289
-66.300000	0.005442	-2.210000	2.215442	-0.012281 	0.004292
-66.200000	0.005443	-2.206667	2.212110	-0.011971 	0.004295
-66.100000	0.005444	-2.203333	2.208777	-0.011660 	0.004299
-66.000000	0.005445	-2.200000	2.205445	-0.011348 	0.004302
-65.900000	0.005445	-2.196667	2.202112	-0.011035 	0.004305
-65.800000	0.005446	-2.193333	2.198779	-0.010720 	0.004309
-65.700000	0.005446	-2.190000	2.195446	-0.010404 	0.004312
-65.600000	0.005446	-2.186667	2.192113	-0.010087 	0.004315
-65.500000	0.005446	-2.183333	2.188779	-0.009769 	0.004318
-65.400000	0.005446	-2.180000	2.185446	-0.009449 	0.004322
-65.300000	0.005446	-2.176667	2.182113	-0.009128 	0.004325
-65.200000	0.005446	-2.173333	2.178779	-0.008806 	0.004328
-65.100000	0.005445	-2.170000	2.175445	-0.008482 	0.004332
-65.000000	0.005445	-2.166667	2.172112	-0.008158 	0.004335
-64.900000	0.005444	-2.163333	2.168777	-0.007832 	0.004338
-64.800000	0.005443	-2.160000	2.165443	-0.007505 	0.004342
-64.700000	0.005442	-2.156667	2.162109	-0.007176 	0.004345
-64.600000	0.005441	-2.153333	2.158774	-0.006847 	0.004348
-64.500000	0.005440	-2.150000	2.155440	-0.006516 	0.004352
-64.400000	0.005439	-2.146667	2.152106	-0.006184 	0.004355
-64.300000	0.005437	-2.143333	2.148770	-0.005851 	0.004358
-64.200000	0.005436	-2.140000	2.145436	-0.005516 	0.004362
-64.100000	0.005434	-2.136667	2.142101	-0.005181 	0.004365
-64.000000	0.005432	-2.133333	2.138765	-0.004844 	0.004369
-63.900000	0.005430	-2.130000	2.135430	-0.004506 	0.004372
-63.800000	0.005428	-2.126667	2.132095	-0.004167 	0.004375
-63.700000	0.005426	-2.123333	2.128759	-0.003827 	0.004379
-63.600000	0.005424	-2.120000	2.125424	-0.003485 	0.004382
-63.500000	0.005422	-2.116667	2.122089	-0.003142 	0.004386
-63.400000	0.005419	-2.113333	2.118752	-0.002798 	0.004389
-63.300000	0.005416	-2.110000	2.115416	-0.002453 	0.004393
-63.200000	0.005414	-2.106667	2.112081	-0.002107 	0.004396
-63.100000	0.005411	-2.103333	2.108744	-0.001760 	0.004400
-63.000000	0.005408	-2.100000	2.105408	-0.001411 	0.004403
-62.900000	0.005404	-2.096667	2.102071	-0.001062 	0.004406
-62.800000	0.005401	-2.093333	2.098734	-0.000711 	0.004410
-62.700000	0.005398	-2.090000	2.095398	-0.000359 	0.004414
-62.600000	0.005394	-2.086667	2.092061	-0.000006 	0.004417
-62.500000	0.005391	-2.083333	2.088724	0.000348 	0.004421
-62.400000	0.005387	-2.080000	2.085387	0.000704 	0.004424
-62.300000	0.005383	-2.076667	2.082050	0.001060 	0.004428
-62.200000	0.005379	-2.073333	2.078712	0.001417 	0.004431
-62.100000	0.005375	-2.070000	2.075375	0.001776 	0.004435
-62.000000	0.005370	-2.066667	2.072037	0.002136 	0.004438
-61.900000	0.005366	-2.063333	2.068699	0.002497 	0.004442
-61.800000	0.005361	-2.060000	2.065361	0.002859 	0.004445
-61.700000	0.005357	-2.056667	2.062024	0.003222 	0.004449
-61.600000	0.005352	-2.053333	2.058685	0.003586 	0.004453
-61.500000	0.005347	-2.050000	2.055347	0.003951 	0.004456
-61.400000	0.005342	-2.046667	2.052009	0.004317 	0.004460
-61.300000	0.005337	-2.043333	2.048670	0.004684 	0.004464
-61.200000	0.005332	-2.040000	2.045332	0.005052 	0.004467
-61.100000	0.005326	-2.036667	2.041993	0.005422 	0.004471
-61.000000	0.005321	-2.033333	2.038654	0.005792 	0.004475
-60.900000	0.005315	-2.030000	2.035315	0.006164 	0.004478
-60.800000	0.005309	-2.026667	2.031976	0.006536 	0.004482
-60.700000	0.005303	-2.023333	2.028636	0.006909 	0.004486
-60.600000	0.005297	-2.020000	2.025297	0.007284 	0.004489
-60.500000	0.005291	-2.016667	2.021958	0.007659 	0.004493
-60.400000	0.005285	-2.013333	2.018618	0.008036 	0.004497
-60.300000	0.005279	-2.010000	2.015279	0.008413 	0.004500
-60.200000	0.005272	-2.006667	2.011939	0.008792 	0.004504
-60.100000	0.005265	-2.003333	2.008598	0.009171 	0.004508
-60.000000	0.005259	-2.000000	2.005259	0.009552 	0.004512
-59.900000	0.005252	-1.996667	2.001919	0.009933 	0.004515
-59.800000	0.005245	-1.993333	1.998578	0.010315 	0.004519
-59.700000	0.005238	-1.990000	1.995238	0.010699 	0.004523
-59.600000	0.005230	-1.986667	1.991897	0.011083 	0.004527
-59.500000	0.005223	-1.983333	1.988556	0.011468 	0.004531
-59.400000	0.005216	-1.980000	1.985216	0.011854 	0.004534
-59.300000	0.005208	-1.976667	1.981875	0.012241 	0.004538
-59.200000	0.005200	-1.973333	1.978533	0.012629 	0.004542
-59.100000	0.005192	-1.970000	1.975192	0.013018 	0.004546
-59.000000	0.005184	-1.966667	1.971851	0.013408 	0.004550
-58.900000	0.005176	-1.963333	1.968509	0.013798 	0.004554
-58.800000	0.005168	-1.960000	1.965168	0.014190 	0.004557
-58.700000	0.005160	-1.956667	1.961827	0.014582 	0.004561
-58.600000	0.005151	-1.953333	1.958484	0.014975 	0.004565
-58.500000	0.005143	-1.950000	1.955143	0.015369 	0.004569
-58.400000	0.005134	-1.946667	1.951801	0.015764 	0.004573
-58.300000	0.005125	-1.943333	1.948458	0.016160 	0.004577
-58.200000	0.005116	-1.940000	1.945116	0.016557 	0.004581
-58.100000	0.005107	-1.936667	1.941774	0.016954 	0.004585
-58.000000	0.005098	-1.933333	1.938431	0.017353 	0.004589
-57.900000	0.005089	-1.930000	1.935089	0.017752 	0.004593
-57.800000	0.005080	-1.926667	1.931747	0.018152 	0.004597
-57.700000	0.005070	-1.923333	1.928403	0.018552 	0.004601
-57.600000	0.005060	-1.920000	1.925060	0.018954 	0.004605
-57.500000	0.005051	-1.916667	1.921718	0.019356 	0.004609
-57.400000	0.005041	-1.913333	1.918374	0.019759 	0.004613
-57.300000	0.005031	-1.910000	1.915031	0.020163 	0.004617
-57.200000	0.005021	-1.906667	1.911688	0.020567 	0.004621
-57.100000	0.005011	-1.903333	1.908344	0.020972 	0.004625
-57.000000	0.005000	-1.900000	1.905000	0.021378 	0.004629
-56.900000	0.004990	-1.896667	1.901657	0.021785 	0.004633
-56.800000	0.004979	-1.893333	1.898312	0.022192 	0.004637
-56.700000	0.004969	-1.890000	1.894969	0.022600 	0.004641
-56.600000	0.004958	-1.886667	1.891625	0.023009 	0.004645
-56.500000	0.004947	-1.883333	1.888280	0.023419 	0.004649
-56.400000	0.004936	-1.880000	1.884936	0.023829 	0.004653
-56.300000	0.004925	-1.876667	1.881592	0.024239 	0.004658
-56.200000	0.004914	-1.873333	1.878247	0.024651 	0.004662
-56.100000	0.004903	-1.870000	1.874903	0.025063 	0.004666
-56.000000	0.004891	-1.866667	1.871558	0.025476 	0.004670
-55.900000	0.004880	-1.863333	1.868213	0.025889 	0.004674
-55.800000	0.004868	-1.860000	1.864868	0.026303 	0.004678
-55.700000	0.004856	-1.856667	1.861523	0.026717 	0.004683
-55.600000	0.004844	-1.853333	1.858177	0.027132 	0.004687
-55.500000	0.004833	-1.850000	1.854833	0.027548 	0.004691
-55.400000	0.004820	-1.846667	1.851487	0.027964 	0.004695
-55.300000	0.004808	-1.843333	1.848141	0.028381 	0.004699
-55.200000	0.004796	-1.840000	1.844796	0.028798 	0.004704
-55.100000	0.004784	-1.836667	1.841451	0.029216 	0.004708
-55.000000	0.004771	-1.833333	1.838104	0.029634 	0.004712
-54.900000	0.004759	-1.830000	1.834759	0.030053 	0.004717
-54.800000	0.004746	-1.826667	1.831413	0.030472 	0.004721
-54.700000	0.004733	-1.823333	1.828066	0.030892 	0.004725
-54.600000	0.004720	-1.820000	1.824720	0.031312 	0.004730
-54.500000	0.004707	-1.816667	1.821374	0.031733 	0.004734
-54.400000	0.004694	-1.813333	1.818027	0.032154 	0.004738
-54.300000	0.004681	-1.810000	1.814681	0.032576 	0.004743
-54.200000	0.004668	-1.806667	1.811335	0.032998 	0.004747
-54.100000	0.004654	-1.803333	1.807987	0.033420 	0.004751
-54.000000	0.004641	-1.800000	1.804641	0.033843 	0.004756
-53.900000	0.004627	-1.796667	1.801294	0.034266 	0.004760
-53.800000	0.004614	-1.793333	1.797947	0.034690 	0.004765
-53.700000	0.004600	-1.790000	1.794600	0.035114 	0.004769
-53.600000	0.004586	-1.786667	1.791253	0.035538 	0.004774
-53.500000	0.004572	-1.783333	1.787905	0.035963 	0.004778
-53.400000	0.004558	-1.780000	1.784558	0.036388 	0.004782
-53.300000	0.004544	-1.776667	1.781211	0.036813 	0.004787
-53.200000	0.004529	-1.773333	1.777862	0.037238 	0.004791
-53.100000	0.004515	-1.770000	1.774515	0.037664 	0.004796
-53.000000	0.004501	-1.766667	1.771168	0.038090 	0.004801
-52.900000	0.004486	-1.763333	1.767819	0.038517 	0.004805
-52.800000	0.004471	-1.760000	1.764471	0.038943 	0.004810
-52.700000	0.004457	-1.756667	1.761124	0.039370 	0.004814
-52.600000	0.004442	-1.753333	1.757775	0.039797 	0.004819
-52.500000	0.004427	-1.750000	1.754427	0.040224 	0.004823
-52.400000	0.004412	-1.746667	1.751079	0.040651 	0.004828
-52.300000	0.004397	-1.743333	1.747730	0.041079 	0.004833
-52.200000	0.004382	-1.740000	1.744382	0.041506 	0.004837
-52.100000	0.004367	-1.736667	1.741034	0.041934 	0.004842
-52.000000	0.004351	-1.733333	1.737684	0.042362 	0.004847
-51.900000	0.004336	-1.730000	1.734336	0.042790 	0.004851
-51.800000	0.004320	-1.726667	1.730987	0.043218 	0.004856
-51.700000	0.004305	-1.723333	1.727638	0.043646 	0.004861
-51.600000	0.004289	-1.720000	1.724289	0.044075 	0.004865
-51.500000	0.004273	-1.716667	1.720940	0.044503 	0.004870
-51.400000	0.004257	-1.713333	1.717590	0.044931 	0.004875
-51.300000	0.004241	-1.710000	1.714241	0.045360 	0.004880
-51.200000	0.004225	-1.706667	1.710892	0.045788 	0.004884
-51.100000	0.004209	-1.703333	1.707542	0.046216 	0.004889
-51.000000	0.004193	-1.700000	1.704193	0.046645 	0.004894
-50.900000	0.004177	-1.696667	1.700844	0.047073 	0.004899
-50.800000	0.004161	-1.693333	1.697494	0.047501 	0.004904
-50.700000	0.004144	-1.690000	1.694144	0.047929 	0.004908
-50.600000	0.004128	-1.686667	1.690795	0.048357 	0.004913
-50.500000	0.004111	-1.683333	1.687444	0.048785 	0.004918
-50.400000	0.004094	-1.680000	1.684094	0.049213 	0.004923
-50.300000	0.004078	-1.676667	1.680745	0.049640 	0.004928
-50.200000	0.004061	-1.673333	1.677394	0.050068 	0.004933
-50.100000	0.004044	-1.670000	1.674044	0.050495 	0.004938
-50.000000	0.004027	-1.666667	1.670694	0.050922 	0.004943
-49.900000	0.004010	-1.663333	1.667343	0.051349 	0.004948
-49.800000	0.003993	-1.660000	1.663993	0.051775 	0.004953
-49.700000	0.003976	-1.656667	1.660643	0.052202 	0.004958
-49.600000	0.003959	-1.653333	1.657292	0.052628 	0.004963
-49.500000	0.003941	-1.650000	1.653941	0.053053 	0.004968
-49.400000	0.003924	-1.646667	1.650591	0.053479 	0.004973
-49.300000	0.003907	-1.643333	1.647240	0.053904 	0.004978
-49.200000	0.003889	-1.640000	1.643889	0.054329 	0.004983
-49.100000	0.003871	-1.636667	1.640538	0.054753 	0.004988
-49.000000	0.003854	-1.633333	1.637187	0.055177 	0.004993
-48.900000	0.003836	-1.630000	1.633836	0.055601 	0.004998
-48.800000	0.003818	-1.626667	1.630485	0.056024 	0.005003
-48.700000	0.003800	-1.623333	1.627133	0.056447 	0.005008
-48.600000	0.003783	-1.620000	1.623783	0.056869 	0.005014
-48.500000	0.003765	-1.616667	1.620432	0.057291 	0.005019
-48.400000	0.003747	-1.613333	1.617080	0.057712 	0.005024
-48.300000	0.003728	-1.610000	1.613728	0.058133 	0.005029
-48.200000	0.003710	-1.606667	1.610377	0.058553 	0.005034
-48.100000	0.003692	-1.603333	1.607025	0.058973 	0.005040
-48.000000	0.003674	-1.600000	1.603674	0.059392 	0.005045
-47.900000	0.003655	-1.596667	1.600322	0.059811 	0.005050
-47.800000	0.003637	-1.593333	1.596970	0.060229 	0.005056
-47.700000	0.003618	-1.590000	1.593618	0.060646 	0.005061
-47.600000	0.003600	-1.586667	1.590267	0.061063 	0.005066
-47.500000	0.003581	-1.583333	1.586914	0.061479 	0.005072
-47.400000	0.003563	-1.580000	1.583563	0.061894 	0.005077
-47.300000	0.003544	-1.576667	1.580211	0.062309 	0.005082
-47.200000	0.003525	-1.573333	1.576858	0.062723 	0.005088
-47.100000	0.003506	-1.570000	1.573506	0.063136 	0.005093
-47.000000	0.003487	-1.566667	1.570154	0.063548 	0.005099
-46.900000	0.003469	-1.563333	1.566802	0.063959 	0.005104
-46.800000	0.003450	-1.560000	1.563450	0.064370 	0.005109
-46.700000	0.003431	-1.556667	1.560098	0.064780 	0.005115
-46.600000	0.003411	-1.553333	1.556744	0.065189 	0.005120
-46.500000	0.003392	-1.550000	1.553392	0.065597 	0.005126
-46.400000	0.003373	-1.546667	1.550040	0.066004 	0.005132
-46.300000	0.003354	-1.543333	1.546687	0.066410 	0.005137
-46.200000	0.003335	-1.540000	1.543335	0.066815 	0.005143
-46.100000	0.003315	-1.536667	1.539982	0.067219 	0.005148
-46.000000	0.003296	-1.533333	1.536629	0.067622 	0.005154
-45.900000	0.003276	-1.530000	1.533276	0.068025 	0.005159
-45.800000	0.003257	-1.526667	1.529924	0.068426 	0.005165
-45.700000	0.003237	-1.523333	1.526570	0.068826 	0.005171
-45.600000	0.003218	-1.520000	1.523218	0.069225 	0.005176
-45.500000	0.003198	-1.516667	1.519865	0.069622 	0.005182
-45.400000	0.003178	-1.513333	1.516511	0.070019 	0.005188
-45.300000	0.003159	-1.510000	1.513159	0.070414 	0.005194
-45.200000	0.003139	-1.506667	1.509806	0.070809 	0.005199
-45.100000	0.003119	-1.503333	1.506452	0.071202 	0.005205
-45.000000	0.003099	-1.500000	1.503099	0.071593 	0.005211
-44.900000	0.003079	-1.496667	1.499746	0.071984 	0.005217
-44.800000	0.003059	-1.493333	1.496392	0.072373 	0.005223
-44.700000	0.003039	-1.490000	1.493039	0.072761 	0.005229
-44.600000	0.003019	-1.486667	1.489686	0.073148 	0.005234
-44.500000	0.002999	-1.483333	1.486332	0.073533 	0.005240
-44.400000	0.002979	-1.480000	1.482979	0.073916 	0.005246
-44.300000	0.002959	-1.476667	1.479626	0.074299 	0.005252
-44.200000	0.002938	-1.473333	1.476271	0.074680 	0.005258
-44.100000	0.002918	-1.470000	1.472918	0.075059 	0.005264
-44.000000	0.002898	-1.466667	1.469565	0.075437 	0.005270
-43.900000	0.002878	-1.463333	1.466211	0.075813 	0.005276
-43.800000	0.002857	-1.460000	1.462857	0.076188 	0.005282
-43.700000	0.002837	-1.456667	1.459504	0.076561 	0.005288
-43.600000	0.002816	-1.453333	1.456149	0.076932 	0.005294
-43.500000	0.002796	-1.450000	1.452796	0.077302 	0.005300
-43.400000	0.002775	-1.446667	1.449442	0.077670 	0.005307
-43.300000	0.002755	-1.443333	1.446088	0.078037 	0.005313
-43.200000	0.002734	-1.440000	1.442734	0.078402 	0.005319
-43.100000	0.002713	-1.436667	1.439380	0.078765 	0.005325
-43.000000	0.002693	-1.433333	1.436026	0.079126 	0.005331
-42.900000	0.002672	-1.430000	1.432672	0.079485 	0.005338
-42.800000	0.002651	-1.426667	1.429318	0.079843 	0.005344
-42.700000	0.002630	-1.423333	1.425963	0.080199 	0.005350
-42.600000	0.002609	-1.420000	1.422609	0.080552 	0.005356
-42.500000	0.002588	-1.416667	1.419255	0.080904 	0.005363
-42.400000	0.002567	-1.413333	1.415900	0.081254 	0.005369
-42.300000	0.002547	-1.410000	1.412547	0.081602 	0.005375
-42.200000	0.002525	-1.406667	1.409192	0.081948 	0.005382
-42.100000	0.002504	-1.403333	1.405837	0.082292 	0.005388
-42.000000	0.002483	-1.400000	1.402483	0.082633 	0.005395
-41.900000	0.002462	-1.396667	1.399129	0.082973 	0.005401
-41.800000	0.002441	-1.393333	1.395774	0.083310 	0.005408
-41.700000	0.002420	-1.390000	1.392420	0.083646 	0.005414
-41.600000	0.002399	-1.386667	1.389066	0.083979 	0.005421
-41.500000	0.002377	-1.383333	1.385710	0.084310 	0.005427
-41.400000	0.002356	-1.380000	1.382356	0.084638 	0.005434
-41.300000	0.002335	-1.376667	1.379002	0.084964 	0.005440
-41.200000	0.002313	-1.373333	1.375646	0.085288 	0.005447
-41.100000	0.002292	-1.370000	1.372292	0.085610 	0.005454
-41.000000	0.002270	-1.366667	1.368937	0.085929 	0.005460
-40.900000	0.002249	-1.363333	1.365582	0.086246 	0.005467
-40.800000	0.002227	-1.360000	1.362227	0.086560 	0.005474
-40.700000	0.002206	-1.356667	1.358873	0.086872 	0.005481
-40.600000	0.002184	-1.353333	1.355517	0.087181 	0.005487
-40.500000	0.002163	-1.350000	1.352163	0.087487 	0.005494
-40.400000	0.002141	-1.346667	1.348808	0.087791 	0.005501
-40.300000	0.002119	-1.343333	1.345452	0.088093 	0.005508
-40.200000	0.002097	-1.340000	1.342097	0.088392 	0.005515
-40.100000	0.002076	-1.336667	1.338743	0.088688 	0.005522
-40.000000	0.002054	-1.333333	1.335387	0.088981 	0.005529
-39.900000	0.002032	-1.330000	1.332032	0.089271 	0.005536
-39.800000	0.002010	-1.326667	1.328677	0.089559 	0.005543
-39.700000	0.001988	-1.323333	1.325321	0.089844 	0.005550
-39.600000	0.001966	-1.320000	1.321966	0.090126 	0.005557
-39.500000	0.001944	-1.316667	1.318611	0.090405 	0.005564
-39.400000	0.001922	-1.313333	1.315255	0.090681 	0.005571
-39.300000	0.001900	-1.310000	1.311900	0.090954 	0.005578
-39.200000	0.001878	-1.306667	1.308545	0.091224 	0.005585
-39.100000	0.001855	-1.303333	1.305188	0.091491 	0.005592
-39.000000	0.001833	-1.300000	1.301833	0.091755 	0.005599
-38.900000	0.001811	-1.296667	1.298478	0.092015 	0.005607
-38.800000	0.001789	-1.293333	1.295122	0.092273 	0.005614
-38.700000	0.001766	-1.290000	1.291766	0.092527 	0.005621
-38.600000	0.001744	-1.286667	1.288411	0.092778 	0.005628
-38.500000	0.001721	-1.283333	1.285054	0.093026 	0.005636
-38.400000	0.001699	-1.280000	1.281699	0.093271 	0.005643
-38.300000	0.001676	-1.276667	1.278343	0.093512 	0.005651
-38.200000	0.001654	-1.273333	1.274987	0.093749 	0.005658
-38.100000	0.001631	-1.270000	1.271631	0.093984 	0.005665
-38.000000	0.001608	-1.266667	1.268275	0.094214 	0.005673
-37.900000	0.001586	-1.263333	1.264919	0.094441 	0.005680
-37.800000	0.001563	-1.260000	1.261563	0.094665 	0.005688
-37.700000	0.001540	-1.256667	1.258207	0.094885 	0.005696
-37.600000	0.001517	-1.253333	1.254850	0.095101 	0.005703
-37.500000	0.001494	-1.250000	1.251494	0.095314 	0.005711
-37.400000	0.001471	-1.246667	1.248138	0.095523 	0.005719
-37.300000	0.001448	-1.243333	1.244781	0.095728 	0.005726
-37.200000	0.001425	-1.240000	1.241425	0.095929 	0.005734
-37.100000	0.001402	-1.236667	1.238069	0.096127 	0.005742
-37.000000	0.001379	-1.233333	1.234712	0.096320 	0.005750
-36.900000	0.001355	-1.230000	1.231355	0.096510 	0.005757
-36.800000	0.001332	-1.226667	1.227999	0.096695 	0.005765
-36.700000	0.001309	-1.223333	1.224642	0.096877 	0.005773
-36.600000	0.001285	-1.220000	1.221285	0.097054 	0.005781
-36.500000	0.001262	-1.216667	1.217929	0.097228 	0.005789
-36.400000	0.001238	-1.213333	1.214571	0.097397 	0.005797
-36.300000	0.001215	-1.210000	1.211215	0.097562 	0.005805
-36.200000	0.001191	-1.206667	1.207858	0.097722 	0.005813
-36.100000	0.001167	-1.203333	1.204500	0.097879 	0.005821
-36.000000	0.001143	-1.200000	1.201143	0.098031 	0.005829
-35.900000	0.001120	-1.196667	1.197787	0.098178 	0.005838
-35.800000	0.001096	-1.193333	1.194429	0.098322 	0.005846
-35.700000	0.001072	-1.190000	1.191072	0.098460 	0.005854
-35.600000	0.001048	-1.186667	1.187715	0.098594 	0.005862
-35.500000	0.001024	-1.183333	1.184357	0.098724 	0.005871
-35.400000	0.000999	-1.180000	1.180999	0.098848 	0.005879
-35.300000	0.000975	-1.176667	1.177642	0.098969 	0.005887
-35.200000	0.000951	-1.173333	1.174284	0.099084 	0.005896
-35.100000	0.000926	-1.170000	1.170926	0.099195 	0.005904
-35.000000	0.000902	-1.166667	1.167569	0.099300 	0.005913
-34.900000	0.000878	-1.163333	1.164211	0.099401 	0.005921
-34.800000	0.000853	-1.160000	1.160853	0.099497 	0.005930
-34.700000	0.000828	-1.156667	1.157495	0.099588 	0.005938
-34.600000	0.000804	-1.153333	1.154137	0.099674 	0.005947
-34.500000	0.000779	-1.150000	1.150779	0.099754 	0.005956
-34.400000	0.000754	-1.146667	1.147421	0.099830 	0.005964
-34.300000	0.000729	-1.143333	1.144062	0.099900 	0.005973
-34.200000	0.000704	-1.140000	1.140704	0.099965 	0.005982
-34.100000	0.000679	-1.136667	1.137346	0.100025 	0.005991
-34.000000	0.000654	-1.133333	1.133987	0.100079 	0.005999
-33.900000	0.000629	-1.130000	1.130629	0.100128 	0.006008
-33.800000	0.000603	-1.126667	1.127270	0.100172 	0.006017
-33.700000	0.000578	-1.123333	1.123911	0.100210 	0.006026
-33.600000	0.000552	-1.120000	1.120552	0.100242 	0.006035
-33.500000	0.000527	-1.116667	1.117194	0.100268 	0.006044
-33.400000	0.000501	-1.113333	1.113834	0.100289 	0.006054
-33.300000	0.000476	-1.110000	1.110476	0.100304 	0.006063
-33.200000	0.000450	-1.106667	1.107117	0.100314 	0.006072
-33.100000	0.000424	-1.103333	1.103757	0.100317 	0.006081
-33.000000	0.000398	-1.100000	1.100398	0.100314 	0.006090
-32.900000	0.000372	-1.096667	1.097039	0.100306 	0.006100
-32.800000	0.000346	-1.093333	1.093679	0.100291 	0.006109
-32.700000	0.000320	-1.090000	1.090320	0.100270 	0.006118
-32.600000	0.000294	-1.086667	1.086961	0.100243 	0.006128
-32.500000	0.000268	-1.083333	1.083601	0.100210 	0.006137
-32.400000	0.000241	-1.080000	1.080241	0.100170 	0.006147
-32.300000	0.000215	-1.076667	1.076882	0.100124 	0.006156
-32.200000	0.000188	-1.073333	1.073521	0.100071 	0.006166
-32.100000	0.000162	-1.070000	1.070162	0.100012 	0.006176
-32.000000	0.000135	-1.066667	1.066802	0.099946 	0.006186
-31.900000	0.000108	-1.063333	1.063441	0.099873 	0.006195
-31.800000	0.000082	-1.060000	1.060082	0.099794 	0.006205
-31.700000	0.000055	-1.056667	1.056722	0.099708 	0.006215
-31.600000	0.000028	-1.053333	1.053361	0.099615 	0.006225
-31.500000	0.000001	-1.050000	1.050001	0.099515 	0.006235
-31.400000	-0.000026	-1.046667	1.046641	0.099408 	0.006245
-31.300000	-0.000053	-1.043333	1.043280	0.099293 	0.006255
-31.200000	-0.000080	-1.040000	1.039920	0.099172 	0.006265
-31.100000	-0.000107	-1.036667	1.036560	0.099043 	0.006275
-31.000000	-0.000134	-1.033333	1.033199	0.098907 	0.006285
-30.900000	-0.000162	-1.030000	1.029838	0.098763 	0.006296
-30.800000	-0.000189	-1.026667	1.026478	0.098612 	0.006306
-30.700000	-0.000216	-1.023333	1.023117	0.098453 	0.006316
-30.600000	-0.000243	-1.020000	1.019757	0.098286 	0.006327
-30.500000	-0.000271	-1.016667	1.016396	0.098111 	0.006337
-30.400000	-0.000298	-1.013333	1.013035	0.097929 	0.006348
-30.300000	-0.000325	-1.010000	1.009675	0.097738 	0.006358
-30.200000	-0.000352	-1.006667	1.006315	0.097539 	0.006369
-30.100000	-0.000380	-1.003333	1.002953	0.097332 	0.006379
-30.000000	-0.000407	-1.000000	0.999593	0.097117 	0.006390
-29.900000	-0.000434	-0.996667	0.996233	0.096892 	0.006401
-29.800000	-0.000461	-0.993333	0.992872	0.096660 	0.006412
-29.700000	-0.000488	-0.990000	0.989512	0.096418 	0.006423
-29.600000	-0.000515	-0.986667	0.986152	0.096168 	0.006433
-29.500000	-0.000542	-0.983333	0.982792	0.095909 	0.006444
-29.400000	-0.000568	-0.980000	0.979432	0.095640 	0.006456
-29.300000	-0.000595	-0.976667	0.976072	0.095363 	0.006467
-29.200000	-0.000621	-0.973333	0.972712	0.095075 	0.006478
-29.100000	-0.000648	-0.970000	0.969352	0.094779 	0.006489
-29.000000	-0.000674	-0.966667	0.965993	0.094472 	0.006500
-28.900000	-0.000699	-0.963333	0.962634	0.094156 	0.006512
-28.800000	-0.000725	-0.960000	0.959275	0.093830 	0.006523
-28.700000	-0.000750	-0.956667	0.955916	0.093494 	0.006534
-28.600000	-0.000775	-0.953333	0.952558	0.093147 	0.006546
-28.500000	-0.000800	-0.950000	0.949200	0.092790 	0.006557
-28.400000	-0.000825	-0.946667	0.945842	0.092422 	0.006569
-28.300000	-0.000849	-0.943333	0.942484	0.092044 	0.006581
-28.200000	-0.000873	-0.940000	0.939127	0.091655 	0.006593
-28.100000	-0.000896	-0.936667	0.935770	0.091254 	0.006604
-28.000000	-0.000919	-0.933333	0.932414	0.090843 	0.006616
-27.900000	-0.000942	-0.930000	0.929058	0.090420 	0.006628
-27.800000	-0.000964	-0.926667	0.925702	0.089985 	0.006640
-27.700000	-0.000986	-0.923333	0.922347	0.089539 	0.006652
-27.600000	-0.001008	-0.920000	0.918992	0.089081 	0.006664
-27.500000	-0.001029	-0.916667	0.915638	0.088612 	0.006677
-27.400000	-0.001049	-0.913333	0.912284	0.088130 	0.006689
-27.300000	-0.001069	-0.910000	0.908931	0.087636 	0.006701
-27.200000	-0.001089	-0.906667	0.905578	0.087130 	0.006714
-27.100000	-0.001108	-0.903333	0.902225	0.086611 	0.006726
-27.000000	-0.001127	-0.900000	0.898873	0.086081 	0.006739
-26.900000	-0.001145	-0.896667	0.895521	0.085537 	0.006751
-26.800000	-0.001163	-0.893333	0.892170	0.084982 	0.006764
-26.700000	-0.001181	-0.890000	0.888819	0.084413 	0.006777
-26.600000	-0.001198	-0.886667	0.885469	0.083832 	0.006789
-26.500000	-0.001215	-0.883333	0.882118	0.083238 	0.006802
-26.400000	-0.001232	-0.880000	0.878768	0.082632 	0.006815
-26.300000	-0.001248	-0.876667	0.875419	0.082013 	0.006828
-26.200000	-0.001264	-0.873333	0.872070	0.081381 	0.006841
-26.100000	-0.001279	-0.870000	0.868721	0.080737 	0.006855
-26.000000	-0.001295	-0.866667	0.865372	0.080080 	0.006868
-25.900000	-0.001310	-0.863333	0.862023	0.079410 	0.006881
-25.800000	-0.001325	-0.860000	0.858675	0.078728 	0.006894
-25.700000	-0.001341	-0.856667	0.855326	0.078034 	0.006908
-25.600000	-0.001356	-0.853333	0.851977	0.077327 	0.006922
-25.500000	-0.001371	-0.850000	0.848629	0.076607 	0.006935
-25.400000	-0.001386	-0.846667	0.845280	0.075875 	0.006949
-25.300000	-0.001402	-0.843333	0.841932	0.075131 	0.006963
-25.200000	-0.001417	-0.840000	0.838583	0.074375 	0.006977
-25.100000	-0.001433	-0.836667	0.835234	0.073606 	0.006991
-25.000000	-0.001449	-0.833333	0.831884	0.072826 	0.007005
-24.900000	-0.001465	-0.830000	0.828535	0.072033 	0.007019
-24.800000	-0.001482	-0.826667	0.825185	0.071228 	0.007033
-24.700000	-0.001499	-0.823333	0.821834	0.070411 	0.007047
-24.600000	-0.001516	-0.820000	0.818484	0.069582 	0.007062
-24.500000	-0.001534	-0.816667	0.815133	0.068741 	0.007076
-24.400000	-0.001552	-0.813333	0.811781	0.067888 	0.007091
-24.300000	-0.001571	-0.810000	0.808429	0.067023 	0.007106
-24.200000	-0.001590	-0.806667	0.805077	0.066145 	0.007120
-24.100000	-0.001609	-0.803333	0.801724	0.065255 	0.007135
-24.000000	-0.001629	-0.800000	0.798371	0.064353 	0.007150
-23.900000	-0.001650	-0.796667	0.795017	0.063439 	0.007165
-23.800000	-0.001671	-0.793333	0.791663	0.062513 	0.007180
-23.700000	-0.001692	-0.790000	0.788308	0.061574 	0.007196
-23.600000	-0.001714	-0.786667	0.784952	0.060622 	0.007211
-23.500000	-0.001737	-0.783333	0.781597	0.059658 	0.007226
-23.400000	-0.001760	-0.780000	0.778240	0.058681 	0.007242
-23.300000	-0.001783	-0.776667	0.774883	0.057691 	0.007258
-23.200000	-0.001807	-0.773333	0.771526	0.056688 	0.007273
-23.100000	-0.001832	-0.770000	0.768168	0.055673 	0.007289
-23.000000	-0.001857	-0.766667	0.764810	0.054644 	0.007305
-22.900000	-0.001882	-0.763333	0.761451	0.053602 	0.007321
-22.800000	-0.001908	-0.760000	0.758092	0.052547 	0.007338
-22.700000	-0.001935	-0.756667	0.754732	0.051479 	0.007354
-22.600000	-0.001962	-0.753333	0.751371	0.050397 	0.007370
-22.500000	-0.001990	-0.750000	0.748010	0.049302 	0.007387
-22.400000	-0.002018	-0.746667	0.744649	0.048193 	0.007404
-22.300000	-0.002046	-0.743333	0.741287	0.047071 	0.007420
-22.200000	-0.002076	-0.740000	0.737924	0.045935 	0.007437
-22.100000	-0.002105	-0.736667	0.734561	0.044785 	0.007454
-22.000000	-0.002136	-0.733333	0.731198	0.043622 	0.007471
-21.900000	-0.002166	-0.730000	0.727834	0.042445 	0.007489
-21.800000	-0.002198	-0.726667	0.724469	0.041254 	0.007506
-21.700000	-0.002230	-0.723333	0.721104	0.040049 	0.007523
-21.600000	-0.002262	-0.720000	0.717738	0.038830 	0.007541
-21.500000	-0.002295	-0.716667	0.714372	0.037597 	0.007559
-21.400000	-0.002329	-0.713333	0.711005	0.036350 	0.007577
-21.300000	-0.002363	-0.710000	0.707637	0.035089 	0.007595
-21.200000	-0.002398	-0.706667	0.704269	0.033813 	0.007613
-21.100000	-0.002433	-0.703333	0.700900	0.032523 	0.007631
-21.000000	-0.002469	-0.700000	0.697531	0.031219 	0.007650
-20.900000	-0.002505	-0.696667	0.694162	0.029900 	0.007668
-20.800000	-0.002542	-0.693333	0.690791	0.028566 	0.007687
-20.700000	-0.002580	-0.690000	0.687420	0.027218 	0.007706
-20.600000	-0.002618	-0.686667	0.684049	0.025856 	0.007725
-20.500000	-0.002656	-0.683333	0.680677	0.024478 	0.007744
-20.400000	-0.002695	-0.680000	0.677305	0.023086 	0.007763
-20.300000	-0.002735	-0.676667	0.673932	0.021679 	0.007782
-20.200000	-0.002775	-0.673333	0.670558	0.020257 	0.007802
-20.100000	-0.002816	-0.670000	0.667184	0.018819 	0.007822
-20.000000	-0.002857	-0.666667	0.663809	0.017367 	0.007841
-19.900000	-0.002899	-0.663333	0.660434	0.015900 	0.007861
-19.800000	-0.002942	-0.660000	0.657058	0.014417 	0.007882
-19.700000	-0.002984	-0.656667	0.653682	0.012919 	0.007902
-19.600000	-0.003028	-0.653333	0.650306	0.011405 	0.007922
-19.500000	-0.003071	-0.650000	0.646929	0.009876 	0.007943
-19.400000	-0.003116	-0.646667	0.643551	0.008332 	0.007964
-19.300000	-0.003160	-0.643333	0.640173	0.006772 	0.007985
-19.200000	-0.003206	-0.640000	0.636794	0.005196 	0.008006
-19.100000	-0.003251	-0.636667	0.633415	0.003605 	0.008027
-19.000000	-0.003297	-0.633333	0.630036	0.001998 	0.008049
-18.900000	-0.003344	-0.630000	0.626656	0.000375 	0.008071
-18.800000	-0.003391	-0.626667	0.623276	-0.001264 	0.008092
-18.700000	-0.003438	-0.623333	0.619895	-0.002919 	0.008114
-18.600000	-0.003486	-0.620000	0.616514	-0.004590 	0.008137
-18.500000	-0.003534	-0.616667	0.613133	-0.006277 	0.008159
-18.400000	-0.003582	-0.613333	0.609751	-0.007980 	0.008182
-18.300000	-0.003631	-0.610000	0.606369	-0.009699 	0.008204
-18.200000	-0.003680	-0.606667	0.602986	-0.011434 	0.008227
-18.100000	-0.003730	-0.603333	0.599603	-0.013186 	0.008251
-18.000000	-0.003780	-0.600000	0.596220	-0.014954 	0.008274
-17.900000	-0.003830	-0.596667	0.592837	-0.016738 	0.008298
-17.800000	-0.003880	-0.593333	0.589453	-0.018539 	0.008321
-17.700000	-0.003931	-0.590000	0.586069	-0.020356 	0.008345
-17.600000	-0.003982	-0.586667	0.582685	-0.022189 	0.008370
-17.500000	-0.004033	-0.583333	0.579300	-0.024039 	0.008394
-17.400000	-0.004084	-0.580000	0.575916	-0.025906 	0.008419
-17.300000	-0.004136	-0.576667	0.572531	-0.027789 	0.008443
-17.200000	-0.004187	-0.573333	0.569146	-0.029689 	0.008468
-17.100000	-0.004239	-0.570000	0.565761	-0.031605 	0.008494
-17.000000	-0.004291	-0.566667	0.562375	-0.033538 	0.008519
-16.900000	-0.004344	-0.563333	0.558990	-0.035487 	0.008545
-16.800000	-0.004396	-0.560000	0.555604	-0.037453 	0.008571
-16.700000	-0.004448	-0.556667	0.552219	-0.039436 	0.008597
-16.600000	-0.004500	-0.553333	0.548833	-0.041435 	0.008624
-16.500000	-0.004553	-0.550000	0.545447	-0.043452 	0.008650
-16.400000	-0.004605	-0.546667	0.542062	-0.045485 	0.008677
-16.300000	-0.004657	-0.543333	0.538676	-0.047534 	0.008705
-16.200000	-0.004710	-0.540000	0.535290	-0.049601 	0.008732
-16.100000	-0.004762	-0.536667	0.531905	-0.051684 	0.008760
-16.000000	-0.004814	-0.533333	0.528520	-0.053785 	0.008788
-15.900000	-0.004866	-0.530000	0.525134	-0.055902 	0.008816
-15.800000	-0.004917	-0.526667	0.521750	-0.058035 	0.008845
-15.700000	-0.004969	-0.523333	0.518365	-0.060186 	0.008874
-15.600000	-0.005020	-0.520000	0.514980	-0.062354 	0.008903
-15.500000	-0.005071	-0.516667	0.511596	-0.064538 	0.008932
-15.400000	-0.005121	-0.513333	0.508212	-0.066740 	0.008962
-15.300000	-0.005171	-0.510000	0.504829	-0.068958 	0.008992
-15.200000	-0.005221	-0.506667	0.501446	-0.071193 	0.009022
-15.100000	-0.005270	-0.503333	0.498063	-0.073445 	0.009053
-15.000000	-0.005319	-0.500000	0.494681	-0.075714 	0.009084
-14.900000	-0.005367	-0.496667	0.491300	-0.077999 	0.009115
-14.800000	-0.005414	-0.493333	0.487919	-0.080302 	0.009146
-14.700000	-0.005461	-0.490000	0.484539	-0.082621 	0.009178
-14.600000	-0.005507	-0.486667	0.481159	-0.084957 	0.009210
-14.500000	-0.005553	-0.483333	0.477781	-0.087310 	0.009243
-14.400000	-0.005597	-0.480000	0.474403	-0.089680 	0.009276
-14.300000	-0.005641	-0.476667	0.471025	-0.092066 	0.009309
-14.200000	-0.005684	-0.473333	0.467649	-0.094469 	0.009342
-14.100000	-0.005726	-0.470000	0.464274	-0.096888 	0.009376
-14.000000	-0.005767	-0.466667	0.460899	-0.099324 	0.009411
-13.900000	-0.005808	-0.463333	0.457526	-0.101776 	0.009445
-13.800000	-0.005847	-0.460000	0.454153	-0.104245 	0.009480
-13.700000	-0.005884	-0.456667	0.450782	-0.106731 	0.009516
-13.600000	-0.005921	-0.453333	0.447412	-0.109232 	0.009551
-13.500000	-0.005957	-0.450000	0.444043	-0.111750 	0.009587
-13.400000	-0.005991	-0.446667	0.440676	-0.114284 	0.009624
-13.300000	-0.006024	-0.443333	0.437310	-0.116834 	0.009661
-13.200000	-0.006055	-0.440000	0.433945	-0.119400 	0.009698
-13.100000	-0.006085	-0.436667	0.430582	-0.121983 	0.009736
-13.000000	-0.006113	-0.433333	0.427220	-0.124581 	0.009774
-12.900000	-0.006140	-0.430000	0.423860	-0.127194 	0.009813
-12.800000	-0.006165	-0.426667	0.420501	-0.129824 	0.009852
-12.700000	-0.006189	-0.423333	0.417144	-0.132468 	0.009892
-12.600000	-0.006211	-0.420000	0.413789	-0.135129 	0.009932
-12.500000	-0.006230	-0.416667	0.410436	-0.137804 	0.009972
-12.400000	-0.006248	-0.413333	0.407085	-0.140495 	0.010013
-12.300000	-0.006265	-0.410000	0.403735	-0.143200 	0.010055
-12.200000	-0.006279	-0.406667	0.400388	-0.145921 	0.010097
-12.100000	-0.006290	-0.403333	0.397043	-0.148656 	0.010139
-12.000000	-0.006300	-0.400000	0.393700	-0.151406 	0.010182
-11.900000	-0.006308	-0.396667	0.390359	-0.154171 	0.010226
-11.800000	-0.006313	-0.393333	0.387020	-0.156949 	0.010270
-11.700000	-0.006316	-0.390000	0.383684	-0.159742 	0.010314
-11.600000	-0.006316	-0.386667	0.380350	-0.162549 	0.010359
-11.500000	-0.006314	-0.383333	0.377019	-0.165369 	0.010405
-11.400000	-0.006310	-0.380000	0.373690	-0.168204 	0.010451
-11.300000	-0.006302	-0.376667	0.370364	-0.171051 	0.010498
-11.200000	-0.006292	-0.373333	0.367041	-0.173912 	0.010545
-11.100000	-0.006279	-0.370000	0.363721	-0.176786 	0.010593
-11.000000	-0.006264	-0.366667	0.360403	-0.179673 	0.010642
-10.900000	-0.006245	-0.363333	0.357089	-0.182573 	0.010691
-10.800000	-0.006223	-0.360000	0.353777	-0.185485 	0.010741
-10.700000	-0.006198	-0.356667	0.350469	-0.188409 	0.010792
-10.600000	-0.006170	-0.353333	0.347163	-0.191346 	0.010843
-10.500000	-0.006139	-0.350000	0.343861	-0.194294 	0.010895
-10.400000	-0.006104	-0.346667	0.340563	-0.197254 	0.010948
-10.300000	-0.006066	-0.343333	0.337268	-0.200225 	0.011001
-10.200000	-0.006024	-0.340000	0.333976	-0.203208 	0.011055
-10.100000	-0.005979	-0.336667	0.330688	-0.206201 	0.011110
-10.000000	-0.005930	-0.333333	0.327404	-0.209205 	0.011165
-9.900000	-0.005877	-0.330000	0.324123	-0.212219 	0.011222
-9.800000	-0.005820	-0.326667	0.320846	-0.215244 	0.011279
-9.700000	-0.005760	-0.323333	0.317573	-0.218278 	0.011337
-9.600000	-0.005695	-0.320000	0.314305	-0.221322 	0.011396
-9.500000	-0.005627	-0.316667	0.311040	-0.224375 	0.011455
-9.400000	-0.005554	-0.313333	0.307779	-0.227437 	0.011516
-9.300000	-0.005477	-0.310000	0.304523	-0.230508 	0.011577
-9.200000	-0.005395	-0.306667	0.301271	-0.233587 	0.011640
-9.100000	-0.005310	-0.303333	0.298024	-0.236675 	0.011703
-9.000000	-0.005219	-0.300000	0.294781	-0.239770 	0.011767
-8.900000	-0.005124	-0.296667	0.291543	-0.242873 	0.011832
-8.800000	-0.005024	-0.293333	0.288309	-0.245984 	0.011898
-8.700000	-0.004920	-0.290000	0.285080	-0.249101 	0.011966
-8.600000	-0.004811	-0.286667	0.281856	-0.252225 	0.012034
-8.500000	-0.004696	-0.283333	0.278637	-0.255355 	0.012103
-8.400000	-0.004577	-0.280000	0.275423	-0.258492 	0.012174
-8.300000	-0.004452	-0.276667	0.272214	-0.261634 	0.012245
-8.200000	-0.004322	-0.273333	0.269011	-0.264781 	0.012318
-8.100000	-0.004187	-0.270000	0.265813	-0.267933 	0.012392
-8.000000	-0.004047	-0.266667	0.262620	-0.271090 	0.012467
-7.900000	-0.003901	-0.263333	0.259432	-0.274251 	0.012543
-7.800000	-0.003750	-0.260000	0.256250	-0.277416 	0.012621
-7.700000	-0.003592	-0.256667	0.253074	-0.280585 	0.012700
-7.600000	-0.003430	-0.253333	0.249904	-0.283757 	0.012780
-7.500000	-0.003261	-0.250000	0.246739	-0.286931 	0.012862
-7.400000	-0.003086	-0.246667	0.243580	-0.290108 	0.012945
-7.300000	-0.002906	-0.243333	0.240427	-0.293286 	0.013029
-7.200000	-0.002719	-0.240000	0.237281	-0.296466 	0.013116
-7.100000	-0.002526	-0.236667	0.234140	-0.299648 	0.013203
-7.000000	-0.002328	-0.233333	0.231006	-0.302830 	0.013292
-6.900000	-0.002122	-0.230000	0.227878	-0.306012 	0.013383
-6.800000	-0.001911	-0.226667	0.224756	-0.309194 	0.013476
-6.700000	-0.001693	-0.223333	0.221641	-0.312375 	0.013570
-6.600000	-0.001468	-0.220000	0.218532	-0.315556 	0.013667
-6.500000	-0.001237	-0.216667	0.215430	-0.318735 	0.013765
-6.400000	-0.000999	-0.213333	0.212334	-0.321912 	0.013865
-6.300000	-0.000754	-0.210000	0.209246	-0.325086 	0.013967
-6.200000	-0.000503	-0.206667	0.206164	-0.328258 	0.014071
-6.100000	-0.000244	-0.203333	0.203089	-0.331426 	0.014177
-6.000000	0.000021	-0.200000	0.200021	-0.334591 	0.014285
-5.900000	0.000294	-0.196667	0.196961	-0.337751 	0.014396
-5.800000	0.000574	-0.193333	0.193907	-0.340907 	0.014508
-5.700000	0.000861	-0.190000	0.190861	-0.344057 	0.014624
-5.600000	0.001155	-0.186667	0.187822	-0.347201 	0.014742
-5.500000	0.001457	-0.183333	0.184790	-0.350340 	0.014862
-5.400000	0.001766	-0.180000	0.181766	-0.353471 	0.014985
-5.300000	0.002083	-0.176667	0.178749	-0.356594 	0.015111
-5.200000	0.002407	-0.173333	0.175740	-0.359710 	0.015240
-5.100000	0.002739	-0.170000	0.172739	-0.362817 	0.015372
-5.000000	0.003079	-0.166667	0.169745	-0.365915 	0.015507
-4.900000	0.003426	-0.163333	0.166759	-0.369004 	0.015645
-4.800000	0.003781	-0.160000	0.163781	-0.372082 	0.015786
-4.700000	0.004144	-0.156667	0.160811	-0.375151 	0.015932
-4.600000	0.004515	-0.153333	0.157848	-0.378211 	0.016080
-4.500000	0.004893	-0.150000	0.154893	-0.381264 	0.016233
-4.400000	0.005278	-0.146667	0.151944	-0.384313 	0.016390
-4.300000	0.005669	-0.143333	0.149002	-0.387363 	0.016551
-4.200000	0.006066	-0.140000	0.146066	-0.390421 	0.016716
-4.100000	0.006467	-0.136667	0.143134	-0.393497 	0.016887
-4.000000	0.006871	-0.133333	0.140204	-0.396603 	0.017062
-3.900000	0.007277	-0.130000	0.137277	-0.399753 	0.017243
-3.800000	0.007683	-0.126667	0.134349	-0.402964 	0.017430
-3.700000	0.008086	-0.123333	0.131419	-0.406255 	0.017623
-3.600000	0.008486	-0.120000	0.128486	-0.409643 	0.017823
-3.500000	0.008881	-0.116667	0.125548	-0.413142 	0.018031
-3.400000	0.009271	-0.113333	0.122604	-0.416763 	0.018246
-3.300000	0.009655	-0.110000	0.119655	-0.420508 	0.018469
-3.200000	0.010035	-0.106667	0.116702	-0.424373 	0.018702
-3.100000	0.010414	-0.103333	0.113748	-0.428341 	0.018943
-3.000000	0.010795	-0.100000	0.110795	-0.432388 	0.019194
-2.900000	0.011180	-0.096667	0.107847	-0.436480 	0.019454
-2.800000	0.011575	-0.093333	0.104909	-0.440582 	0.019725
-2.700000	0.011984	-0.090000	0.101984	-0.444652 	0.020006
-2.600000	0.012410	-0.086667	0.099077	-0.448654 	0.020297
-2.500000	0.012856	-0.083333	0.096190	-0.452557 	0.020599
-2.400000	0.013324	-0.080000	0.093324	-0.456337 	0.020913
-2.300000	0.013815	-0.076667	0.090482	-0.459979 	0.021239
-2.200000	0.014329	-0.073333	0.087662	-0.463475 	0.021578
-2.100000	0.014864	-0.070000	0.084864	-0.466827 	0.021931
-2.000000	0.015420	-0.066667	0.082086	-0.470040 	0.022299
-1.900000	0.015994	-0.063333	0.079327	-0.473124 	0.022683
-1.800000	0.016586	-0.060000	0.076586	-0.476089 	0.023086
-1.700000	0.017193	-0.056667	0.073859	-0.478945 	0.023508
-1.600000	0.017813	-0.053333	0.071147	-0.481702 	0.023952
-1.500000	0.018446	-0.050000	0.068446	-0.484365 	0.024420
-1.400000	0.019091	-0.046667	0.065757	-0.486937 	0.024914
-1.300000	0.019745	-0.043333	0.063078	-0.489419 	0.025438
-1.200000	0.020409	-0.040000	0.060409	-0.491807 	0.025994
-1.100000	0.021081	-0.036667	0.057748	-0.494094 	0.026586
-1.000000	0.021762	-0.033333	0.055095	-0.496269 	0.027218
-0.900000	0.022450	-0.030000	0.052450	-0.498320 	0.027896
-0.800000	0.023146	-0.026667	0.049813	-0.500230 	0.028625
-0.700000	0.023850	-0.023333	0.047183	-0.501978 	0.029412
-0.600000	0.024560	-0.020000	0.044560	-0.503538 	0.030265
-0.500000	0.025277	-0.016667	0.041944	-0.504883 	0.031195
-0.400000	0.026001	-0.013333	0.039335	-0.505975 	0.032213
-0.300000	0.026732	-0.010000	0.036732	-0.506770 	0.033335
-0.200000	0.027469	-0.006667	0.034136	-0.507212 	0.034579
-0.100000	0.028213	-0.003333	0.031547	-0.507231 	0.035970
0.000000	0.028964	0.000000	0.028964	-0.506734 	0.037540
0.100000	0.029721	0.003333	0.026388	-0.505598 	0.039329
0.200000	0.030485	0.006667	0.023818	-0.503654 	0.041397
0.300000	0.031255	0.010000	0.021255	-0.500661 	0.043822
0.400000	0.032030	0.013333	0.018696	-0.496265 	0.046724
0.500000	0.032808	0.016667	0.016141	-0.489918 	0.050286
0.600000	0.033586	0.020000	0.013586	-0.480731 	0.054812
0.700000	0.034352	0.023333	0.011019	-0.467185 	0.060863
0.800000	0.035077	0.026667	0.008411	-0.446487 	0.069662
0.900000	0.035583	0.030000	0.005583	-0.411864 	0.085504
1.000000	0.036510	0.033333	0.003176	0.000000 	0.000000
1.100000	0.039370	0.036667	0.002703	0.000000 	0.000000
1.200000	0.042694	0.040000	0.002694	0.000000 	0.000000
1.300000	0.046021	0.043333	0.002688	0.000000 	0.000000
1.400000	0.049345	0.046667	0.002679	0.000000 	0.000000
1.500000	0.052662	0.050000	0.002662	0.000000 	0.000000
1.600000	0.055987	0.053333	0.002654	0.000000 	0.000000
1.700000	0.059309	0.056667	0.002643	0.000000 	0.000000
1.800000	0.062641	0.060000	0.002641	0.000000 	0.000000
1.900000	0.065948	0.063333	0.002615	0.000000 	0.000000
2.000000	0.069287	0.066667	0.002620	0.000000 	0.000000
2.100000	0.072592	0.070000	0.002592	0.000000 	0.000000
2.200000	0.075920	0.073333	0.002587	0.000000 	0.000000
2.300000	0.079258	0.076667	0.002591	0.000000 	0.000000
2.400000	0.082529	0.080000	0.002529	0.000000 	0.000000
2.500000	0.085939	0.083333	0.002606	0.000000 	0.000000
2.600000	0.089135	0.086667	0.002469	0.000000 	0.000000
2.700000	0.092518	0.090000	0.002518	0.000000 	0.000000
2.800000	0.095877	0.093333	0.002544	0.000000 	0.000000
2.900000	0.098752	0.096667	0.002086	0.000000 	0.000000
3.000000	0.100000	0.100000	0.000000	0.000000 	0.000000
3.100000	0.103333	0.103333	0.000000	0.000000 	0.000000
3.200000	0.106667	0.106667	0.000000	0.000000 	0.000000
3.300000	0.110000	0.110000	0.000000	0.000000 	0.000000
3.400000	0.113333	0.113333	0.000000	0.000000 	0.000000
3.500000	0.116667	0.116667	0.000000	0.000000 	0.000000
3.600000	0.120000	0.120000	0.000000	0.000000 	0.000000
3.700000	0.123333	0.123333	0.000000	0.000000 	0.000000
3.800000	0.126667	0.126667	0.000000	0.000000 	0.000000
3.900000	0.130000	0.130000	0.000000	0.000000 	0.000000
4.000000	0.133333	0.133333	0.000000	0.000000 	0.000000
4.100000	0.136667	0.136667	0.000000	0.000000 	0.000000
4.200000	0.140000	0.140000	0.000000	0.000000 	0.000000
4.300000	0.143333	0.143333	0.000000	0.000000 	0.000000
4.400000	0.146667	0.146667	0.000000	0.000000 	0.000000
4.500000	0.150000	0.150000	0.000000	0.000000 	0.000000
4.600000	0.153333	0.153333	0.000000	0.000000 	0.000000
4.700000	0.156667	0.156667	0.000000	0.000000 	0.000000
4.800000	0.160000	0.160000	0.000000	0.000000 	0.000000
4.900000	0.163333	0.163333	0.000000	0.000000 	0.000000
5.000000	0.166667	0.166667	0.000000	0.000000 	0.000000
5.100000	0.170000	0.170000	0.000000	0.000000 	0.000000
5.200000	0.173333	0.173333	0.000000	0.000000 	0.000000
5.300000	0.176667	0.176667	0.000000	0.000000 	0.000000
5.400000	0.180000	0.180000	0.000000	0.000000 	0.000000
5.500000	0.183333	0.183333	0.000000	0.000000 	0.000000
5.600000	0.186667	0.186667	0.000000	0.000000 	0.000000
5.700000	0.190000	0.190000	0.000000	0.000000 	0.000000
5.800000	0.193333	0.193333	0.000000	0.000000 	0.000000
5.900000	0.196667	0.196667	0.000000	0.000000 	0.000000
6.000000	0.200000	0.200000	0.000000	0.000000 	0.000000
6.100000	0.203333	0.203333	0.000000	0.000000 	0.000000
6.200000	0.206667	0.206667	0.000000	0.000000 	0.000000
6.300000	0.210000	0.210000	0.000000	0.000000 	0.000000
6.400000	0.213333	0.213333	0.000000	0.000000 	0.000000
6.500000	0.216667	0.216667	0.000000	0.000000 	0.000000
6.600000	0.220000	0.220000	0.000000	0.000000 	0.000000
6.700000	0.223333	0.223333	0.000000	0.000000 	0.000000
6.800000	0.226667	0.226667	0.000000	0.000000 	0.000000
6.900000	0.230000	0.230000	0.000000	0.000000 	0.000000
7.000000	0.233333	0.233333	0.000000	0.000000 	0.000000
7.100000	0.236667	0.236667	0.000000	0.000000 	0.000000
7.200000	0.240000	0.240000	0.000000	0.000000 	0.000000
7.300000	0.243333	0.243333	0.000000	0.000000 	0.000000
7.400000	0.246667	0.246667	0.000000	0.000000 	0.000000
7.500000	0.250000	0.250000	0.000000	0.000000 	0.000000
7.600000	0.253333	0.253333	0.000000	0.000000 	0.000000
7.700000	0.256667	0.256667	0.000000	0.000000 	0.000000
7.800000	0.260000	0.260000	0.000000	0.000000 	0.000000
7.900000	0.263333	0.263333	0.000000	0.000000 	0.000000
8.000000	0.266667	0.266667	0.000000	0.000000 	0.000000
8.100000	0.270000	0.270000	0.000000	0.000000 	0.000000
8.200000	0.273333	0.273333	0.000000	0.000000 	0.000000
8.300000	0.276667	0.276667	0.000000	0.000000 	0.000000
8.400000	0.280000	0.280000	0.000000	0.000000 	0.000000
8.500000	0.283333	0.283333	0.000000	0.000000 	0.000000
8.600000	0.286667	0.286667	0.000000	0.000000 	0.000000
8.700000	0.290000	0.290000	0.000000	0.000000 	0.000000
8.800000	0.293333	0.293333	0.000000	0.000000 	0.000000
8.900000	0.296667	0.296667	0.000000	0.000000 	0.000000
9.000000	0.300000	0.300000	0.000000	0.000000 	0.000000
9.100000	0.303333	0.303333	0.000000	0.000000 	0.000000
9.200000	0.306667	0.306667	0.000000	0.000000 	0.000000
9.300000	0.310000	0.310000	0.000000	0.000000 	0.000000
9.400000	0.313333	0.313333	0.000000	0.000000 	0.000000
9.500000	0.316667	0.316667	0.000000	0.000000 	0.000000
9.600000	0.320000	0.320000	0.000000	0.000000 	0.000000
9.700000	0.323333	0.323333	0.000000	0.000000 	0.000000
9.800000	0.326667	0.326667	0.000000	0.000000 	0.000000
9.900000	0.330000	0.330000	0.000000	0.000000 	0.000000
