VARIABLES = X,Ksi,B,H,U,tau 
ZONE T="Time 20.000000", I=1100, DATAPACKING=POINT
-100.000000	0.000057	-3.333333	3.333390	0.036481 	0.003499
-99.900000	-0.003099	-3.330000	3.326901	0.042067 	0.003503
-99.800000	-0.001671	-3.326667	3.324996	0.039784 	0.003504
-99.700000	-0.002222	-3.323333	3.321111	0.040898 	0.003506
-99.600000	-0.001918	-3.320000	3.318082	0.040543 	0.003507
-99.500000	-0.001983	-3.316667	3.314684	0.040822 	0.003509
-99.400000	-0.001888	-3.313333	3.311445	0.040827 	0.003511
-99.300000	-0.001862	-3.310000	3.308138	0.040949 	0.003513
-99.200000	-0.001806	-3.306667	3.304861	0.041019 	0.003514
-99.100000	-0.001763	-3.303333	3.301570	0.041111 	0.003516
-99.000000	-0.001715	-3.300000	3.298285	0.041193 	0.003518
-98.900000	-0.001668	-3.296667	3.294999	0.041278 	0.003520
-98.800000	-0.001621	-3.293333	3.291712	0.041361 	0.003521
-98.700000	-0.001574	-3.290000	3.288426	0.041444 	0.003523
-98.600000	-0.001526	-3.286667	3.285141	0.041526 	0.003525
-98.500000	-0.001479	-3.283333	3.281854	0.041608 	0.003527
-98.400000	-0.001431	-3.280000	3.278569	0.041689 	0.003528
-98.300000	-0.001383	-3.276667	3.275284	0.041769 	0.003530
-98.200000	-0.001335	-3.273333	3.271998	0.041849 	0.003532
-98.100000	-0.001287	-3.270000	3.268713	0.041928 	0.003534
-98.000000	-0.001239	-3.266667	3.265428	0.042006 	0.003535
-97.900000	-0.001191	-3.263333	3.262142	0.042084 	0.003537
-97.800000	-0.001143	-3.260000	3.258857	0.042161 	0.003539
-97.700000	-0.001094	-3.256667	3.255573	0.042237 	0.003541
-97.600000	-0.001046	-3.253333	3.252287	0.042313 	0.003543
-97.500000	-0.000997	-3.250000	3.249003	0.042388 	0.003544
-97.400000	-0.000948	-3.246667	3.245719	0.042462 	0.003546
-97.300000	-0.000899	-3.243333	3.242434	0.042536 	0.003548
-97.200000	-0.000851	-3.240000	3.239149	0.042609 	0.003550
-97.100000	-0.000801	-3.236667	3.235866	0.042681 	0.003552
-97.000000	-0.000752	-3.233333	3.232581	0.042753 	0.003553
-96.900000	-0.000703	-3.230000	3.229297	0.042824 	0.003555
-96.800000	-0.000654	-3.226667	3.226013	0.042895 	0.003557
-96.700000	-0.000604	-3.223333	3.222729	0.042964 	0.003559
-96.600000	-0.000555	-3.220000	3.219445	0.043033 	0.003561
-96.500000	-0.000505	-3.216667	3.216162	0.043102 	0.003562
-96.400000	-0.000455	-3.213333	3.212878	0.043169 	0.003564
-96.300000	-0.000406	-3.210000	3.209594	0.043236 	0.003566
-96.200000	-0.000356	-3.206667	3.206311	0.043302 	0.003568
-96.100000	-0.000306	-3.203333	3.203027	0.043368 	0.003570
-96.000000	-0.000256	-3.200000	3.199744	0.043432 	0.003572
-95.900000	-0.000206	-3.196667	3.196461	0.043496 	0.003573
-95.800000	-0.000155	-3.193333	3.193178	0.043560 	0.003575
-95.700000	-0.000105	-3.190000	3.189895	0.043622 	0.003577
-95.600000	-0.000055	-3.186667	3.186612	0.043684 	0.003579
-95.500000	-0.000004	-3.183333	3.183329	0.043745 	0.003581
-95.400000	0.000047	-3.180000	3.180047	0.043806 	0.003583
-95.300000	0.000097	-3.176667	3.176764	0.043865 	0.003584
-95.200000	0.000148	-3.173333	3.173481	0.043924 	0.003586
-95.100000	0.000199	-3.170000	3.170199	0.043982 	0.003588
-95.000000	0.000250	-3.166667	3.166917	0.044040 	0.003590
-94.900000	0.000301	-3.163333	3.163634	0.044097 	0.003592
-94.800000	0.000352	-3.160000	3.160352	0.044152 	0.003594
-94.700000	0.000403	-3.156667	3.157070	0.044208 	0.003596
-94.600000	0.000454	-3.153333	3.153787	0.044262 	0.003597
-94.500000	0.000505	-3.150000	3.150505	0.044316 	0.003599
-94.400000	0.000557	-3.146667	3.147224	0.044369 	0.003601
-94.300000	0.000608	-3.143333	3.143941	0.044421 	0.003603
-94.200000	0.000660	-3.140000	3.140660	0.044472 	0.003605
-94.100000	0.000711	-3.136667	3.137378	0.044523 	0.003607
-94.000000	0.000763	-3.133333	3.134096	0.044573 	0.003609
-93.900000	0.000815	-3.130000	3.130815	0.044622 	0.003611
-93.800000	0.000866	-3.126667	3.127533	0.044670 	0.003613
-93.700000	0.000918	-3.123333	3.124251	0.044717 	0.003614
-93.600000	0.000970	-3.120000	3.120970	0.044764 	0.003616
-93.500000	0.001022	-3.116667	3.117689	0.044810 	0.003618
-93.400000	0.001074	-3.113333	3.114407	0.044855 	0.003620
-93.300000	0.001126	-3.110000	3.111126	0.044899 	0.003622
-93.200000	0.001178	-3.106667	3.107845	0.044943 	0.003624
-93.100000	0.001231	-3.103333	3.104564	0.044986 	0.003626
-93.000000	0.001283	-3.100000	3.101283	0.045028 	0.003628
-92.900000	0.001335	-3.096667	3.098002	0.045069 	0.003630
-92.800000	0.001388	-3.093333	3.094721	0.045109 	0.003632
-92.700000	0.001440	-3.090000	3.091440	0.045148 	0.003634
-92.600000	0.001493	-3.086667	3.088160	0.045187 	0.003636
-92.500000	0.001545	-3.083333	3.084878	0.045225 	0.003637
-92.400000	0.001598	-3.080000	3.081598	0.045262 	0.003639
-92.300000	0.001650	-3.076667	3.078317	0.045298 	0.003641
-92.200000	0.001703	-3.073333	3.075036	0.045333 	0.003643
-92.100000	0.001756	-3.070000	3.071756	0.045367 	0.003645
-92.000000	0.001808	-3.066667	3.068475	0.045401 	0.003647
-91.900000	0.001861	-3.063333	3.065194	0.045434 	0.003649
-91.800000	0.001914	-3.060000	3.061914	0.045466 	0.003651
-91.700000	0.001967	-3.056667	3.058634	0.045497 	0.003653
-91.600000	0.002020	-3.053333	3.055353	0.045527 	0.003655
-91.500000	0.002073	-3.050000	3.052073	0.045556 	0.003657
-91.400000	0.002126	-3.046667	3.048793	0.045585 	0.003659
-91.300000	0.002179	-3.043333	3.045512	0.045612 	0.003661
-91.200000	0.002232	-3.040000	3.042232	0.045639 	0.003663
-91.100000	0.002285	-3.036667	3.038952	0.045665 	0.003665
-91.000000	0.002338	-3.033333	3.035671	0.045690 	0.003667
-90.900000	0.002392	-3.030000	3.032392	0.045714 	0.003669
-90.800000	0.002445	-3.026667	3.029112	0.045737 	0.003671
-90.700000	0.002498	-3.023333	3.025831	0.045760 	0.003673
-90.600000	0.002551	-3.020000	3.022551	0.045781 	0.003675
-90.500000	0.002605	-3.016667	3.019272	0.045802 	0.003677
-90.400000	0.002658	-3.013333	3.015991	0.045821 	0.003679
-90.300000	0.002711	-3.010000	3.012711	0.045840 	0.003681
-90.200000	0.002765	-3.006667	3.009432	0.045858 	0.003683
-90.100000	0.002818	-3.003333	3.006151	0.045875 	0.003685
-90.000000	0.002872	-3.000000	3.002872	0.045891 	0.003687
-89.900000	0.002925	-2.996667	2.999592	0.045906 	0.003689
-89.800000	0.002979	-2.993333	2.996312	0.045920 	0.003691
-89.700000	0.003032	-2.990000	2.993032	0.045934 	0.003693
-89.600000	0.003086	-2.986667	2.989753	0.045946 	0.003695
-89.500000	0.003139	-2.983333	2.986472	0.045957 	0.003697
-89.400000	0.003193	-2.980000	2.983193	0.045968 	0.003699
-89.300000	0.003246	-2.976667	2.979913	0.045978 	0.003701
-89.200000	0.003300	-2.973333	2.976633	0.045986 	0.003703
-89.100000	0.003353	-2.970000	2.973353	0.045994 	0.003705
-89.000000	0.003407	-2.966667	2.970074	0.046001 	0.003707
-88.900000	0.003460	-2.963333	2.966793	0.046007 	0.003709
-88.800000	0.003514	-2.960000	2.963514	0.046011 	0.003711
-88.700000	0.003567	-2.956667	2.960234	0.046015 	0.003713
-88.600000	0.003621	-2.953333	2.956954	0.046018 	0.003715
-88.500000	0.003675	-2.950000	2.953675	0.046020 	0.003717
-88.400000	0.003728	-2.946667	2.950395	0.046022 	0.003719
-88.300000	0.003782	-2.943333	2.947115	0.046022 	0.003722
-88.200000	0.003835	-2.940000	2.943835	0.046021 	0.003724
-88.100000	0.003889	-2.936667	2.940556	0.046019 	0.003726
-88.000000	0.003942	-2.933333	2.937275	0.046016 	0.003728
-87.900000	0.003996	-2.930000	2.933996	0.046012 	0.003730
-87.800000	0.004050	-2.926667	2.930717	0.046008 	0.003732
-87.700000	0.004103	-2.923333	2.927436	0.046002 	0.003734
-87.600000	0.004157	-2.920000	2.924157	0.045995 	0.003736
-87.500000	0.004210	-2.916667	2.920877	0.045988 	0.003738
-87.400000	0.004264	-2.913333	2.917597	0.045979 	0.003740
-87.300000	0.004317	-2.910000	2.914317	0.045969 	0.003742
-87.200000	0.004370	-2.906667	2.911037	0.045959 	0.003744
-87.100000	0.004424	-2.903333	2.907757	0.045947 	0.003747
-87.000000	0.004477	-2.900000	2.904477	0.045934 	0.003749
-86.900000	0.004531	-2.896667	2.901198	0.045920 	0.003751
-86.800000	0.004584	-2.893333	2.897917	0.045906 	0.003753
-86.700000	0.004637	-2.890000	2.894637	0.045890 	0.003755
-86.600000	0.004691	-2.886667	2.891358	0.045873 	0.003757
-86.500000	0.004744	-2.883333	2.888077	0.045856 	0.003759
-86.400000	0.004797	-2.880000	2.884797	0.045837 	0.003761
-86.300000	0.004850	-2.876667	2.881517	0.045817 	0.003764
-86.200000	0.004903	-2.873333	2.878236	0.045796 	0.003766
-86.100000	0.004957	-2.870000	2.874957	0.045774 	0.003768
-86.000000	0.005010	-2.866667	2.871677	0.045751 	0.003770
-85.900000	0.005063	-2.863333	2.868396	0.045727 	0.003772
-85.800000	0.005116	-2.860000	2.865116	0.045702 	0.003774
-85.700000	0.005169	-2.856667	2.861836	0.045676 	0.003777
-85.600000	0.005222	-2.853333	2.858555	0.045649 	0.003779
-85.500000	0.005275	-2.850000	2.855275	0.045621 	0.003781
-85.400000	0.005327	-2.846667	2.851994	0.045592 	0.003783
-85.300000	0.005380	-2.843333	2.848713	0.045562 	0.003785
-85.200000	0.005433	-2.840000	2.845433	0.045530 	0.003787
-85.100000	0.005486	-2.836667	2.842153	0.045498 	0.003790
-85.000000	0.005538	-2.833333	2.838871	0.045465 	0.003792
-84.900000	0.005591	-2.830000	2.835591	0.045430 	0.003794
-84.800000	0.005644	-2.826667	2.832311	0.045395 	0.003796
-84.700000	0.005696	-2.823333	2.829029	0.045358 	0.003798
-84.600000	0.005748	-2.820000	2.825748	0.045320 	0.003801
-84.500000	0.005801	-2.816667	2.822468	0.045281 	0.003803
-84.400000	0.005853	-2.813333	2.819186	0.045241 	0.003805
-84.300000	0.005905	-2.810000	2.815905	0.045201 	0.003807
-84.200000	0.005957	-2.806667	2.812624	0.045158 	0.003809
-84.100000	0.006010	-2.803333	2.809343	0.045115 	0.003812
-84.000000	0.006062	-2.800000	2.806062	0.045071 	0.003814
-83.900000	0.006114	-2.796667	2.802781	0.045026 	0.003816
-83.800000	0.006166	-2.793333	2.799499	0.044979 	0.003818
-83.700000	0.006217	-2.790000	2.796217	0.044932 	0.003821
-83.600000	0.006269	-2.786667	2.792936	0.044883 	0.003823
-83.500000	0.006321	-2.783333	2.789654	0.044833 	0.003825
-83.400000	0.006372	-2.780000	2.786372	0.044782 	0.003827
-83.300000	0.006424	-2.776667	2.783091	0.044730 	0.003830
-83.200000	0.006475	-2.773333	2.779808	0.044677 	0.003832
-83.100000	0.006527	-2.770000	2.776527	0.044623 	0.003834
-83.000000	0.006578	-2.766667	2.773245	0.044567 	0.003836
-82.900000	0.006629	-2.763333	2.769962	0.044511 	0.003839
-82.800000	0.006680	-2.760000	2.766680	0.044453 	0.003841
-82.700000	0.006731	-2.756667	2.763398	0.044394 	0.003843
-82.600000	0.006782	-2.753333	2.760115	0.044335 	0.003846
-82.500000	0.006833	-2.750000	2.756833	0.044273 	0.003848
-82.400000	0.006884	-2.746667	2.753551	0.044211 	0.003850
-82.300000	0.006934	-2.743333	2.750267	0.044148 	0.003852
-82.200000	0.006985	-2.740000	2.746985	0.044083 	0.003855
-82.100000	0.007035	-2.736667	2.743702	0.044018 	0.003857
-82.000000	0.007086	-2.733333	2.740419	0.043951 	0.003859
-81.900000	0.007136	-2.730000	2.737136	0.043883 	0.003862
-81.800000	0.007186	-2.726667	2.733853	0.043814 	0.003864
-81.700000	0.007236	-2.723333	2.730569	0.043744 	0.003866
-81.600000	0.007286	-2.720000	2.727286	0.043672 	0.003869
-81.500000	0.007336	-2.716667	2.724003	0.043599 	0.003871
-81.400000	0.007385	-2.713333	2.720718	0.043526 	0.003873
-81.300000	0.007435	-2.710000	2.717435	0.043451 	0.003876
-81.200000	0.007485	-2.706667	2.714152	0.043374 	0.003878
-81.100000	0.007534	-2.703333	2.710867	0.043297 	0.003880
-81.000000	0.007583	-2.700000	2.707583	0.043219 	0.003883
-80.900000	0.007632	-2.696667	2.704299	0.043139 	0.003885
-80.800000	0.007681	-2.693333	2.701014	0.043058 	0.003887
-80.700000	0.007730	-2.690000	2.697730	0.042976 	0.003890
-80.600000	0.007779	-2.686667	2.694446	0.042893 	0.003892
-80.500000	0.007828	-2.683333	2.691161	0.042808 	0.003894
-80.400000	0.007876	-2.680000	2.687876	0.042723 	0.003897
-80.300000	0.007924	-2.676667	2.684591	0.042636 	0.003899
-80.200000	0.007973	-2.673333	2.681306	0.042548 	0.003902
-80.100000	0.008021	-2.670000	2.678021	0.042458 	0.003904
-80.000000	0.008069	-2.666667	2.674736	0.042368 	0.003906
-79.900000	0.008117	-2.663333	2.671450	0.042276 	0.003909
-79.800000	0.008164	-2.660000	2.668164	0.042183 	0.003911
-79.700000	0.008212	-2.656667	2.664879	0.042089 	0.003914
-79.600000	0.008259	-2.653333	2.661592	0.041994 	0.003916
-79.500000	0.008306	-2.650000	2.658306	0.041897 	0.003918
-79.400000	0.008354	-2.646667	2.655021	0.041799 	0.003921
-79.300000	0.008401	-2.643333	2.651734	0.041700 	0.003923
-79.200000	0.008447	-2.640000	2.648447	0.041600 	0.003926
-79.100000	0.008494	-2.636667	2.645161	0.041499 	0.003928
-79.000000	0.008541	-2.633333	2.641874	0.041396 	0.003931
-78.900000	0.008587	-2.630000	2.638587	0.041292 	0.003933
-78.800000	0.008633	-2.626667	2.635300	0.041187 	0.003936
-78.700000	0.008679	-2.623333	2.632012	0.041080 	0.003938
-78.600000	0.008725	-2.620000	2.628725	0.040973 	0.003940
-78.500000	0.008771	-2.616667	2.625438	0.040864 	0.003943
-78.400000	0.008816	-2.613333	2.622149	0.040754 	0.003945
-78.300000	0.008862	-2.610000	2.618862	0.040642 	0.003948
-78.200000	0.008907	-2.606667	2.615574	0.040529 	0.003950
-78.100000	0.008952	-2.603333	2.612285	0.040416 	0.003953
-78.000000	0.008997	-2.600000	2.608997	0.040300 	0.003955
-77.900000	0.009042	-2.596667	2.605709	0.040184 	0.003958
-77.800000	0.009086	-2.593333	2.602419	0.040066 	0.003960
-77.700000	0.009131	-2.590000	2.599131	0.039947 	0.003963
-77.600000	0.009175	-2.586667	2.595842	0.039827 	0.003965
-77.500000	0.009219	-2.583333	2.592552	0.039705 	0.003968
-77.400000	0.009263	-2.580000	2.589263	0.039583 	0.003970
-77.300000	0.009306	-2.576667	2.585973	0.039458 	0.003973
-77.200000	0.009350	-2.573333	2.582683	0.039333 	0.003975
-77.100000	0.009393	-2.570000	2.579393	0.039206 	0.003978
-77.000000	0.009436	-2.566667	2.576103	0.039079 	0.003980
-76.900000	0.009479	-2.563333	2.572812	0.038949 	0.003983
-76.800000	0.009522	-2.560000	2.569522	0.038819 	0.003986
-76.700000	0.009564	-2.556667	2.566231	0.038687 	0.003988
-76.600000	0.009607	-2.553333	2.562940	0.038554 	0.003991
-76.500000	0.009649	-2.550000	2.559649	0.038420 	0.003993
-76.400000	0.009691	-2.546667	2.556358	0.038284 	0.003996
-76.300000	0.009733	-2.543333	2.553066	0.038147 	0.003998
-76.200000	0.009774	-2.540000	2.549774	0.038009 	0.004001
-76.100000	0.009815	-2.536667	2.546482	0.037869 	0.004004
-76.000000	0.009857	-2.533333	2.543190	0.037728 	0.004006
-75.900000	0.009897	-2.530000	2.539897	0.037586 	0.004009
-75.800000	0.009938	-2.526667	2.536605	0.037443 	0.004011
-75.700000	0.009979	-2.523333	2.533312	0.037298 	0.004014
-75.600000	0.010019	-2.520000	2.530019	0.037152 	0.004017
-75.500000	0.010059	-2.516667	2.526726	0.037004 	0.004019
-75.400000	0.010099	-2.513333	2.523432	0.036856 	0.004022
-75.300000	0.010138	-2.510000	2.520138	0.036706 	0.004024
-75.200000	0.010178	-2.506667	2.516845	0.036554 	0.004027
-75.100000	0.010217	-2.503333	2.513550	0.036402 	0.004030
-75.000000	0.010256	-2.500000	2.510256	0.036248 	0.004032
-74.900000	0.010295	-2.496667	2.506962	0.036092 	0.004035
-74.800000	0.010333	-2.493333	2.503666	0.035936 	0.004038
-74.700000	0.010372	-2.490000	2.500372	0.035778 	0.004040
-74.600000	0.010410	-2.486667	2.497077	0.035618 	0.004043
-74.500000	0.010448	-2.483333	2.493781	0.035458 	0.004046
-74.400000	0.010485	-2.480000	2.490485	0.035296 	0.004048
-74.300000	0.010522	-2.476667	2.487189	0.035132 	0.004051
-74.200000	0.010560	-2.473333	2.483893	0.034968 	0.004054
-74.100000	0.010596	-2.470000	2.480596	0.034802 	0.004056
-74.000000	0.010633	-2.466667	2.477300	0.034634 	0.004059
-73.900000	0.010669	-2.463333	2.474002	0.034466 	0.004062
-73.800000	0.010706	-2.460000	2.470706	0.034296 	0.004064
-73.700000	0.010742	-2.456667	2.467409	0.034124 	0.004067
-73.600000	0.010777	-2.453333	2.464110	0.033952 	0.004070
-73.500000	0.010813	-2.450000	2.460813	0.033778 	0.004073
-73.400000	0.010848	-2.446667	2.457515	0.033602 	0.004075
-73.300000	0.010883	-2.443333	2.454216	0.033426 	0.004078
-73.200000	0.010917	-2.440000	2.450917	0.033248 	0.004081
-73.100000	0.010952	-2.436667	2.447619	0.033068 	0.004084
-73.000000	0.010986	-2.433333	2.444319	0.032887 	0.004086
-72.900000	0.011020	-2.430000	2.441020	0.032705 	0.004089
-72.800000	0.011053	-2.426667	2.437720	0.032522 	0.004092
-72.700000	0.011087	-2.423333	2.434420	0.032337 	0.004095
-72.600000	0.011120	-2.420000	2.431120	0.032151 	0.004097
-72.500000	0.011153	-2.416667	2.427820	0.031963 	0.004100
-72.400000	0.011185	-2.413333	2.424518	0.031774 	0.004103
-72.300000	0.011217	-2.410000	2.421217	0.031584 	0.004106
-72.200000	0.011249	-2.406667	2.417916	0.031392 	0.004109
-72.100000	0.011281	-2.403333	2.414614	0.031199 	0.004111
-72.000000	0.011313	-2.400000	2.411313	0.031005 	0.004114
-71.900000	0.011344	-2.396667	2.408011	0.030809 	0.004117
-71.800000	0.011375	-2.393333	2.404708	0.030612 	0.004120
-71.700000	0.011405	-2.390000	2.401405	0.030413 	0.004123
-71.600000	0.011436	-2.386667	2.398103	0.030213 	0.004126
-71.500000	0.011466	-2.383333	2.394799	0.030012 	0.004128
-71.400000	0.011495	-2.380000	2.391495	0.029809 	0.004131
-71.300000	0.011525	-2.376667	2.388192	0.029605 	0.004134
-71.200000	0.011554	-2.373333	2.384887	0.029400 	0.004137
-71.100000	0.011583	-2.370000	2.381583	0.029193 	0.004140
-71.000000	0.011611	-2.366667	2.378278	0.028985 	0.004143
-70.900000	0.011640	-2.363333	2.374973	0.028776 	0.004146
-70.800000	0.011668	-2.360000	2.371668	0.028565 	0.004148
-70.700000	0.011695	-2.356667	2.368362	0.028353 	0.004151
-70.600000	0.011723	-2.353333	2.365056	0.028139 	0.004154
-70.500000	0.011750	-2.350000	2.361750	0.027924 	0.004157
-70.400000	0.011777	-2.346667	2.358444	0.027708 	0.004160
-70.300000	0.011803	-2.343333	2.355136	0.027490 	0.004163
-70.200000	0.011829	-2.340000	2.351829	0.027271 	0.004166
-70.100000	0.011855	-2.336667	2.348522	0.027050 	0.004169
-70.000000	0.011881	-2.333333	2.345214	0.026828 	0.004172
-69.900000	0.011906	-2.330000	2.341906	0.026605 	0.004175
-69.800000	0.011931	-2.326667	2.338598	0.026380 	0.004178
-69.700000	0.011956	-2.323333	2.335289	0.026154 	0.004181
-69.600000	0.011980	-2.320000	2.331980	0.025927 	0.004184
-69.500000	0.012004	-2.316667	2.328671	0.025698 	0.004187
-69.400000	0.012028	-2.313333	2.325361	0.025468 	0.004190
-69.300000	0.012051	-2.310000	2.322051	0.025236 	0.004193
-69.200000	0.012074	-2.306667	2.318741	0.025003 	0.004196
-69.100000	0.012097	-2.303333	2.315430	0.024769 	0.004199
-69.000000	0.012119	-2.300000	2.312119	0.024533 	0.004202
-68.900000	0.012141	-2.296667	2.308808	0.024296 	0.004205
-68.800000	0.012163	-2.293333	2.305496	0.024057 	0.004208
-68.700000	0.012184	-2.290000	2.302184	0.023817 	0.004211
-68.600000	0.012206	-2.286667	2.298873	0.023576 	0.004214
-68.500000	0.012226	-2.283333	2.295559	0.023334 	0.004217
-68.400000	0.012247	-2.280000	2.292247	0.023089 	0.004220
-68.300000	0.012267	-2.276667	2.288934	0.022844 	0.004223
-68.200000	0.012286	-2.273333	2.285619	0.022597 	0.004226
-68.100000	0.012306	-2.270000	2.282306	0.022349 	0.004229
-68.000000	0.012325	-2.266667	2.278992	0.022099 	0.004232
-67.900000	0.012344	-2.263333	2.275677	0.021849 	0.004235
-67.800000	0.012362	-2.260000	2.272362	0.021596 	0.004238
-67.700000	0.012380	-2.256667	2.269047	0.021342 	0.004241
-67.600000	0.012398	-2.253333	2.265731	0.021087 	0.004244
-67.500000	0.012415	-2.250000	2.262415	0.020831 	0.004247
-67.400000	0.012432	-2.246667	2.259099	0.020573 	0.004251
-67.300000	0.012449	-2.243333	2.255782	0.020314 	0.004254
-67.200000	0.012465	-2.240000	2.252465	0.020053 	0.004257
-67.100000	0.012481	-2.236667	2.249148	0.019791 	0.004260
-67.000000	0.012496	-2.233333	2.245829	0.019528 	0.004263
-66.900000	0.012511	-2.230000	2.242511	0.019263 	0.004266
-66.800000	0.012526	-2.226667	2.239193	0.018997 	0.004269
-66.700000	0.012541	-2.223333	2.235874	0.018729 	0.004273
-66.600000	0.012555	-2.220000	2.232555	0.018461 	0.004276
-66.500000	0.012569	-2.216667	2.229236	0.018190 	0.004279
-66.400000	0.012582	-2.213333	2.225915	0.017919 	0.004282
-66.300000	0.012595	-2.210000	2.222595	0.017646 	0.004285
-66.200000	0.012608	-2.206667	2.219275	0.017371 	0.004289
-66.100000	0.012620	-2.203333	2.215953	0.017096 	0.004292
-66.000000	0.012632	-2.200000	2.212632	0.016819 	0.004295
-65.900000	0.012644	-2.196667	2.209311	0.016540 	0.004298
-65.800000	0.012655	-2.193333	2.205988	0.016260 	0.004301
-65.700000	0.012666	-2.190000	2.202666	0.015979 	0.004305
-65.600000	0.012676	-2.186667	2.199343	0.015697 	0.004308
-65.500000	0.012686	-2.183333	2.196019	0.015413 	0.004311
-65.400000	0.012696	-2.180000	2.192696	0.015128 	0.004314
-65.300000	0.012705	-2.176667	2.189372	0.014841 	0.004318
-65.200000	0.012714	-2.173333	2.186047	0.014553 	0.004321
-65.100000	0.012723	-2.170000	2.182723	0.014264 	0.004324
-65.000000	0.012731	-2.166667	2.179398	0.013973 	0.004328
-64.900000	0.012738	-2.163333	2.176071	0.013681 	0.004331
-64.800000	0.012746	-2.160000	2.172746	0.013388 	0.004334
-64.700000	0.012753	-2.156667	2.169420	0.013093 	0.004338
-64.600000	0.012759	-2.153333	2.166092	0.012797 	0.004341
-64.500000	0.012766	-2.150000	2.162766	0.012500 	0.004344
-64.400000	0.012772	-2.146667	2.159439	0.012201 	0.004348
-64.300000	0.012777	-2.143333	2.156110	0.011901 	0.004351
-64.200000	0.012782	-2.140000	2.152782	0.011600 	0.004354
-64.100000	0.012787	-2.136667	2.149454	0.011297 	0.004358
-64.000000	0.012791	-2.133333	2.146124	0.010993 	0.004361
-63.900000	0.012795	-2.130000	2.142795	0.010688 	0.004364
-63.800000	0.012798	-2.126667	2.139465	0.010381 	0.004368
-63.700000	0.012801	-2.123333	2.136134	0.010073 	0.004371
-63.600000	0.012804	-2.120000	2.132804	0.009764 	0.004375
-63.500000	0.012806	-2.116667	2.129473	0.009453 	0.004378
-63.400000	0.012808	-2.113333	2.126141	0.009142 	0.004381
-63.300000	0.012810	-2.110000	2.122810	0.008828 	0.004385
-63.200000	0.012811	-2.106667	2.119478	0.008514 	0.004388
-63.100000	0.012812	-2.103333	2.116145	0.008198 	0.004392
-63.000000	0.012812	-2.100000	2.112812	0.007881 	0.004395
-62.900000	0.012812	-2.096667	2.109479	0.007563 	0.004399
-62.800000	0.012811	-2.093333	2.106144	0.007243 	0.004402
-62.700000	0.012810	-2.090000	2.102810	0.006922 	0.004406
-62.600000	0.012809	-2.086667	2.099476	0.006600 	0.004409
-62.500000	0.012807	-2.083333	2.096140	0.006276 	0.004413
-62.400000	0.012805	-2.080000	2.092805	0.005951 	0.004416
-62.300000	0.012802	-2.076667	2.089469	0.005625 	0.004420
-62.200000	0.012799	-2.073333	2.086132	0.005298 	0.004423
-62.100000	0.012796	-2.070000	2.082796	0.004969 	0.004427
-62.000000	0.012792	-2.066667	2.079459	0.004639 	0.004430
-61.900000	0.012788	-2.063333	2.076121	0.004308 	0.004434
-61.800000	0.012783	-2.060000	2.072783	0.003976 	0.004438
-61.700000	0.012778	-2.056667	2.069445	0.003642 	0.004441
-61.600000	0.012773	-2.053333	2.066106	0.003307 	0.004445
-61.500000	0.012767	-2.050000	2.062767	0.002971 	0.004448
-61.400000	0.012761	-2.046667	2.059428	0.002634 	0.004452
-61.300000	0.012754	-2.043333	2.056087	0.002295 	0.004455
-61.200000	0.012747	-2.040000	2.052747	0.001955 	0.004459
-61.100000	0.012739	-2.036667	2.049406	0.001614 	0.004463
-61.000000	0.012731	-2.033333	2.046064	0.001272 	0.004466
-60.900000	0.012723	-2.030000	2.042723	0.000928 	0.004470
-60.800000	0.012714	-2.026667	2.039381	0.000584 	0.004474
-60.700000	0.012705	-2.023333	2.036038	0.000238 	0.004477
-60.600000	0.012695	-2.020000	2.032695	-0.000109 	0.004481
-60.500000	0.012685	-2.016667	2.029352	-0.000458 	0.004485
-60.400000	0.012674	-2.013333	2.026007	-0.000807 	0.004488
-60.300000	0.012663	-2.010000	2.022663	-0.001158 	0.004492
-60.200000	0.012652	-2.006667	2.019319	-0.001510 	0.004496
-60.100000	0.012640	-2.003333	2.015973	-0.001863 	0.004500
-60.000000	0.012628	-2.000000	2.012628	-0.002217 	0.004503
-59.900000	0.012615	-1.996667	2.009282	-0.002572 	0.004507
-59.800000	0.012602	-1.993333	2.005935	-0.002929 	0.004511
-59.700000	0.012589	-1.990000	2.002589	-0.003286 	0.004515
-59.600000	0.012575	-1.986667	1.999242	-0.003645 	0.004518
-59.500000	0.012560	-1.983333	1.995893	-0.004005 	0.004522
-59.400000	0.012545	-1.980000	1.992545	-0.004366 	0.004526
-59.300000	0.012530	-1.976667	1.989197	-0.004728 	0.004530
-59.200000	0.012514	-1.973333	1.985847	-0.005092 	0.004534
-59.100000	0.012498	-1.970000	1.982498	-0.005456 	0.004537
-59.000000	0.012482	-1.966667	1.979149	-0.005822 	0.004541
-58.900000	0.012465	-1.963333	1.975798	-0.006188 	0.004545
-58.800000	0.012447	-1.960000	1.972447	-0.006556 	0.004549
-58.700000	0.012429	-1.956667	1.969096	-0.006925 	0.004553
-58.600000	0.012411	-1.953333	1.965744	-0.007295 	0.004557
-58.500000	0.012392	-1.950000	1.962392	-0.007666 	0.004561
-58.400000	0.012373	-1.946667	1.959040	-0.008038 	0.004565
-58.300000	0.012354	-1.943333	1.955687	-0.008411 	0.004568
-58.200000	0.012334	-1.940000	1.952334	-0.008785 	0.004572
-58.100000	0.012313	-1.936667	1.948980	-0.009160 	0.004576
-58.000000	0.012292	-1.933333	1.945625	-0.009536 	0.004580
-57.900000	0.012271	-1.930000	1.942271	-0.009913 	0.004584
-57.800000	0.012249	-1.926667	1.938916	-0.010292 	0.004588
-57.700000	0.012227	-1.923333	1.935560	-0.010671 	0.004592
-57.600000	0.012204	-1.920000	1.932204	-0.011051 	0.004596
-57.500000	0.012181	-1.916667	1.928848	-0.011432 	0.004600
-57.400000	0.012158	-1.913333	1.925491	-0.011815 	0.004604
-57.300000	0.012134	-1.910000	1.922134	-0.012198 	0.004608
-57.200000	0.012110	-1.906667	1.918777	-0.012582 	0.004612
-57.100000	0.012085	-1.903333	1.915418	-0.012967 	0.004616
-57.000000	0.012060	-1.900000	1.912060	-0.013353 	0.004620
-56.900000	0.012034	-1.896667	1.908701	-0.013740 	0.004624
-56.800000	0.012008	-1.893333	1.905341	-0.014128 	0.004628
-56.700000	0.011981	-1.890000	1.901981	-0.014517 	0.004632
-56.600000	0.011954	-1.886667	1.898621	-0.014907 	0.004637
-56.500000	0.011927	-1.883333	1.895260	-0.015298 	0.004641
-56.400000	0.011899	-1.880000	1.891899	-0.015690 	0.004645
-56.300000	0.011871	-1.876667	1.888538	-0.016082 	0.004649
-56.200000	0.011842	-1.873333	1.885175	-0.016475 	0.004653
-56.100000	0.011813	-1.870000	1.881813	-0.016870 	0.004657
-56.000000	0.011783	-1.866667	1.878450	-0.017265 	0.004661
-55.900000	0.011753	-1.863333	1.875086	-0.017661 	0.004666
-55.800000	0.011723	-1.860000	1.871723	-0.018058 	0.004670
-55.700000	0.011692	-1.856667	1.868359	-0.018455 	0.004674
-55.600000	0.011660	-1.853333	1.864993	-0.018854 	0.004678
-55.500000	0.011628	-1.850000	1.861628	-0.019253 	0.004682
-55.400000	0.011596	-1.846667	1.858263	-0.019653 	0.004687
-55.300000	0.011564	-1.843333	1.854897	-0.020054 	0.004691
-55.200000	0.011531	-1.840000	1.851531	-0.020456 	0.004695
-55.100000	0.011497	-1.836667	1.848164	-0.020858 	0.004699
-55.000000	0.011463	-1.833333	1.844796	-0.021261 	0.004704
-54.900000	0.011429	-1.830000	1.841429	-0.021665 	0.004708
-54.800000	0.011394	-1.826667	1.838061	-0.022070 	0.004712
-54.700000	0.011359	-1.823333	1.834692	-0.022475 	0.004717
-54.600000	0.011323	-1.820000	1.831323	-0.022881 	0.004721
-54.500000	0.011287	-1.816667	1.827954	-0.023288 	0.004725
-54.400000	0.011250	-1.813333	1.824583	-0.023696 	0.004730
-54.300000	0.011213	-1.810000	1.821213	-0.024104 	0.004734
-54.200000	0.011176	-1.806667	1.817843	-0.024513 	0.004738
-54.100000	0.011138	-1.803333	1.814471	-0.024922 	0.004743
-54.000000	0.011100	-1.800000	1.811100	-0.025332 	0.004747
-53.900000	0.011061	-1.796667	1.807728	-0.025743 	0.004752
-53.800000	0.011022	-1.793333	1.804355	-0.026154 	0.004756
-53.700000	0.010983	-1.790000	1.800983	-0.026566 	0.004761
-53.600000	0.010943	-1.786667	1.797610	-0.026979 	0.004765
-53.500000	0.010902	-1.783333	1.794235	-0.027392 	0.004770
-53.400000	0.010862	-1.780000	1.790862	-0.027805 	0.004774
-53.300000	0.010820	-1.776667	1.787487	-0.028219 	0.004779
-53.200000	0.010779	-1.773333	1.784112	-0.028634 	0.004783
-53.100000	0.010737	-1.770000	1.780737	-0.029049 	0.004788
-53.000000	0.010694	-1.766667	1.777361	-0.029465 	0.004792
-52.900000	0.010651	-1.763333	1.773984	-0.029881 	0.004797
-52.800000	0.010608	-1.760000	1.770608	-0.030298 	0.004801
-52.700000	0.010564	-1.756667	1.767231	-0.030715 	0.004806
-52.600000	0.010520	-1.753333	1.763853	-0.031133 	0.004810
-52.500000	0.010475	-1.750000	1.760475	-0.031551 	0.004815
-52.400000	0.010430	-1.746667	1.757097	-0.031969 	0.004820
-52.300000	0.010385	-1.743333	1.753718	-0.032388 	0.004824
-52.200000	0.010339	-1.740000	1.750339	-0.032807 	0.004829
-52.100000	0.010293	-1.736667	1.746960	-0.033227 	0.004834
-52.000000	0.010246	-1.733333	1.743579	-0.033647 	0.004838
-51.900000	0.010199	-1.730000	1.740199	-0.034067 	0.004843
-51.800000	0.010152	-1.726667	1.736819	-0.034488 	0.004848
-51.700000	0.010104	-1.723333	1.733437	-0.034909 	0.004852
-51.600000	0.010056	-1.720000	1.730056	-0.035330 	0.004857
-51.500000	0.010007	-1.716667	1.726674	-0.035751 	0.004862
-51.400000	0.009958	-1.713333	1.723291	-0.036173 	0.004867
-51.300000	0.009908	-1.710000	1.719908	-0.036595 	0.004872
-51.200000	0.009859	-1.706667	1.716526	-0.037017 	0.004876
-51.100000	0.009808	-1.703333	1.713141	-0.037440 	0.004881
-51.000000	0.009758	-1.700000	1.709758	-0.037862 	0.004886
-50.900000	0.009706	-1.696667	1.706373	-0.038285 	0.004891
-50.800000	0.009655	-1.693333	1.702988	-0.038708 	0.004896
-50.700000	0.009603	-1.690000	1.699603	-0.039131 	0.004901
-50.600000	0.009551	-1.686667	1.696218	-0.039554 	0.004905
-50.500000	0.009498	-1.683333	1.692831	-0.039977 	0.004910
-50.400000	0.009445	-1.680000	1.689445	-0.040401 	0.004915
-50.300000	0.009392	-1.676667	1.686059	-0.040824 	0.004920
-50.200000	0.009338	-1.673333	1.682671	-0.041248 	0.004925
-50.100000	0.009283	-1.670000	1.679283	-0.041671 	0.004930
-50.000000	0.009229	-1.666667	1.675896	-0.042095 	0.004935
-49.900000	0.009174	-1.663333	1.672507	-0.042518 	0.004940
-49.800000	0.009118	-1.660000	1.669118	-0.042942 	0.004945
-49.700000	0.009063	-1.656667	1.665730	-0.043365 	0.004950
-49.600000	0.009006	-1.653333	1.662339	-0.043789 	0.004955
-49.500000	0.008950	-1.650000	1.658950	-0.044212 	0.004960
-49.400000	0.008893	-1.646667	1.655560	-0.044635 	0.004965
-49.300000	0.008836	-1.643333	1.652169	-0.045058 	0.004970
-49.200000	0.008778	-1.640000	1.648778	-0.045481 	0.004975
-49.100000	0.008720	-1.636667	1.645387	-0.045904 	0.004981
-49.000000	0.008661	-1.633333	1.641994	-0.046326 	0.004986
-48.900000	0.008603	-1.630000	1.638603	-0.046748 	0.004991
-48.800000	0.008543	-1.626667	1.635210	-0.047171 	0.004996
-48.700000	0.008484	-1.623333	1.631817	-0.047592 	0.005001
-48.600000	0.008424	-1.620000	1.628424	-0.048014 	0.005006
-48.500000	0.008364	-1.616667	1.625031	-0.048435 	0.005012
-48.400000	0.008303	-1.613333	1.621636	-0.048856 	0.005017
-48.300000	0.008242	-1.610000	1.618242	-0.049277 	0.005022
-48.200000	0.008180	-1.606667	1.614847	-0.049697 	0.005027
-48.100000	0.008119	-1.603333	1.611452	-0.050117 	0.005033
-48.000000	0.008057	-1.600000	1.608057	-0.050536 	0.005038
-47.900000	0.007994	-1.596667	1.604661	-0.050955 	0.005043
-47.800000	0.007931	-1.593333	1.601264	-0.051374 	0.005049
-47.700000	0.007868	-1.590000	1.597868	-0.051792 	0.005054
-47.600000	0.007805	-1.586667	1.594472	-0.052209 	0.005060
-47.500000	0.007741	-1.583333	1.591074	-0.052626 	0.005065
-47.400000	0.007677	-1.580000	1.587677	-0.053043 	0.005070
-47.300000	0.007612	-1.576667	1.584279	-0.053458 	0.005076
-47.200000	0.007547	-1.573333	1.580880	-0.053874 	0.005081
-47.100000	0.007482	-1.570000	1.577482	-0.054288 	0.005087
-47.000000	0.007416	-1.566667	1.574083	-0.054702 	0.005092
-46.900000	0.007350	-1.563333	1.570683	-0.055116 	0.005098
-46.800000	0.007284	-1.560000	1.567284	-0.055528 	0.005103
-46.700000	0.007218	-1.556667	1.563885	-0.055940 	0.005109
-46.600000	0.007151	-1.553333	1.560484	-0.056351 	0.005114
-46.500000	0.007083	-1.550000	1.557083	-0.056761 	0.005120
-46.400000	0.007016	-1.546667	1.553683	-0.057171 	0.005125
-46.300000	0.006948	-1.543333	1.550281	-0.057580 	0.005131
-46.200000	0.006880	-1.540000	1.546880	-0.057987 	0.005137
-46.100000	0.006811	-1.536667	1.543478	-0.058394 	0.005142
-46.000000	0.006742	-1.533333	1.540075	-0.058800 	0.005148
-45.900000	0.006673	-1.530000	1.536673	-0.059205 	0.005154
-45.800000	0.006603	-1.526667	1.533270	-0.059610 	0.005159
-45.700000	0.006534	-1.523333	1.529867	-0.060013 	0.005165
-45.600000	0.006463	-1.520000	1.526463	-0.060415 	0.005171
-45.500000	0.006393	-1.516667	1.523060	-0.060816 	0.005177
-45.400000	0.006322	-1.513333	1.519655	-0.061216 	0.005183
-45.300000	0.006251	-1.510000	1.516251	-0.061614 	0.005188
-45.200000	0.006180	-1.506667	1.512847	-0.062012 	0.005194
-45.100000	0.006108	-1.503333	1.509441	-0.062409 	0.005200
-45.000000	0.006036	-1.500000	1.506036	-0.062804 	0.005206
-44.900000	0.005963	-1.496667	1.502630	-0.063198 	0.005212
-44.800000	0.005891	-1.493333	1.499224	-0.063591 	0.005218
-44.700000	0.005818	-1.490000	1.495818	-0.063982 	0.005224
-44.600000	0.005745	-1.486667	1.492412	-0.064372 	0.005230
-44.500000	0.005671	-1.483333	1.489004	-0.064761 	0.005236
-44.400000	0.005597	-1.480000	1.485597	-0.065148 	0.005242
-44.300000	0.005523	-1.476667	1.482190	-0.065534 	0.005248
-44.200000	0.005449	-1.473333	1.478782	-0.065919 	0.005254
-44.100000	0.005374	-1.470000	1.475374	-0.066302 	0.005260
-44.000000	0.005299	-1.466667	1.471966	-0.066683 	0.005266
-43.900000	0.005224	-1.463333	1.468557	-0.067063 	0.005272
-43.800000	0.005148	-1.460000	1.465148	-0.067441 	0.005278
-43.700000	0.005072	-1.456667	1.461739	-0.067818 	0.005284
-43.600000	0.004996	-1.453333	1.458329	-0.068193 	0.005290
-43.500000	0.004920	-1.450000	1.454920	-0.068566 	0.005297
-43.400000	0.004843	-1.446667	1.451510	-0.068937 	0.005303
-43.300000	0.004766	-1.443333	1.448099	-0.069307 	0.005309
-43.200000	0.004688	-1.440000	1.444688	-0.069675 	0.005315
-43.100000	0.004611	-1.436667	1.441278	-0.070041 	0.005322
-43.000000	0.004533	-1.433333	1.437866	-0.070405 	0.005328
-42.900000	0.004455	-1.430000	1.434455	-0.070768 	0.005334
-42.800000	0.004376	-1.426667	1.431043	-0.071128 	0.005341
-42.700000	0.004298	-1.423333	1.427631	-0.071486 	0.005347
-42.600000	0.004219	-1.420000	1.424219	-0.071842 	0.005353
-42.500000	0.004139	-1.416667	1.420806	-0.072196 	0.005360
-42.400000	0.004060	-1.413333	1.417393	-0.072548 	0.005366
-42.300000	0.003980	-1.410000	1.413980	-0.072898 	0.005373
-42.200000	0.003900	-1.406667	1.410567	-0.073246 	0.005379
-42.100000	0.003820	-1.403333	1.407153	-0.073591 	0.005386
-42.000000	0.003739	-1.400000	1.403739	-0.073934 	0.005392
-41.900000	0.003658	-1.396667	1.400325	-0.074275 	0.005399
-41.800000	0.003577	-1.393333	1.396910	-0.074613 	0.005405
-41.700000	0.003495	-1.390000	1.393495	-0.074949 	0.005412
-41.600000	0.003413	-1.386667	1.390080	-0.075282 	0.005419
-41.500000	0.003331	-1.383333	1.386664	-0.075613 	0.005425
-41.400000	0.003249	-1.380000	1.383249	-0.075942 	0.005432
-41.300000	0.003166	-1.376667	1.379833	-0.076267 	0.005439
-41.200000	0.003083	-1.373333	1.376416	-0.076590 	0.005446
-41.100000	0.003000	-1.370000	1.373000	-0.076911 	0.005452
-41.000000	0.002917	-1.366667	1.369584	-0.077228 	0.005459
-40.900000	0.002833	-1.363333	1.366166	-0.077543 	0.005466
-40.800000	0.002749	-1.360000	1.362749	-0.077855 	0.005473
-40.700000	0.002665	-1.356667	1.359332	-0.078164 	0.005480
-40.600000	0.002580	-1.353333	1.355913	-0.078470 	0.005487
-40.500000	0.002495	-1.350000	1.352495	-0.078773 	0.005493
-40.400000	0.002410	-1.346667	1.349077	-0.079073 	0.005500
-40.300000	0.002324	-1.343333	1.345657	-0.079370 	0.005507
-40.200000	0.002239	-1.340000	1.342239	-0.079663 	0.005514
-40.100000	0.002153	-1.336667	1.338820	-0.079954 	0.005521
-40.000000	0.002066	-1.333333	1.335399	-0.080241 	0.005529
-39.900000	0.001979	-1.330000	1.331979	-0.080525 	0.005536
-39.800000	0.001893	-1.326667	1.328560	-0.080806 	0.005543
-39.700000	0.001805	-1.323333	1.325138	-0.081083 	0.005550
-39.600000	0.001718	-1.320000	1.321718	-0.081356 	0.005557
-39.500000	0.001630	-1.316667	1.318297	-0.081627 	0.005564
-39.400000	0.001542	-1.313333	1.314875	-0.081893 	0.005572
-39.300000	0.001453	-1.310000	1.311453	-0.082156 	0.005579
-39.200000	0.001364	-1.306667	1.308031	-0.082415 	0.005586
-39.100000	0.001275	-1.303333	1.304608	-0.082671 	0.005593
-39.000000	0.001186	-1.300000	1.301186	-0.082922 	0.005601
-38.900000	0.001096	-1.296667	1.297763	-0.083170 	0.005608
-38.800000	0.001006	-1.293333	1.294339	-0.083414 	0.005616
-38.700000	0.000916	-1.290000	1.290916	-0.083654 	0.005623
-38.600000	0.000825	-1.286667	1.287492	-0.083890 	0.005630
-38.500000	0.000734	-1.283333	1.284067	-0.084122 	0.005638
-38.400000	0.000643	-1.280000	1.280643	-0.084350 	0.005646
-38.300000	0.000552	-1.276667	1.277219	-0.084574 	0.005653
-38.200000	0.000460	-1.273333	1.273793	-0.084793 	0.005661
-38.100000	0.000368	-1.270000	1.270368	-0.085008 	0.005668
-38.000000	0.000275	-1.266667	1.266942	-0.085219 	0.005676
-37.900000	0.000182	-1.263333	1.263515	-0.085425 	0.005684
-37.800000	0.000089	-1.260000	1.260089	-0.085627 	0.005691
-37.700000	-0.000004	-1.256667	1.256663	-0.085825 	0.005699
-37.600000	-0.000098	-1.253333	1.253235	-0.086018 	0.005707
-37.500000	-0.000192	-1.250000	1.249808	-0.086206 	0.005715
-37.400000	-0.000286	-1.246667	1.246381	-0.086390 	0.005723
-37.300000	-0.000380	-1.243333	1.242953	-0.086569 	0.005730
-37.200000	-0.000475	-1.240000	1.239525	-0.086743 	0.005738
-37.100000	-0.000570	-1.236667	1.236097	-0.086913 	0.005746
-37.000000	-0.000666	-1.233333	1.232667	-0.087078 	0.005754
-36.900000	-0.000761	-1.230000	1.229239	-0.087238 	0.005762
-36.800000	-0.000857	-1.226667	1.225810	-0.087392 	0.005770
-36.700000	-0.000953	-1.223333	1.222380	-0.087542 	0.005778
-36.600000	-0.001050	-1.220000	1.218950	-0.087687 	0.005787
-36.500000	-0.001147	-1.216667	1.215520	-0.087827 	0.005795
-36.400000	-0.001244	-1.213333	1.212089	-0.087962 	0.005803
-36.300000	-0.001341	-1.210000	1.208659	-0.088092 	0.005811
-36.200000	-0.001438	-1.206667	1.205229	-0.088216 	0.005819
-36.100000	-0.001536	-1.203333	1.201797	-0.088335 	0.005828
-36.000000	-0.001634	-1.200000	1.198366	-0.088449 	0.005836
-35.900000	-0.001732	-1.196667	1.194935	-0.088558 	0.005844
-35.800000	-0.001831	-1.193333	1.191502	-0.088661 	0.005853
-35.700000	-0.001929	-1.190000	1.188071	-0.088759 	0.005861
-35.600000	-0.002028	-1.186667	1.184639	-0.088851 	0.005870
-35.500000	-0.002127	-1.183333	1.181206	-0.088938 	0.005878
-35.400000	-0.002226	-1.180000	1.177774	-0.089020 	0.005887
-35.300000	-0.002325	-1.176667	1.174342	-0.089095 	0.005895
-35.200000	-0.002425	-1.173333	1.170908	-0.089166 	0.005904
-35.100000	-0.002525	-1.170000	1.167475	-0.089230 	0.005913
-35.000000	-0.002625	-1.166667	1.164042	-0.089289 	0.005922
-34.900000	-0.002725	-1.163333	1.160608	-0.089342 	0.005930
-34.800000	-0.002825	-1.160000	1.157175	-0.089390 	0.005939
-34.700000	-0.002925	-1.156667	1.153742	-0.089431 	0.005948
-34.600000	-0.003025	-1.153333	1.150308	-0.089467 	0.005957
-34.500000	-0.003126	-1.150000	1.146874	-0.089497 	0.005966
-34.400000	-0.003227	-1.146667	1.143440	-0.089521 	0.005975
-34.300000	-0.003327	-1.143333	1.140006	-0.089539 	0.005984
-34.200000	-0.003428	-1.140000	1.136572	-0.089551 	0.005993
-34.100000	-0.003529	-1.136667	1.133138	-0.089557 	0.006002
-34.000000	-0.003630	-1.133333	1.129703	-0.089557 	0.006011
-33.900000	-0.003731	-1.130000	1.126269	-0.089551 	0.006020
-33.800000	-0.003832	-1.126667	1.122835	-0.089538 	0.006029
-33.700000	-0.003933	-1.123333	1.119400	-0.089520 	0.006038
-33.600000	-0.004035	-1.120000	1.115965	-0.089495 	0.006048
-33.500000	-0.004136	-1.116667	1.112531	-0.089464 	0.006057
-33.400000	-0.004237	-1.113333	1.109096	-0.089427 	0.006066
-33.300000	-0.004338	-1.110000	1.105662	-0.089383 	0.006076
-33.200000	-0.004440	-1.106667	1.102227	-0.089334 	0.006085
-33.100000	-0.004541	-1.103333	1.098792	-0.089277 	0.006095
-33.000000	-0.004642	-1.100000	1.095358	-0.089214 	0.006104
-32.900000	-0.004743	-1.096667	1.091924	-0.089145 	0.006114
-32.800000	-0.004844	-1.093333	1.088489	-0.089069 	0.006124
-32.700000	-0.004945	-1.090000	1.085055	-0.088987 	0.006133
-32.600000	-0.005047	-1.086667	1.081620	-0.088898 	0.006143
-32.500000	-0.005148	-1.083333	1.078185	-0.088802 	0.006153
-32.400000	-0.005249	-1.080000	1.074751	-0.088700 	0.006163
-32.300000	-0.005349	-1.076667	1.071318	-0.088591 	0.006172
-32.200000	-0.005450	-1.073333	1.067883	-0.088475 	0.006182
-32.100000	-0.005551	-1.070000	1.064449	-0.088353 	0.006192
-32.000000	-0.005651	-1.066667	1.061016	-0.088223 	0.006202
-31.900000	-0.005752	-1.063333	1.057581	-0.088087 	0.006212
-31.800000	-0.005852	-1.060000	1.054148	-0.087944 	0.006223
-31.700000	-0.005953	-1.056667	1.050714	-0.087793 	0.006233
-31.600000	-0.006053	-1.053333	1.047280	-0.087636 	0.006243
-31.500000	-0.006153	-1.050000	1.043847	-0.087472 	0.006253
-31.400000	-0.006252	-1.046667	1.040415	-0.087300 	0.006263
-31.300000	-0.006352	-1.043333	1.036981	-0.087122 	0.006274
-31.200000	-0.006452	-1.040000	1.033548	-0.086936 	0.006284
-31.100000	-0.006551	-1.036667	1.030116	-0.086742 	0.006295
-31.000000	-0.006650	-1.033333	1.026683	-0.086542 	0.006305
-30.900000	-0.006749	-1.030000	1.023251	-0.086334 	0.006316
-30.800000	-0.006848	-1.026667	1.019819	-0.086119 	0.006326
-30.700000	-0.006946	-1.023333	1.016387	-0.085896 	0.006337
-30.600000	-0.007045	-1.020000	1.012955	-0.085666 	0.006348
-30.500000	-0.007143	-1.016667	1.009524	-0.085429 	0.006359
-30.400000	-0.007241	-1.013333	1.006092	-0.085183 	0.006369
-30.300000	-0.007339	-1.010000	1.002661	-0.084930 	0.006380
-30.200000	-0.007436	-1.006667	0.999231	-0.084670 	0.006391
-30.100000	-0.007533	-1.003333	0.995800	-0.084401 	0.006402
-30.000000	-0.007631	-1.000000	0.992369	-0.084125 	0.006413
-29.900000	-0.007727	-0.996667	0.988939	-0.083841 	0.006424
-29.800000	-0.007824	-0.993333	0.985509	-0.083549 	0.006436
-29.700000	-0.007920	-0.990000	0.982080	-0.083249 	0.006447
-29.600000	-0.008016	-0.986667	0.978651	-0.082942 	0.006458
-29.500000	-0.008112	-0.983333	0.975222	-0.082626 	0.006469
-29.400000	-0.008207	-0.980000	0.971793	-0.082302 	0.006481
-29.300000	-0.008302	-0.976667	0.968364	-0.081969 	0.006492
-29.200000	-0.008397	-0.973333	0.964936	-0.081629 	0.006504
-29.100000	-0.008492	-0.970000	0.961508	-0.081280 	0.006515
-29.000000	-0.008586	-0.966667	0.958081	-0.080923 	0.006527
-28.900000	-0.008680	-0.963333	0.954653	-0.080558 	0.006539
-28.800000	-0.008774	-0.960000	0.951226	-0.080184 	0.006551
-28.700000	-0.008867	-0.956667	0.947800	-0.079802 	0.006562
-28.600000	-0.008960	-0.953333	0.944373	-0.079411 	0.006574
-28.500000	-0.009053	-0.950000	0.940947	-0.079011 	0.006586
-28.400000	-0.009145	-0.946667	0.937522	-0.078603 	0.006598
-28.300000	-0.009237	-0.943333	0.934096	-0.078186 	0.006610
-28.200000	-0.009329	-0.940000	0.930671	-0.077761 	0.006622
-28.100000	-0.009420	-0.936667	0.927247	-0.077326 	0.006635
-28.000000	-0.009511	-0.933333	0.923822	-0.076883 	0.006647
-27.900000	-0.009601	-0.930000	0.920399	-0.076430 	0.006659
-27.800000	-0.009692	-0.926667	0.916975	-0.075969 	0.006672
-27.700000	-0.009781	-0.923333	0.913552	-0.075499 	0.006684
-27.600000	-0.009871	-0.920000	0.910129	-0.075019 	0.006697
-27.500000	-0.009960	-0.916667	0.906707	-0.074531 	0.006709
-27.400000	-0.010049	-0.913333	0.903285	-0.074033 	0.006722
-27.300000	-0.010137	-0.910000	0.899863	-0.073526 	0.006735
-27.200000	-0.010225	-0.906667	0.896442	-0.073009 	0.006748
-27.100000	-0.010312	-0.903333	0.893021	-0.072483 	0.006761
-27.000000	-0.010399	-0.900000	0.889601	-0.071948 	0.006774
-26.900000	-0.010486	-0.896667	0.886181	-0.071403 	0.006787
-26.800000	-0.010572	-0.893333	0.882761	-0.070849 	0.006800
-26.700000	-0.010658	-0.890000	0.879342	-0.070285 	0.006813
-26.600000	-0.010743	-0.886667	0.875924	-0.069711 	0.006826
-26.500000	-0.010828	-0.883333	0.872506	-0.069128 	0.006840
-26.400000	-0.010912	-0.880000	0.869088	-0.068534 	0.006853
-26.300000	-0.010996	-0.876667	0.865671	-0.067931 	0.006867
-26.200000	-0.011079	-0.873333	0.862254	-0.067318 	0.006880
-26.100000	-0.011162	-0.870000	0.858838	-0.066695 	0.006894
-26.000000	-0.011245	-0.866667	0.855422	-0.066062 	0.006908
-25.900000	-0.011327	-0.863333	0.852006	-0.065419 	0.006921
-25.800000	-0.011408	-0.860000	0.848592	-0.064765 	0.006935
-25.700000	-0.011489	-0.856667	0.845177	-0.064101 	0.006949
-25.600000	-0.011570	-0.853333	0.841764	-0.063428 	0.006963
-25.500000	-0.011650	-0.850000	0.838350	-0.062743 	0.006978
-25.400000	-0.011729	-0.846667	0.834937	-0.062049 	0.006992
-25.300000	-0.011808	-0.843333	0.831525	-0.061344 	0.007006
-25.200000	-0.011887	-0.840000	0.828113	-0.060628 	0.007021
-25.100000	-0.011964	-0.836667	0.824702	-0.059902 	0.007035
-25.000000	-0.012042	-0.833333	0.821292	-0.059165 	0.007050
-24.900000	-0.012118	-0.830000	0.817882	-0.058418 	0.007064
-24.800000	-0.012194	-0.826667	0.814472	-0.057659 	0.007079
-24.700000	-0.012270	-0.823333	0.811063	-0.056890 	0.007094
-24.600000	-0.012345	-0.820000	0.807655	-0.056110 	0.007109
-24.500000	-0.012419	-0.816667	0.804247	-0.055320 	0.007124
-24.400000	-0.012493	-0.813333	0.800840	-0.054518 	0.007139
-24.300000	-0.012566	-0.810000	0.797434	-0.053705 	0.007154
-24.200000	-0.012639	-0.806667	0.794028	-0.052881 	0.007170
-24.100000	-0.012711	-0.803333	0.790622	-0.052046 	0.007185
-24.000000	-0.012782	-0.800000	0.787218	-0.051200 	0.007201
-23.900000	-0.012853	-0.796667	0.783814	-0.050342 	0.007216
-23.800000	-0.012923	-0.793333	0.780410	-0.049473 	0.007232
-23.700000	-0.012992	-0.790000	0.777008	-0.048593 	0.007248
-23.600000	-0.013061	-0.786667	0.773606	-0.047701 	0.007264
-23.500000	-0.013129	-0.783333	0.770204	-0.046798 	0.007280
-23.400000	-0.013196	-0.780000	0.766804	-0.045883 	0.007296
-23.300000	-0.013263	-0.776667	0.763404	-0.044957 	0.007312
-23.200000	-0.013329	-0.773333	0.760004	-0.044019 	0.007328
-23.100000	-0.013394	-0.770000	0.756606	-0.043069 	0.007345
-23.000000	-0.013459	-0.766667	0.753208	-0.042108 	0.007361
-22.900000	-0.013522	-0.763333	0.749811	-0.041134 	0.007378
-22.800000	-0.013585	-0.760000	0.746415	-0.040149 	0.007395
-22.700000	-0.013647	-0.756667	0.743019	-0.039152 	0.007412
-22.600000	-0.013709	-0.753333	0.739624	-0.038143 	0.007429
-22.500000	-0.013770	-0.750000	0.736230	-0.037122 	0.007446
-22.400000	-0.013829	-0.746667	0.732837	-0.036089 	0.007463
-22.300000	-0.013888	-0.743333	0.729445	-0.035043 	0.007480
-22.200000	-0.013947	-0.740000	0.726053	-0.033986 	0.007498
-22.100000	-0.014004	-0.736667	0.722663	-0.032916 	0.007515
-22.000000	-0.014061	-0.733333	0.719273	-0.031834 	0.007533
-21.900000	-0.014117	-0.730000	0.715883	-0.030740 	0.007551
-21.800000	-0.014172	-0.726667	0.712495	-0.029634 	0.007569
-21.700000	-0.014226	-0.723333	0.709107	-0.028516 	0.007587
-21.600000	-0.014279	-0.720000	0.705721	-0.027385 	0.007605
-21.500000	-0.014332	-0.716667	0.702335	-0.026243 	0.007623
-21.400000	-0.014384	-0.713333	0.698949	-0.025089 	0.007642
-21.300000	-0.014436	-0.710000	0.695564	-0.023924 	0.007660
-21.200000	-0.014487	-0.706667	0.692180	-0.022747 	0.007679
-21.100000	-0.014537	-0.703333	0.688796	-0.021560 	0.007698
-21.000000	-0.014587	-0.700000	0.685413	-0.020363 	0.007717
-20.900000	-0.014637	-0.696667	0.682029	-0.019155 	0.007736
-20.800000	-0.014687	-0.693333	0.678646	-0.017939 	0.007755
-20.700000	-0.014737	-0.690000	0.675263	-0.016714 	0.007775
-20.600000	-0.014788	-0.686667	0.671879	-0.015481 	0.007794
-20.500000	-0.014838	-0.683333	0.668495	-0.014241 	0.007814
-20.400000	-0.014890	-0.680000	0.665110	-0.012995 	0.007834
-20.300000	-0.014942	-0.676667	0.661724	-0.011743 	0.007854
-20.200000	-0.014996	-0.673333	0.658338	-0.010487 	0.007874
-20.100000	-0.015050	-0.670000	0.654950	-0.009227 	0.007894
-20.000000	-0.015106	-0.666667	0.651561	-0.007963 	0.007915
-19.900000	-0.015163	-0.663333	0.648170	-0.006696 	0.007935
-19.800000	-0.015222	-0.660000	0.644778	-0.005426 	0.007956
-19.700000	-0.015282	-0.656667	0.641385	-0.004155 	0.007977
-19.600000	-0.015343	-0.653333	0.637990	-0.002880 	0.007999
-19.500000	-0.015406	-0.650000	0.634594	-0.001603 	0.008020
-19.400000	-0.015470	-0.646667	0.631197	-0.000323 	0.008041
-19.300000	-0.015535	-0.643333	0.627799	0.000962 	0.008063
-19.200000	-0.015600	-0.640000	0.624400	0.002251 	0.008085
-19.100000	-0.015666	-0.636667	0.621001	0.003546 	0.008107
-19.000000	-0.015732	-0.633333	0.617601	0.004848 	0.008129
-18.900000	-0.015798	-0.630000	0.614202	0.006159 	0.008152
-18.800000	-0.015862	-0.626667	0.610804	0.007480 	0.008175
-18.700000	-0.015926	-0.623333	0.607407	0.008812 	0.008197
-18.600000	-0.015988	-0.620000	0.604012	0.010158 	0.008220
-18.500000	-0.016048	-0.616667	0.600618	0.011519 	0.008244
-18.400000	-0.016106	-0.613333	0.597227	0.012895 	0.008267
-18.300000	-0.016161	-0.610000	0.593839	0.014290 	0.008291
-18.200000	-0.016213	-0.606667	0.590454	0.015703 	0.008314
-18.100000	-0.016262	-0.603333	0.587072	0.017137 	0.008338
-18.000000	-0.016307	-0.600000	0.583693	0.018591 	0.008362
-17.900000	-0.016348	-0.596667	0.580318	0.020068 	0.008387
-17.800000	-0.016386	-0.593333	0.576947	0.021566 	0.008411
-17.700000	-0.016420	-0.590000	0.573580	0.023088 	0.008436
-17.600000	-0.016449	-0.586667	0.570217	0.024632 	0.008461
-17.500000	-0.016475	-0.583333	0.566858	0.026200 	0.008486
-17.400000	-0.016497	-0.580000	0.563503	0.027790 	0.008511
-17.300000	-0.016514	-0.576667	0.560152	0.029403 	0.008536
-17.200000	-0.016528	-0.573333	0.556805	0.031038 	0.008562
-17.100000	-0.016538	-0.570000	0.553462	0.032695 	0.008588
-17.000000	-0.016545	-0.566667	0.550122	0.034374 	0.008614
-16.900000	-0.016548	-0.563333	0.546785	0.036073 	0.008640
-16.800000	-0.016548	-0.560000	0.543452	0.037792 	0.008666
-16.700000	-0.016544	-0.556667	0.540122	0.039532 	0.008693
-16.600000	-0.016538	-0.553333	0.536796	0.041290 	0.008720
-16.500000	-0.016528	-0.550000	0.533472	0.043067 	0.008747
-16.400000	-0.016516	-0.546667	0.530151	0.044861 	0.008774
-16.300000	-0.016500	-0.543333	0.526833	0.046674 	0.008802
-16.200000	-0.016482	-0.540000	0.523518	0.048503 	0.008830
-16.100000	-0.016462	-0.536667	0.520205	0.050349 	0.008858
-16.000000	-0.016439	-0.533333	0.516895	0.052211 	0.008886
-15.900000	-0.016413	-0.530000	0.513587	0.054089 	0.008915
-15.800000	-0.016385	-0.526667	0.510282	0.055983 	0.008944
-15.700000	-0.016355	-0.523333	0.506979	0.057891 	0.008973
-15.600000	-0.016322	-0.520000	0.503678	0.059815 	0.009002
-15.500000	-0.016287	-0.516667	0.500380	0.061754 	0.009032
-15.400000	-0.016249	-0.513333	0.497084	0.063708 	0.009062
-15.300000	-0.016209	-0.510000	0.493791	0.065676 	0.009092
-15.200000	-0.016167	-0.506667	0.490500	0.067658 	0.009122
-15.100000	-0.016122	-0.503333	0.487211	0.069655 	0.009153
-15.000000	-0.016075	-0.500000	0.483925	0.071666 	0.009184
-14.900000	-0.016025	-0.496667	0.480641	0.073692 	0.009215
-14.800000	-0.015973	-0.493333	0.477360	0.075731 	0.009247
-14.700000	-0.015919	-0.490000	0.474081	0.077785 	0.009279
-14.600000	-0.015862	-0.486667	0.470805	0.079852 	0.009311
-14.500000	-0.015802	-0.483333	0.467531	0.081934 	0.009344
-14.400000	-0.015740	-0.480000	0.464260	0.084029 	0.009376
-14.300000	-0.015676	-0.476667	0.460991	0.086138 	0.009410
-14.200000	-0.015609	-0.473333	0.457725	0.088261 	0.009443
-14.100000	-0.015539	-0.470000	0.454461	0.090398 	0.009477
-14.000000	-0.015466	-0.466667	0.451200	0.092549 	0.009511
-13.900000	-0.015391	-0.463333	0.447942	0.094713 	0.009546
-13.800000	-0.015313	-0.460000	0.444687	0.096891 	0.009581
-13.700000	-0.015232	-0.456667	0.441434	0.099083 	0.009616
-13.600000	-0.015149	-0.453333	0.438185	0.101288 	0.009651
-13.500000	-0.015062	-0.450000	0.434938	0.103507 	0.009687
-13.400000	-0.014973	-0.446667	0.431694	0.105739 	0.009724
-13.300000	-0.014880	-0.443333	0.428453	0.107985 	0.009760
-13.200000	-0.014785	-0.440000	0.425215	0.110245 	0.009797
-13.100000	-0.014687	-0.436667	0.421980	0.112517 	0.009835
-13.000000	-0.014585	-0.433333	0.418748	0.114803 	0.009873
-12.900000	-0.014481	-0.430000	0.415519	0.117103 	0.009911
-12.800000	-0.014373	-0.426667	0.412293	0.119415 	0.009950
-12.700000	-0.014262	-0.423333	0.409071	0.121741 	0.009989
-12.600000	-0.014148	-0.420000	0.405852	0.124080 	0.010028
-12.500000	-0.014031	-0.416667	0.402636	0.126432 	0.010068
-12.400000	-0.013910	-0.413333	0.399423	0.128797 	0.010109
-12.300000	-0.013786	-0.410000	0.396214	0.131174 	0.010150
-12.200000	-0.013659	-0.406667	0.393008	0.133565 	0.010191
-12.100000	-0.013528	-0.403333	0.389805	0.135969 	0.010233
-12.000000	-0.013394	-0.400000	0.386606	0.138385 	0.010275
-11.900000	-0.013256	-0.396667	0.383410	0.140814 	0.010318
-11.800000	-0.013115	-0.393333	0.380218	0.143256 	0.010361
-11.700000	-0.012970	-0.390000	0.377030	0.145710 	0.010405
-11.600000	-0.012822	-0.386667	0.373845	0.148176 	0.010449
-11.500000	-0.012669	-0.383333	0.370664	0.150655 	0.010494
-11.400000	-0.012513	-0.380000	0.367487	0.153146 	0.010539
-11.300000	-0.012354	-0.376667	0.364313	0.155649 	0.010585
-11.200000	-0.012190	-0.373333	0.361143	0.158165 	0.010631
-11.100000	-0.012022	-0.370000	0.357978	0.160692 	0.010678
-11.000000	-0.011851	-0.366667	0.354816	0.163232 	0.010725
-10.900000	-0.011676	-0.363333	0.351658	0.165783 	0.010774
-10.800000	-0.011496	-0.360000	0.348504	0.168346 	0.010822
-10.700000	-0.011313	-0.356667	0.345354	0.170920 	0.010871
-10.600000	-0.011125	-0.353333	0.342208	0.173506 	0.010921
-10.500000	-0.010934	-0.350000	0.339066	0.176103 	0.010972
-10.400000	-0.010738	-0.346667	0.335929	0.178711 	0.011023
-10.300000	-0.010537	-0.343333	0.332796	0.181331 	0.011075
-10.200000	-0.010333	-0.340000	0.329667	0.183961 	0.011127
-10.100000	-0.010124	-0.336667	0.326543	0.186602 	0.011180
-10.000000	-0.009910	-0.333333	0.323423	0.189253 	0.011234
-9.900000	-0.009692	-0.330000	0.320308	0.191915 	0.011288
-9.800000	-0.009470	-0.326667	0.317197	0.194587 	0.011344
-9.700000	-0.009243	-0.323333	0.314090	0.197269 	0.011400
-9.600000	-0.009011	-0.320000	0.310989	0.199960 	0.011456
-9.500000	-0.008775	-0.316667	0.307892	0.202661 	0.011514
-9.400000	-0.008533	-0.313333	0.304800	0.205372 	0.011572
-9.300000	-0.008287	-0.310000	0.301713	0.208091 	0.011631
-9.200000	-0.008036	-0.306667	0.298631	0.210820 	0.011691
-9.100000	-0.007780	-0.303333	0.295554	0.213557 	0.011752
-9.000000	-0.007519	-0.300000	0.292481	0.216302 	0.011813
-8.900000	-0.007252	-0.296667	0.289415	0.219055 	0.011876
-8.800000	-0.006981	-0.293333	0.286353	0.221816 	0.011939
-8.700000	-0.006704	-0.290000	0.283296	0.224584 	0.012003
-8.600000	-0.006421	-0.286667	0.280245	0.227359 	0.012068
-8.500000	-0.006134	-0.283333	0.277200	0.230141 	0.012134
-8.400000	-0.005841	-0.280000	0.274159	0.232929 	0.012202
-8.300000	-0.005542	-0.276667	0.271125	0.235722 	0.012270
-8.200000	-0.005237	-0.273333	0.268096	0.238521 	0.012339
-8.100000	-0.004927	-0.270000	0.265073	0.241324 	0.012409
-8.000000	-0.004610	-0.266667	0.262056	0.244131 	0.012480
-7.900000	-0.004288	-0.263333	0.259046	0.246942 	0.012552
-7.800000	-0.003959	-0.260000	0.256041	0.249754 	0.012626
-7.700000	-0.003624	-0.256667	0.253043	0.252568 	0.012700
-7.600000	-0.003282	-0.253333	0.250051	0.255382 	0.012776
-7.500000	-0.002934	-0.250000	0.247066	0.258195 	0.012853
-7.400000	-0.002578	-0.246667	0.244088	0.261004 	0.012931
-7.300000	-0.002215	-0.243333	0.241118	0.263809 	0.013011
-7.200000	-0.001845	-0.240000	0.238155	0.266606 	0.013091
-7.100000	-0.001466	-0.236667	0.235201	0.269392 	0.013173
-7.000000	-0.001078	-0.233333	0.232255	0.272165 	0.013257
-6.900000	-0.000682	-0.230000	0.229318	0.274921 	0.013341
-6.800000	-0.000276	-0.226667	0.226391	0.277655 	0.013427
-6.700000	0.000141	-0.223333	0.223474	0.280362 	0.013515
-6.600000	0.000568	-0.220000	0.220568	0.283038 	0.013603
-6.500000	0.001008	-0.216667	0.217674	0.285677 	0.013693
-6.400000	0.001459	-0.213333	0.214792	0.288274 	0.013785
-6.300000	0.001923	-0.210000	0.211923	0.290824 	0.013878
-6.200000	0.002401	-0.206667	0.209068	0.293323 	0.013972
-6.100000	0.002892	-0.203333	0.206226	0.295770 	0.014068
-6.000000	0.003397	-0.200000	0.203397	0.298163 	0.014166
-5.900000	0.003914	-0.196667	0.200580	0.300505 	0.014265
-5.800000	0.004442	-0.193333	0.197776	0.302802 	0.014366
-5.700000	0.004981	-0.190000	0.194981	0.305062 	0.014468
-5.600000	0.005529	-0.186667	0.192196	0.307296 	0.014573
-5.500000	0.006084	-0.183333	0.189417	0.309516 	0.014679
-5.400000	0.006644	-0.180000	0.186644	0.311735 	0.014788
-5.300000	0.007207	-0.176667	0.183874	0.313962 	0.014899
-5.200000	0.007774	-0.173333	0.181107	0.316205 	0.015012
-5.100000	0.008343	-0.170000	0.178343	0.318463 	0.015128
-5.000000	0.008915	-0.166667	0.175582	0.320734 	0.015247
-4.900000	0.009492	-0.163333	0.172826	0.323007 	0.015368
-4.800000	0.010075	-0.160000	0.170075	0.325271 	0.015492
-4.700000	0.010666	-0.156667	0.167333	0.327515 	0.015618
-4.600000	0.011265	-0.153333	0.164598	0.329733 	0.015747
-4.500000	0.011872	-0.150000	0.161872	0.331924 	0.015879
-4.400000	0.012485	-0.146667	0.159152	0.334095 	0.016014
-4.300000	0.013105	-0.143333	0.156438	0.336257 	0.016153
-4.200000	0.013729	-0.140000	0.153729	0.338418 	0.016294
-4.100000	0.014357	-0.136667	0.151024	0.340585 	0.016440
-4.000000	0.014989	-0.133333	0.148322	0.342756 	0.016589
-3.900000	0.015625	-0.130000	0.145625	0.344921 	0.016742
-3.800000	0.016268	-0.126667	0.142935	0.347073 	0.016899
-3.700000	0.016917	-0.123333	0.140250	0.349208 	0.017059
-3.600000	0.017571	-0.120000	0.137571	0.351330 	0.017225
-3.500000	0.018230	-0.116667	0.134897	0.353446 	0.017395
-3.400000	0.018893	-0.113333	0.132226	0.355564 	0.017569
-3.300000	0.019560	-0.110000	0.129560	0.357680 	0.017749
-3.200000	0.020231	-0.106667	0.126898	0.359788 	0.017935
-3.100000	0.020908	-0.103333	0.124242	0.361880 	0.018125
-3.000000	0.021591	-0.100000	0.121591	0.363956 	0.018322
-2.900000	0.022278	-0.096667	0.118944	0.366023 	0.018524
-2.800000	0.022968	-0.093333	0.116301	0.368090 	0.018734
-2.700000	0.023662	-0.090000	0.113662	0.370154 	0.018950
-2.600000	0.024360	-0.086667	0.111027	0.372208 	0.019174
-2.500000	0.025062	-0.083333	0.108396	0.374249 	0.019405
-2.400000	0.025769	-0.080000	0.105769	0.376277 	0.019644
-2.300000	0.026480	-0.076667	0.103147	0.378293 	0.019892
-2.200000	0.027196	-0.073333	0.100529	0.380288 	0.020150
-2.100000	0.027916	-0.070000	0.097916	0.382257 	0.020417
-2.000000	0.028640	-0.066667	0.095307	0.384210 	0.020695
-1.900000	0.029367	-0.063333	0.092700	0.386159 	0.020983
-1.800000	0.030095	-0.060000	0.090095	0.388105 	0.021285
-1.700000	0.030826	-0.056667	0.087492	0.390045 	0.021599
-1.600000	0.031558	-0.053333	0.084892	0.391976 	0.021927
-1.500000	0.032294	-0.050000	0.082294	0.393886 	0.022271
-1.400000	0.033033	-0.046667	0.079699	0.395772 	0.022630
-1.300000	0.033773	-0.043333	0.077106	0.397647 	0.023008
-1.200000	0.034514	-0.040000	0.074514	0.399499 	0.023404
-1.100000	0.035258	-0.036667	0.071925	0.401327 	0.023822
-1.000000	0.036004	-0.033333	0.069337	0.403112 	0.024262
-0.900000	0.036752	-0.030000	0.066752	0.404853 	0.024728
-0.800000	0.037499	-0.026667	0.064166	0.406578 	0.025221
-0.700000	0.038245	-0.023333	0.061578	0.408276 	0.025746
-0.600000	0.038991	-0.020000	0.058991	0.409924 	0.026304
-0.500000	0.039736	-0.016667	0.056402	0.411534 	0.026901
-0.400000	0.040483	-0.013333	0.053817	0.413016 	0.027540
-0.300000	0.041230	-0.010000	0.051230	0.414405 	0.028226
-0.200000	0.041970	-0.006667	0.048637	0.415758 	0.028969
-0.100000	0.042710	-0.003333	0.046044	0.416944 	0.029774
0.000000	0.043448	0.000000	0.043448	0.417944 	0.030650
0.100000	0.044176	0.003333	0.040843	0.418837 	0.031613
0.200000	0.044893	0.006667	0.038226	0.419555 	0.032677
0.300000	0.045604	0.010000	0.035604	0.419910 	0.033858
0.400000	0.046301	0.013333	0.032968	0.419918 	0.035186
0.500000	0.046983	0.016667	0.030316	0.419370 	0.036693
0.600000	0.047645	0.020000	0.027645	0.418002 	0.038425
0.700000	0.048268	0.023333	0.024935	0.415679 	0.040459
0.800000	0.048862	0.026667	0.022196	0.412382 	0.042883
0.900000	0.049441	0.030000	0.019441	0.407294 	0.045821
1.000000	0.049453	0.033333	0.016119	0.386062 	0.050320
1.100000	0.047074	0.036667	0.010407	0.278570 	0.062625
1.200000	0.044021	0.040000	0.004021	0.040736 	0.100751
1.300000	0.046026	0.043333	0.002692	0.000000 	0.000000
1.400000	0.049351	0.046667	0.002685	0.000000 	0.000000
1.500000	0.052679	0.050000	0.002679	0.000000 	0.000000
1.600000	0.055998	0.053333	0.002665	0.000000 	0.000000
1.700000	0.059321	0.056667	0.002655	0.000000 	0.000000
1.800000	0.062640	0.060000	0.002640	0.000000 	0.000000
1.900000	0.065968	0.063333	0.002635	0.000000 	0.000000
2.000000	0.069288	0.066667	0.002622	0.000000 	0.000000
2.100000	0.072611	0.070000	0.002611	0.000000 	0.000000
2.200000	0.075927	0.073333	0.002593	0.000000 	0.000000
2.300000	0.079249	0.076667	0.002582	0.000000 	0.000000
2.400000	0.082577	0.080000	0.002577	0.000000 	0.000000
2.500000	0.085889	0.083333	0.002555	0.000000 	0.000000
2.600000	0.089210	0.086667	0.002544	0.000000 	0.000000
2.700000	0.092518	0.090000	0.002518	0.000000 	0.000000
2.800000	0.095877	0.093333	0.002544	0.000000 	0.000000
2.900000	0.098752	0.096667	0.002086	0.000000 	0.000000
3.000000	0.100000	0.100000	0.000000	0.000000 	0.000000
3.100000	0.103333	0.103333	0.000000	0.000000 	0.000000
3.200000	0.106667	0.106667	0.000000	0.000000 	0.000000
3.300000	0.110000	0.110000	0.000000	0.000000 	0.000000
3.400000	0.113333	0.113333	0.000000	0.000000 	0.000000
3.500000	0.116667	0.116667	0.000000	0.000000 	0.000000
3.600000	0.120000	0.120000	0.000000	0.000000 	0.000000
3.700000	0.123333	0.123333	0.000000	0.000000 	0.000000
3.800000	0.126667	0.126667	0.000000	0.000000 	0.000000
3.900000	0.130000	0.130000	0.000000	0.000000 	0.000000
4.000000	0.133333	0.133333	0.000000	0.000000 	0.000000
4.100000	0.136667	0.136667	0.000000	0.000000 	0.000000
4.200000	0.140000	0.140000	0.000000	0.000000 	0.000000
4.300000	0.143333	0.143333	0.000000	0.000000 	0.000000
4.400000	0.146667	0.146667	0.000000	0.000000 	0.000000
4.500000	0.150000	0.150000	0.000000	0.000000 	0.000000
4.600000	0.153333	0.153333	0.000000	0.000000 	0.000000
4.700000	0.156667	0.156667	0.000000	0.000000 	0.000000
4.800000	0.160000	0.160000	0.000000	0.000000 	0.000000
4.900000	0.163333	0.163333	0.000000	0.000000 	0.000000
5.000000	0.166667	0.166667	0.000000	0.000000 	0.000000
5.100000	0.170000	0.170000	0.000000	0.000000 	0.000000
5.200000	0.173333	0.173333	0.000000	0.000000 	0.000000
5.300000	0.176667	0.176667	0.000000	0.000000 	0.000000
5.400000	0.180000	0.180000	0.000000	0.000000 	0.000000
5.500000	0.183333	0.183333	0.000000	0.000000 	0.000000
5.600000	0.186667	0.186667	0.000000	0.000000 	0.000000
5.700000	0.190000	0.190000	0.000000	0.000000 	0.000000
5.800000	0.193333	0.193333	0.000000	0.000000 	0.000000
5.900000	0.196667	0.196667	0.000000	0.000000 	0.000000
6.000000	0.200000	0.200000	0.000000	0.000000 	0.000000
6.100000	0.203333	0.203333	0.000000	0.000000 	0.000000
6.200000	0.206667	0.206667	0.000000	0.000000 	0.000000
6.300000	0.210000	0.210000	0.000000	0.000000 	0.000000
6.400000	0.213333	0.213333	0.000000	0.000000 	0.000000
6.500000	0.216667	0.216667	0.000000	0.000000 	0.000000
6.600000	0.220000	0.220000	0.000000	0.000000 	0.000000
6.700000	0.223333	0.223333	0.000000	0.000000 	0.000000
6.800000	0.226667	0.226667	0.000000	0.000000 	0.000000
6.900000	0.230000	0.230000	0.000000	0.000000 	0.000000
7.000000	0.233333	0.233333	0.000000	0.000000 	0.000000
7.100000	0.236667	0.236667	0.000000	0.000000 	0.000000
7.200000	0.240000	0.240000	0.000000	0.000000 	0.000000
7.300000	0.243333	0.243333	0.000000	0.000000 	0.000000
7.400000	0.246667	0.246667	0.000000	0.000000 	0.000000
7.500000	0.250000	0.250000	0.000000	0.000000 	0.000000
7.600000	0.253333	0.253333	0.000000	0.000000 	0.000000
7.700000	0.256667	0.256667	0.000000	0.000000 	0.000000
7.800000	0.260000	0.260000	0.000000	0.000000 	0.000000
7.900000	0.263333	0.263333	0.000000	0.000000 	0.000000
8.000000	0.266667	0.266667	0.000000	0.000000 	0.000000
8.100000	0.270000	0.270000	0.000000	0.000000 	0.000000
8.200000	0.273333	0.273333	0.000000	0.000000 	0.000000
8.300000	0.276667	0.276667	0.000000	0.000000 	0.000000
8.400000	0.280000	0.280000	0.000000	0.000000 	0.000000
8.500000	0.283333	0.283333	0.000000	0.000000 	0.000000
8.600000	0.286667	0.286667	0.000000	0.000000 	0.000000
8.700000	0.290000	0.290000	0.000000	0.000000 	0.000000
8.800000	0.293333	0.293333	0.000000	0.000000 	0.000000
8.900000	0.296667	0.296667	0.000000	0.000000 	0.000000
9.000000	0.300000	0.300000	0.000000	0.000000 	0.000000
9.100000	0.303333	0.303333	0.000000	0.000000 	0.000000
9.200000	0.306667	0.306667	0.000000	0.000000 	0.000000
9.300000	0.310000	0.310000	0.000000	0.000000 	0.000000
9.400000	0.313333	0.313333	0.000000	0.000000 	0.000000
9.500000	0.316667	0.316667	0.000000	0.000000 	0.000000
9.600000	0.320000	0.320000	0.000000	0.000000 	0.000000
9.700000	0.323333	0.323333	0.000000	0.000000 	0.000000
9.800000	0.326667	0.326667	0.000000	0.000000 	0.000000
9.900000	0.330000	0.330000	0.000000	0.000000 	0.000000
