VARIABLES = X,Ksi,B,H,U,tau 
ZONE T="Time 5.000000", I=1100, DATAPACKING=POINT
-100.000000	0.001204	-3.333333	3.334537	-0.044346 	0.003499
-99.900000	-0.002784	-3.330000	3.327216	-0.037537 	0.003502
-99.800000	-0.001038	-3.326667	3.325629	-0.040566 	0.003503
-99.700000	-0.001731	-3.323333	3.321602	-0.039407 	0.003505
-99.600000	-0.001387	-3.320000	3.318613	-0.040030 	0.003507
-99.500000	-0.001483	-3.316667	3.315184	-0.039893 	0.003509
-99.400000	-0.001392	-3.313333	3.311941	-0.040080 	0.003511
-99.300000	-0.001381	-3.310000	3.308619	-0.040127 	0.003512
-99.200000	-0.001335	-3.306667	3.305332	-0.040233 	0.003514
-99.100000	-0.001304	-3.303333	3.302029	-0.040313 	0.003516
-99.000000	-0.001267	-3.300000	3.298733	-0.040403 	0.003518
-98.900000	-0.001232	-3.296667	3.295435	-0.040488 	0.003519
-98.800000	-0.001196	-3.293333	3.292137	-0.040574 	0.003521
-98.700000	-0.001160	-3.290000	3.288840	-0.040659 	0.003523
-98.600000	-0.001124	-3.286667	3.285543	-0.040743 	0.003525
-98.500000	-0.001088	-3.283333	3.282245	-0.040827 	0.003526
-98.400000	-0.001052	-3.280000	3.278948	-0.040910 	0.003528
-98.300000	-0.001016	-3.276667	3.275651	-0.040992 	0.003530
-98.200000	-0.000980	-3.273333	3.272353	-0.041074 	0.003532
-98.100000	-0.000943	-3.270000	3.269057	-0.041155 	0.003534
-98.000000	-0.000907	-3.266667	3.265760	-0.041235 	0.003535
-97.900000	-0.000871	-3.263333	3.262462	-0.041315 	0.003537
-97.800000	-0.000834	-3.260000	3.259166	-0.041394 	0.003539
-97.700000	-0.000797	-3.256667	3.255870	-0.041472 	0.003541
-97.600000	-0.000761	-3.253333	3.252572	-0.041549 	0.003542
-97.500000	-0.000724	-3.250000	3.249276	-0.041626 	0.003544
-97.400000	-0.000687	-3.246667	3.245980	-0.041702 	0.003546
-97.300000	-0.000650	-3.243333	3.242683	-0.041778 	0.003548
-97.200000	-0.000613	-3.240000	3.239387	-0.041852 	0.003550
-97.100000	-0.000575	-3.236667	3.236092	-0.041926 	0.003551
-97.000000	-0.000538	-3.233333	3.232795	-0.042000 	0.003553
-96.900000	-0.000501	-3.230000	3.229499	-0.042072 	0.003555
-96.800000	-0.000463	-3.226667	3.226204	-0.042144 	0.003557
-96.700000	-0.000426	-3.223333	3.222907	-0.042215 	0.003559
-96.600000	-0.000388	-3.220000	3.219612	-0.042285 	0.003561
-96.500000	-0.000350	-3.216667	3.216317	-0.042355 	0.003562
-96.400000	-0.000313	-3.213333	3.213020	-0.042424 	0.003564
-96.300000	-0.000275	-3.210000	3.209725	-0.042492 	0.003566
-96.200000	-0.000237	-3.206667	3.206430	-0.042559 	0.003568
-96.100000	-0.000199	-3.203333	3.203134	-0.042626 	0.003570
-96.000000	-0.000161	-3.200000	3.199839	-0.042692 	0.003572
-95.900000	-0.000123	-3.196667	3.196544	-0.042757 	0.003573
-95.800000	-0.000084	-3.193333	3.193249	-0.042821 	0.003575
-95.700000	-0.000046	-3.190000	3.189954	-0.042885 	0.003577
-95.600000	-0.000008	-3.186667	3.186659	-0.042948 	0.003579
-95.500000	0.000031	-3.183333	3.183364	-0.043010 	0.003581
-95.400000	0.000069	-3.180000	3.180069	-0.043071 	0.003583
-95.300000	0.000108	-3.176667	3.176775	-0.043131 	0.003584
-95.200000	0.000146	-3.173333	3.173479	-0.043191 	0.003586
-95.100000	0.000185	-3.170000	3.170185	-0.043250 	0.003588
-95.000000	0.000224	-3.166667	3.166891	-0.043308 	0.003590
-94.900000	0.000263	-3.163333	3.163596	-0.043366 	0.003592
-94.800000	0.000302	-3.160000	3.160302	-0.043422 	0.003594
-94.700000	0.000341	-3.156667	3.157008	-0.043478 	0.003596
-94.600000	0.000380	-3.153333	3.153713	-0.043533 	0.003598
-94.500000	0.000419	-3.150000	3.150419	-0.043587 	0.003599
-94.400000	0.000458	-3.146667	3.147125	-0.043640 	0.003601
-94.300000	0.000497	-3.143333	3.143830	-0.043693 	0.003603
-94.200000	0.000536	-3.140000	3.140536	-0.043745 	0.003605
-94.100000	0.000576	-3.136667	3.137243	-0.043795 	0.003607
-94.000000	0.000615	-3.133333	3.133948	-0.043845 	0.003609
-93.900000	0.000655	-3.130000	3.130655	-0.043895 	0.003611
-93.800000	0.000694	-3.126667	3.127361	-0.043943 	0.003613
-93.700000	0.000734	-3.123333	3.124067	-0.043991 	0.003615
-93.600000	0.000773	-3.120000	3.120773	-0.044037 	0.003616
-93.500000	0.000813	-3.116667	3.117480	-0.044083 	0.003618
-93.400000	0.000853	-3.113333	3.114186	-0.044128 	0.003620
-93.300000	0.000892	-3.110000	3.110892	-0.044172 	0.003622
-93.200000	0.000932	-3.106667	3.107599	-0.044216 	0.003624
-93.100000	0.000972	-3.103333	3.104305	-0.044258 	0.003626
-93.000000	0.001012	-3.100000	3.101012	-0.044300 	0.003628
-92.900000	0.001052	-3.096667	3.097719	-0.044341 	0.003630
-92.800000	0.001092	-3.093333	3.094425	-0.044381 	0.003632
-92.700000	0.001132	-3.090000	3.091132	-0.044420 	0.003634
-92.600000	0.001172	-3.086667	3.087839	-0.044458 	0.003636
-92.500000	0.001212	-3.083333	3.084545	-0.044495 	0.003638
-92.400000	0.001253	-3.080000	3.081253	-0.044531 	0.003640
-92.300000	0.001293	-3.076667	3.077960	-0.044567 	0.003642
-92.200000	0.001333	-3.073333	3.074666	-0.044602 	0.003643
-92.100000	0.001373	-3.070000	3.071373	-0.044635 	0.003645
-92.000000	0.001414	-3.066667	3.068081	-0.044668 	0.003647
-91.900000	0.001454	-3.063333	3.064787	-0.044700 	0.003649
-91.800000	0.001495	-3.060000	3.061495	-0.044731 	0.003651
-91.700000	0.001535	-3.056667	3.058202	-0.044761 	0.003653
-91.600000	0.001576	-3.053333	3.054909	-0.044791 	0.003655
-91.500000	0.001616	-3.050000	3.051616	-0.044819 	0.003657
-91.400000	0.001657	-3.046667	3.048324	-0.044846 	0.003659
-91.300000	0.001697	-3.043333	3.045030	-0.044873 	0.003661
-91.200000	0.001738	-3.040000	3.041738	-0.044898 	0.003663
-91.100000	0.001779	-3.036667	3.038446	-0.044923 	0.003665
-91.000000	0.001819	-3.033333	3.035152	-0.044947 	0.003667
-90.900000	0.001860	-3.030000	3.031860	-0.044969 	0.003669
-90.800000	0.001901	-3.026667	3.028568	-0.044991 	0.003671
-90.700000	0.001941	-3.023333	3.025274	-0.045012 	0.003673
-90.600000	0.001982	-3.020000	3.021982	-0.045032 	0.003675
-90.500000	0.002023	-3.016667	3.018690	-0.045051 	0.003677
-90.400000	0.002064	-3.013333	3.015397	-0.045069 	0.003679
-90.300000	0.002105	-3.010000	3.012105	-0.045086 	0.003681
-90.200000	0.002146	-3.006667	3.008813	-0.045102 	0.003683
-90.100000	0.002187	-3.003333	3.005520	-0.045117 	0.003685
-90.000000	0.002227	-3.000000	3.002227	-0.045132 	0.003687
-89.900000	0.002268	-2.996667	2.998935	-0.045145 	0.003689
-89.800000	0.002309	-2.993333	2.995642	-0.045157 	0.003691
-89.700000	0.002350	-2.990000	2.992350	-0.045168 	0.003693
-89.600000	0.002391	-2.986667	2.989058	-0.045179 	0.003695
-89.500000	0.002432	-2.983333	2.985765	-0.045188 	0.003697
-89.400000	0.002473	-2.980000	2.982473	-0.045196 	0.003699
-89.300000	0.002514	-2.976667	2.979181	-0.045204 	0.003701
-89.200000	0.002555	-2.973333	2.975888	-0.045210 	0.003703
-89.100000	0.002596	-2.970000	2.972596	-0.045216 	0.003706
-89.000000	0.002637	-2.966667	2.969304	-0.045220 	0.003708
-88.900000	0.002678	-2.963333	2.966011	-0.045223 	0.003710
-88.800000	0.002719	-2.960000	2.962719	-0.045226 	0.003712
-88.700000	0.002761	-2.956667	2.959428	-0.045227 	0.003714
-88.600000	0.002802	-2.953333	2.956135	-0.045227 	0.003716
-88.500000	0.002843	-2.950000	2.952843	-0.045227 	0.003718
-88.400000	0.002884	-2.946667	2.949551	-0.045225 	0.003720
-88.300000	0.002925	-2.943333	2.946258	-0.045222 	0.003722
-88.200000	0.002966	-2.940000	2.942966	-0.045218 	0.003724
-88.100000	0.003007	-2.936667	2.939674	-0.045214 	0.003726
-88.000000	0.003048	-2.933333	2.936381	-0.045208 	0.003728
-87.900000	0.003089	-2.930000	2.933089	-0.045201 	0.003730
-87.800000	0.003130	-2.926667	2.929797	-0.045193 	0.003732
-87.700000	0.003171	-2.923333	2.926504	-0.045184 	0.003735
-87.600000	0.003212	-2.920000	2.923212	-0.045174 	0.003737
-87.500000	0.003253	-2.916667	2.919920	-0.045163 	0.003739
-87.400000	0.003294	-2.913333	2.916627	-0.045151 	0.003741
-87.300000	0.003335	-2.910000	2.913335	-0.045138 	0.003743
-87.200000	0.003376	-2.906667	2.910043	-0.045124 	0.003745
-87.100000	0.003417	-2.903333	2.906750	-0.045108 	0.003747
-87.000000	0.003458	-2.900000	2.903458	-0.045092 	0.003749
-86.900000	0.003499	-2.896667	2.900166	-0.045074 	0.003752
-86.800000	0.003540	-2.893333	2.896873	-0.045056 	0.003754
-86.700000	0.003581	-2.890000	2.893581	-0.045036 	0.003756
-86.600000	0.003621	-2.886667	2.890288	-0.045016 	0.003758
-86.500000	0.003662	-2.883333	2.886995	-0.044994 	0.003760
-86.400000	0.003703	-2.880000	2.883703	-0.044971 	0.003762
-86.300000	0.003744	-2.876667	2.880411	-0.044947 	0.003764
-86.200000	0.003785	-2.873333	2.877118	-0.044922 	0.003767
-86.100000	0.003825	-2.870000	2.873825	-0.044896 	0.003769
-86.000000	0.003866	-2.866667	2.870533	-0.044869 	0.003771
-85.900000	0.003907	-2.863333	2.867240	-0.044841 	0.003773
-85.800000	0.003947	-2.860000	2.863947	-0.044811 	0.003775
-85.700000	0.003988	-2.856667	2.860655	-0.044781 	0.003777
-85.600000	0.004028	-2.853333	2.857361	-0.044749 	0.003780
-85.500000	0.004069	-2.850000	2.854069	-0.044716 	0.003782
-85.400000	0.004109	-2.846667	2.850776	-0.044682 	0.003784
-85.300000	0.004150	-2.843333	2.847483	-0.044647 	0.003786
-85.200000	0.004190	-2.840000	2.844190	-0.044611 	0.003788
-85.100000	0.004231	-2.836667	2.840898	-0.044574 	0.003790
-85.000000	0.004271	-2.833333	2.837604	-0.044536 	0.003793
-84.900000	0.004311	-2.830000	2.834311	-0.044496 	0.003795
-84.800000	0.004352	-2.826667	2.831019	-0.044455 	0.003797
-84.700000	0.004392	-2.823333	2.827725	-0.044414 	0.003799
-84.600000	0.004432	-2.820000	2.824432	-0.044371 	0.003801
-84.500000	0.004472	-2.816667	2.821139	-0.044327 	0.003804
-84.400000	0.004512	-2.813333	2.817845	-0.044281 	0.003806
-84.300000	0.004552	-2.810000	2.814552	-0.044235 	0.003808
-84.200000	0.004592	-2.806667	2.811259	-0.044187 	0.003810
-84.100000	0.004632	-2.803333	2.807965	-0.044138 	0.003813
-84.000000	0.004672	-2.800000	2.804672	-0.044089 	0.003815
-83.900000	0.004712	-2.796667	2.801379	-0.044037 	0.003817
-83.800000	0.004751	-2.793333	2.798084	-0.043985 	0.003819
-83.700000	0.004791	-2.790000	2.794791	-0.043932 	0.003822
-83.600000	0.004831	-2.786667	2.791498	-0.043877 	0.003824
-83.500000	0.004870	-2.783333	2.788203	-0.043821 	0.003826
-83.400000	0.004910	-2.780000	2.784910	-0.043764 	0.003828
-83.300000	0.004949	-2.776667	2.781616	-0.043706 	0.003831
-83.200000	0.004988	-2.773333	2.778321	-0.043647 	0.003833
-83.100000	0.005028	-2.770000	2.775028	-0.043586 	0.003835
-83.000000	0.005067	-2.766667	2.771734	-0.043524 	0.003837
-82.900000	0.005106	-2.763333	2.768439	-0.043462 	0.003840
-82.800000	0.005145	-2.760000	2.765145	-0.043397 	0.003842
-82.700000	0.005184	-2.756667	2.761851	-0.043332 	0.003844
-82.600000	0.005223	-2.753333	2.758556	-0.043265 	0.003847
-82.500000	0.005262	-2.750000	2.755262	-0.043198 	0.003849
-82.400000	0.005301	-2.746667	2.751968	-0.043129 	0.003851
-82.300000	0.005339	-2.743333	2.748672	-0.043058 	0.003854
-82.200000	0.005378	-2.740000	2.745378	-0.042987 	0.003856
-82.100000	0.005416	-2.736667	2.742083	-0.042914 	0.003858
-82.000000	0.005455	-2.733333	2.738788	-0.042840 	0.003860
-81.900000	0.005493	-2.730000	2.735493	-0.042765 	0.003863
-81.800000	0.005532	-2.726667	2.732199	-0.042689 	0.003865
-81.700000	0.005570	-2.723333	2.728903	-0.042611 	0.003867
-81.600000	0.005608	-2.720000	2.725608	-0.042533 	0.003870
-81.500000	0.005646	-2.716667	2.722313	-0.042453 	0.003872
-81.400000	0.005684	-2.713333	2.719017	-0.042371 	0.003874
-81.300000	0.005722	-2.710000	2.715722	-0.042289 	0.003877
-81.200000	0.005759	-2.706667	2.712426	-0.042205 	0.003879
-81.100000	0.005797	-2.703333	2.709130	-0.042120 	0.003882
-81.000000	0.005834	-2.700000	2.705834	-0.042033 	0.003884
-80.900000	0.005872	-2.696667	2.702539	-0.041946 	0.003886
-80.800000	0.005909	-2.693333	2.699242	-0.041857 	0.003889
-80.700000	0.005946	-2.690000	2.695946	-0.041767 	0.003891
-80.600000	0.005984	-2.686667	2.692651	-0.041676 	0.003893
-80.500000	0.006021	-2.683333	2.689354	-0.041583 	0.003896
-80.400000	0.006058	-2.680000	2.686058	-0.041489 	0.003898
-80.300000	0.006094	-2.676667	2.682761	-0.041394 	0.003901
-80.200000	0.006131	-2.673333	2.679464	-0.041297 	0.003903
-80.100000	0.006168	-2.670000	2.676168	-0.041199 	0.003905
-80.000000	0.006204	-2.666667	2.672871	-0.041100 	0.003908
-79.900000	0.006241	-2.663333	2.669574	-0.041000 	0.003910
-79.800000	0.006277	-2.660000	2.666277	-0.040898 	0.003913
-79.700000	0.006313	-2.656667	2.662980	-0.040795 	0.003915
-79.600000	0.006349	-2.653333	2.659682	-0.040691 	0.003917
-79.500000	0.006385	-2.650000	2.656385	-0.040586 	0.003920
-79.400000	0.006421	-2.646667	2.653088	-0.040479 	0.003922
-79.300000	0.006456	-2.643333	2.649789	-0.040371 	0.003925
-79.200000	0.006492	-2.640000	2.646492	-0.040261 	0.003927
-79.100000	0.006527	-2.636667	2.643194	-0.040151 	0.003930
-79.000000	0.006563	-2.633333	2.639896	-0.040039 	0.003932
-78.900000	0.006598	-2.630000	2.636598	-0.039925 	0.003935
-78.800000	0.006633	-2.626667	2.633300	-0.039811 	0.003937
-78.700000	0.006668	-2.623333	2.630001	-0.039695 	0.003939
-78.600000	0.006702	-2.620000	2.626702	-0.039577 	0.003942
-78.500000	0.006737	-2.616667	2.623404	-0.039459 	0.003944
-78.400000	0.006772	-2.613333	2.620105	-0.039339 	0.003947
-78.300000	0.006806	-2.610000	2.616806	-0.039217 	0.003949
-78.200000	0.006840	-2.606667	2.613507	-0.039095 	0.003952
-78.100000	0.006874	-2.603333	2.610207	-0.038971 	0.003954
-78.000000	0.006908	-2.600000	2.606908	-0.038845 	0.003957
-77.900000	0.006942	-2.596667	2.603609	-0.038719 	0.003959
-77.800000	0.006976	-2.593333	2.600309	-0.038591 	0.003962
-77.700000	0.007009	-2.590000	2.597009	-0.038461 	0.003964
-77.600000	0.007043	-2.586667	2.593710	-0.038331 	0.003967
-77.500000	0.007076	-2.583333	2.590409	-0.038199 	0.003969
-77.400000	0.007109	-2.580000	2.587109	-0.038065 	0.003972
-77.300000	0.007142	-2.576667	2.583809	-0.037931 	0.003975
-77.200000	0.007175	-2.573333	2.580508	-0.037795 	0.003977
-77.100000	0.007207	-2.570000	2.577207	-0.037657 	0.003980
-77.000000	0.007240	-2.566667	2.573907	-0.037518 	0.003982
-76.900000	0.007272	-2.563333	2.570605	-0.037378 	0.003985
-76.800000	0.007304	-2.560000	2.567304	-0.037237 	0.003987
-76.700000	0.007336	-2.556667	2.564003	-0.037094 	0.003990
-76.600000	0.007368	-2.553333	2.560701	-0.036950 	0.003992
-76.500000	0.007399	-2.550000	2.557399	-0.036804 	0.003995
-76.400000	0.007431	-2.546667	2.554098	-0.036657 	0.003998
-76.300000	0.007462	-2.543333	2.550795	-0.036509 	0.004000
-76.200000	0.007494	-2.540000	2.547494	-0.036359 	0.004003
-76.100000	0.007525	-2.536667	2.544192	-0.036207 	0.004005
-76.000000	0.007556	-2.533333	2.540889	-0.036055 	0.004008
-75.900000	0.007586	-2.530000	2.537586	-0.035900 	0.004011
-75.800000	0.007617	-2.526667	2.534284	-0.035745 	0.004013
-75.700000	0.007647	-2.523333	2.530980	-0.035589 	0.004016
-75.600000	0.007677	-2.520000	2.527677	-0.035432 	0.004018
-75.500000	0.007706	-2.516667	2.524373	-0.035274 	0.004021
-75.400000	0.007734	-2.513333	2.521067	-0.035116 	0.004024
-75.300000	0.007761	-2.510000	2.517761	-0.034959 	0.004026
-75.200000	0.007787	-2.506667	2.514454	-0.034802 	0.004029
-75.100000	0.007811	-2.503333	2.511144	-0.034648 	0.004032
-75.000000	0.007833	-2.500000	2.507833	-0.034496 	0.004034
-74.900000	0.007852	-2.496667	2.504519	-0.034346 	0.004037
-74.800000	0.007869	-2.493333	2.501202	-0.034201 	0.004040
-74.700000	0.007882	-2.490000	2.497882	-0.034060 	0.004042
-74.600000	0.007893	-2.486667	2.494560	-0.033923 	0.004045
-74.500000	0.007900	-2.483333	2.491233	-0.033792 	0.004048
-74.400000	0.007903	-2.480000	2.487903	-0.033666 	0.004050
-74.300000	0.007903	-2.476667	2.484570	-0.033545 	0.004053
-74.200000	0.007900	-2.473333	2.481233	-0.033429 	0.004056
-74.100000	0.007894	-2.470000	2.477894	-0.033317 	0.004059
-74.000000	0.007885	-2.466667	2.474552	-0.033209 	0.004061
-73.900000	0.007873	-2.463333	2.471206	-0.033103 	0.004064
-73.800000	0.007860	-2.460000	2.467860	-0.033000 	0.004067
-73.700000	0.007846	-2.456667	2.464513	-0.032897 	0.004070
-73.600000	0.007831	-2.453333	2.461164	-0.032794 	0.004072
-73.500000	0.007816	-2.450000	2.457816	-0.032689 	0.004075
-73.400000	0.007802	-2.446667	2.454469	-0.032581 	0.004078
-73.300000	0.007789	-2.443333	2.451122	-0.032470 	0.004081
-73.200000	0.007777	-2.440000	2.447777	-0.032354 	0.004083
-73.100000	0.007766	-2.436667	2.444433	-0.032232 	0.004086
-73.000000	0.007758	-2.433333	2.441091	-0.032105 	0.004089
-72.900000	0.007753	-2.430000	2.437753	-0.031972 	0.004092
-72.800000	0.007749	-2.426667	2.434416	-0.031832 	0.004095
-72.700000	0.007748	-2.423333	2.431081	-0.031685 	0.004097
-72.600000	0.007750	-2.420000	2.427750	-0.031531 	0.004100
-72.500000	0.007754	-2.416667	2.424421	-0.031371 	0.004103
-72.400000	0.007760	-2.413333	2.421093	-0.031204 	0.004106
-72.300000	0.007769	-2.410000	2.417769	-0.031031 	0.004109
-72.200000	0.007779	-2.406667	2.414446	-0.030853 	0.004112
-72.100000	0.007791	-2.403333	2.411124	-0.030669 	0.004114
-72.000000	0.007805	-2.400000	2.407805	-0.030480 	0.004117
-71.900000	0.007820	-2.396667	2.404487	-0.030287 	0.004120
-71.800000	0.007836	-2.393333	2.401169	-0.030089 	0.004123
-71.700000	0.007853	-2.390000	2.397853	-0.029888 	0.004126
-71.600000	0.007870	-2.386667	2.394537	-0.029684 	0.004129
-71.500000	0.007889	-2.383333	2.391222	-0.029476 	0.004131
-71.400000	0.007907	-2.380000	2.387907	-0.029265 	0.004134
-71.300000	0.007927	-2.376667	2.384594	-0.029052 	0.004137
-71.200000	0.007946	-2.373333	2.381279	-0.028837 	0.004140
-71.100000	0.007965	-2.370000	2.377965	-0.028619 	0.004143
-71.000000	0.007985	-2.366667	2.374652	-0.028399 	0.004146
-70.900000	0.008004	-2.363333	2.371337	-0.028178 	0.004149
-70.800000	0.008024	-2.360000	2.368024	-0.027954 	0.004152
-70.700000	0.008043	-2.356667	2.364710	-0.027729 	0.004155
-70.600000	0.008062	-2.353333	2.361395	-0.027502 	0.004158
-70.500000	0.008081	-2.350000	2.358081	-0.027274 	0.004160
-70.400000	0.008100	-2.346667	2.354767	-0.027044 	0.004163
-70.300000	0.008119	-2.343333	2.351452	-0.026812 	0.004166
-70.200000	0.008137	-2.340000	2.348137	-0.026579 	0.004169
-70.100000	0.008155	-2.336667	2.344822	-0.026345 	0.004172
-70.000000	0.008173	-2.333333	2.341506	-0.026109 	0.004175
-69.900000	0.008191	-2.330000	2.338191	-0.025871 	0.004178
-69.800000	0.008208	-2.326667	2.334875	-0.025632 	0.004181
-69.700000	0.008226	-2.323333	2.331559	-0.025392 	0.004184
-69.600000	0.008243	-2.320000	2.328243	-0.025150 	0.004187
-69.500000	0.008259	-2.316667	2.324926	-0.024906 	0.004190
-69.400000	0.008276	-2.313333	2.321609	-0.024662 	0.004193
-69.300000	0.008292	-2.310000	2.318292	-0.024415 	0.004196
-69.200000	0.008308	-2.306667	2.314975	-0.024168 	0.004199
-69.100000	0.008324	-2.303333	2.311657	-0.023918 	0.004202
-69.000000	0.008339	-2.300000	2.308339	-0.023668 	0.004205
-68.900000	0.008354	-2.296667	2.305021	-0.023416 	0.004208
-68.800000	0.008369	-2.293333	2.301702	-0.023162 	0.004211
-68.700000	0.008384	-2.290000	2.298384	-0.022907 	0.004214
-68.600000	0.008398	-2.286667	2.295065	-0.022651 	0.004217
-68.500000	0.008412	-2.283333	2.291745	-0.022393 	0.004220
-68.400000	0.008426	-2.280000	2.288426	-0.022134 	0.004223
-68.300000	0.008439	-2.276667	2.285106	-0.021873 	0.004226
-68.200000	0.008453	-2.273333	2.281786	-0.021611 	0.004229
-68.100000	0.008465	-2.270000	2.278465	-0.021347 	0.004232
-68.000000	0.008478	-2.266667	2.275145	-0.021082 	0.004236
-67.900000	0.008491	-2.263333	2.271824	-0.020815 	0.004239
-67.800000	0.008503	-2.260000	2.268503	-0.020547 	0.004242
-67.700000	0.008515	-2.256667	2.265182	-0.020278 	0.004245
-67.600000	0.008526	-2.253333	2.261859	-0.020007 	0.004248
-67.500000	0.008537	-2.250000	2.258537	-0.019735 	0.004251
-67.400000	0.008548	-2.246667	2.255215	-0.019461 	0.004254
-67.300000	0.008559	-2.243333	2.251892	-0.019186 	0.004257
-67.200000	0.008570	-2.240000	2.248570	-0.018909 	0.004261
-67.100000	0.008580	-2.236667	2.245247	-0.018631 	0.004264
-67.000000	0.008590	-2.233333	2.241923	-0.018352 	0.004267
-66.900000	0.008599	-2.230000	2.238599	-0.018071 	0.004270
-66.800000	0.008608	-2.226667	2.235275	-0.017788 	0.004273
-66.700000	0.008617	-2.223333	2.231950	-0.017504 	0.004276
-66.600000	0.008626	-2.220000	2.228626	-0.017219 	0.004280
-66.500000	0.008635	-2.216667	2.225302	-0.016933 	0.004283
-66.400000	0.008643	-2.213333	2.221976	-0.016644 	0.004286
-66.300000	0.008651	-2.210000	2.218651	-0.016355 	0.004289
-66.200000	0.008658	-2.206667	2.215325	-0.016064 	0.004292
-66.100000	0.008665	-2.203333	2.211998	-0.015772 	0.004296
-66.000000	0.008672	-2.200000	2.208672	-0.015478 	0.004299
-65.900000	0.008679	-2.196667	2.205346	-0.015183 	0.004302
-65.800000	0.008685	-2.193333	2.202018	-0.014886 	0.004305
-65.700000	0.008691	-2.190000	2.198691	-0.014588 	0.004309
-65.600000	0.008697	-2.186667	2.195364	-0.014289 	0.004312
-65.500000	0.008702	-2.183333	2.192035	-0.013988 	0.004315
-65.400000	0.008708	-2.180000	2.188708	-0.013685 	0.004318
-65.300000	0.008712	-2.176667	2.185379	-0.013382 	0.004322
-65.200000	0.008717	-2.173333	2.182050	-0.013077 	0.004325
-65.100000	0.008721	-2.170000	2.178721	-0.012770 	0.004328
-65.000000	0.008725	-2.166667	2.175392	-0.012462 	0.004332
-64.900000	0.008729	-2.163333	2.172062	-0.012153 	0.004335
-64.800000	0.008732	-2.160000	2.168732	-0.011842 	0.004338
-64.700000	0.008735	-2.156667	2.165402	-0.011530 	0.004342
-64.600000	0.008738	-2.153333	2.162071	-0.011217 	0.004345
-64.500000	0.008740	-2.150000	2.158740	-0.010902 	0.004348
-64.400000	0.008742	-2.146667	2.155409	-0.010586 	0.004352
-64.300000	0.008744	-2.143333	2.152077	-0.010268 	0.004355
-64.200000	0.008746	-2.140000	2.148746	-0.009949 	0.004358
-64.100000	0.008747	-2.136667	2.145414	-0.009629 	0.004362
-64.000000	0.008748	-2.133333	2.142081	-0.009307 	0.004365
-63.900000	0.008748	-2.130000	2.138748	-0.008984 	0.004369
-63.800000	0.008748	-2.126667	2.135415	-0.008659 	0.004372
-63.700000	0.008748	-2.123333	2.132081	-0.008333 	0.004375
-63.600000	0.008748	-2.120000	2.128748	-0.008006 	0.004379
-63.500000	0.008747	-2.116667	2.125414	-0.007677 	0.004382
-63.400000	0.008746	-2.113333	2.122079	-0.007347 	0.004386
-63.300000	0.008745	-2.110000	2.118745	-0.007016 	0.004389
-63.200000	0.008743	-2.106667	2.115410	-0.006684 	0.004393
-63.100000	0.008741	-2.103333	2.112074	-0.006349 	0.004396
-63.000000	0.008739	-2.100000	2.108739	-0.006014 	0.004400
-62.900000	0.008736	-2.096667	2.105403	-0.005677 	0.004403
-62.800000	0.008733	-2.093333	2.102066	-0.005339 	0.004406
-62.700000	0.008730	-2.090000	2.098730	-0.005000 	0.004410
-62.600000	0.008727	-2.086667	2.095394	-0.004659 	0.004414
-62.500000	0.008723	-2.083333	2.092056	-0.004317 	0.004417
-62.400000	0.008718	-2.080000	2.088718	-0.003974 	0.004421
-62.300000	0.008714	-2.076667	2.085381	-0.003629 	0.004424
-62.200000	0.008709	-2.073333	2.082042	-0.003283 	0.004428
-62.100000	0.008704	-2.070000	2.078704	-0.002936 	0.004431
-62.000000	0.008698	-2.066667	2.075365	-0.002587 	0.004435
-61.900000	0.008693	-2.063333	2.072026	-0.002238 	0.004438
-61.800000	0.008687	-2.060000	2.068687	-0.001886 	0.004442
-61.700000	0.008680	-2.056667	2.065347	-0.001534 	0.004445
-61.600000	0.008673	-2.053333	2.062006	-0.001180 	0.004449
-61.500000	0.008666	-2.050000	2.058666	-0.000825 	0.004453
-61.400000	0.008659	-2.046667	2.055326	-0.000469 	0.004456
-61.300000	0.008651	-2.043333	2.051984	-0.000111 	0.004460
-61.200000	0.008643	-2.040000	2.048643	0.000247 	0.004464
-61.100000	0.008634	-2.036667	2.045301	0.000607 	0.004467
-61.000000	0.008626	-2.033333	2.041959	0.000969 	0.004471
-60.900000	0.008617	-2.030000	2.038617	0.001331 	0.004475
-60.800000	0.008607	-2.026667	2.035274	0.001695 	0.004478
-60.700000	0.008598	-2.023333	2.031931	0.002060 	0.004482
-60.600000	0.008588	-2.020000	2.028588	0.002426 	0.004486
-60.500000	0.008577	-2.016667	2.025244	0.002794 	0.004489
-60.400000	0.008567	-2.013333	2.021900	0.003163 	0.004493
-60.300000	0.008556	-2.010000	2.018556	0.003532 	0.004497
-60.200000	0.008544	-2.006667	2.015211	0.003904 	0.004500
-60.100000	0.008533	-2.003333	2.011866	0.004276 	0.004504
-60.000000	0.008521	-2.000000	2.008521	0.004649 	0.004508
-59.900000	0.008508	-1.996667	2.005175	0.005024 	0.004512
-59.800000	0.008496	-1.993333	2.001829	0.005400 	0.004515
-59.700000	0.008483	-1.990000	1.998483	0.005777 	0.004519
-59.600000	0.008469	-1.986667	1.995136	0.006155 	0.004523
-59.500000	0.008456	-1.983333	1.991789	0.006535 	0.004527
-59.400000	0.008442	-1.980000	1.988442	0.006915 	0.004531
-59.300000	0.008427	-1.976667	1.985094	0.007297 	0.004534
-59.200000	0.008413	-1.973333	1.981746	0.007680 	0.004538
-59.100000	0.008398	-1.970000	1.978398	0.008064 	0.004542
-59.000000	0.008383	-1.966667	1.975050	0.008449 	0.004546
-58.900000	0.008367	-1.963333	1.971700	0.008835 	0.004550
-58.800000	0.008351	-1.960000	1.968351	0.009223 	0.004554
-58.700000	0.008335	-1.956667	1.965002	0.009611 	0.004558
-58.600000	0.008318	-1.953333	1.961651	0.010001 	0.004561
-58.500000	0.008301	-1.950000	1.958301	0.010392 	0.004565
-58.400000	0.008284	-1.946667	1.954951	0.010784 	0.004569
-58.300000	0.008267	-1.943333	1.951600	0.011176 	0.004573
-58.200000	0.008249	-1.940000	1.948249	0.011570 	0.004577
-58.100000	0.008231	-1.936667	1.944898	0.011965 	0.004581
-58.000000	0.008212	-1.933333	1.941545	0.012361 	0.004585
-57.900000	0.008193	-1.930000	1.938193	0.012759 	0.004589
-57.800000	0.008174	-1.926667	1.934841	0.013157 	0.004593
-57.700000	0.008155	-1.923333	1.931488	0.013556 	0.004597
-57.600000	0.008135	-1.920000	1.928135	0.013956 	0.004601
-57.500000	0.008115	-1.916667	1.924782	0.014357 	0.004605
-57.400000	0.008094	-1.913333	1.921427	0.014759 	0.004609
-57.300000	0.008074	-1.910000	1.918074	0.015163 	0.004613
-57.200000	0.008053	-1.906667	1.914720	0.015567 	0.004617
-57.100000	0.008031	-1.903333	1.911364	0.015972 	0.004621
-57.000000	0.008009	-1.900000	1.908009	0.016378 	0.004625
-56.900000	0.007987	-1.896667	1.904654	0.016785 	0.004629
-56.800000	0.007965	-1.893333	1.901298	0.017193 	0.004633
-56.700000	0.007942	-1.890000	1.897942	0.017602 	0.004637
-56.600000	0.007919	-1.886667	1.894586	0.018012 	0.004642
-56.500000	0.007896	-1.883333	1.891229	0.018423 	0.004646
-56.400000	0.007872	-1.880000	1.887872	0.018835 	0.004650
-56.300000	0.007849	-1.876667	1.884516	0.019247 	0.004654
-56.200000	0.007824	-1.873333	1.881157	0.019661 	0.004658
-56.100000	0.007800	-1.870000	1.877800	0.020075 	0.004662
-56.000000	0.007775	-1.866667	1.874442	0.020490 	0.004666
-55.900000	0.007750	-1.863333	1.871083	0.020907 	0.004671
-55.800000	0.007724	-1.860000	1.867724	0.021324 	0.004675
-55.700000	0.007698	-1.856667	1.864365	0.021741 	0.004679
-55.600000	0.007672	-1.853333	1.861005	0.022160 	0.004683
-55.500000	0.007646	-1.850000	1.857646	0.022579 	0.004687
-55.400000	0.007619	-1.846667	1.854286	0.023000 	0.004692
-55.300000	0.007592	-1.843333	1.850925	0.023421 	0.004696
-55.200000	0.007564	-1.840000	1.847564	0.023843 	0.004700
-55.100000	0.007537	-1.836667	1.844204	0.024265 	0.004704
-55.000000	0.007509	-1.833333	1.840842	0.024689 	0.004709
-54.900000	0.007481	-1.830000	1.837481	0.025113 	0.004713
-54.800000	0.007452	-1.826667	1.834119	0.025538 	0.004717
-54.700000	0.007423	-1.823333	1.830756	0.025963 	0.004722
-54.600000	0.007394	-1.820000	1.827394	0.026389 	0.004726
-54.500000	0.007364	-1.816667	1.824031	0.026817 	0.004730
-54.400000	0.007334	-1.813333	1.820667	0.027244 	0.004735
-54.300000	0.007304	-1.810000	1.817304	0.027673 	0.004739
-54.200000	0.007274	-1.806667	1.813941	0.028102 	0.004744
-54.100000	0.007243	-1.803333	1.810576	0.028531 	0.004748
-54.000000	0.007212	-1.800000	1.807212	0.028962 	0.004752
-53.900000	0.007181	-1.796667	1.803848	0.029393 	0.004757
-53.800000	0.007149	-1.793333	1.800482	0.029824 	0.004761
-53.700000	0.007117	-1.790000	1.797117	0.030256 	0.004766
-53.600000	0.007085	-1.786667	1.793752	0.030689 	0.004770
-53.500000	0.007053	-1.783333	1.790386	0.031122 	0.004775
-53.400000	0.007020	-1.780000	1.787020	0.031556 	0.004779
-53.300000	0.006987	-1.776667	1.783654	0.031990 	0.004784
-53.200000	0.006953	-1.773333	1.780286	0.032425 	0.004788
-53.100000	0.006920	-1.770000	1.776920	0.032861 	0.004793
-53.000000	0.006886	-1.766667	1.773553	0.033296 	0.004797
-52.900000	0.006852	-1.763333	1.770185	0.033733 	0.004802
-52.800000	0.006817	-1.760000	1.766817	0.034170 	0.004806
-52.700000	0.006782	-1.756667	1.763449	0.034607 	0.004811
-52.600000	0.006747	-1.753333	1.760080	0.035045 	0.004816
-52.500000	0.006712	-1.750000	1.756712	0.035483 	0.004820
-52.400000	0.006676	-1.746667	1.753343	0.035921 	0.004825
-52.300000	0.006641	-1.743333	1.749974	0.036360 	0.004829
-52.200000	0.006604	-1.740000	1.746604	0.036800 	0.004834
-52.100000	0.006568	-1.736667	1.743235	0.037239 	0.004839
-52.000000	0.006531	-1.733333	1.739864	0.037679 	0.004843
-51.900000	0.006494	-1.730000	1.736494	0.038120 	0.004848
-51.800000	0.006457	-1.726667	1.733124	0.038560 	0.004853
-51.700000	0.006419	-1.723333	1.729752	0.039001 	0.004858
-51.600000	0.006382	-1.720000	1.726382	0.039442 	0.004862
-51.500000	0.006343	-1.716667	1.723010	0.039884 	0.004867
-51.400000	0.006305	-1.713333	1.719638	0.040326 	0.004872
-51.300000	0.006267	-1.710000	1.716267	0.040768 	0.004877
-51.200000	0.006228	-1.706667	1.712895	0.041210 	0.004881
-51.100000	0.006189	-1.703333	1.709522	0.041652 	0.004886
-51.000000	0.006149	-1.700000	1.706149	0.042095 	0.004891
-50.900000	0.006109	-1.696667	1.702776	0.042538 	0.004896
-50.800000	0.006070	-1.693333	1.699403	0.042980 	0.004901
-50.700000	0.006029	-1.690000	1.696029	0.043423 	0.004906
-50.600000	0.005989	-1.686667	1.692656	0.043867 	0.004911
-50.500000	0.005948	-1.683333	1.689281	0.044310 	0.004915
-50.400000	0.005907	-1.680000	1.685907	0.044753 	0.004920
-50.300000	0.005866	-1.676667	1.682533	0.045196 	0.004925
-50.200000	0.005825	-1.673333	1.679158	0.045640 	0.004930
-50.100000	0.005783	-1.670000	1.675783	0.046083 	0.004935
-50.000000	0.005741	-1.666667	1.672408	0.046526 	0.004940
-49.900000	0.005699	-1.663333	1.669032	0.046970 	0.004945
-49.800000	0.005657	-1.660000	1.665657	0.047413 	0.004950
-49.700000	0.005614	-1.656667	1.662281	0.047856 	0.004955
-49.600000	0.005571	-1.653333	1.658904	0.048299 	0.004960
-49.500000	0.005528	-1.650000	1.655528	0.048742 	0.004965
-49.400000	0.005485	-1.646667	1.652152	0.049185 	0.004970
-49.300000	0.005441	-1.643333	1.648774	0.049628 	0.004975
-49.200000	0.005398	-1.640000	1.645398	0.050071 	0.004981
-49.100000	0.005354	-1.636667	1.642021	0.050513 	0.004986
-49.000000	0.005310	-1.633333	1.638643	0.050955 	0.004991
-48.900000	0.005265	-1.630000	1.635265	0.051397 	0.004996
-48.800000	0.005220	-1.626667	1.631887	0.051839 	0.005001
-48.700000	0.005176	-1.623333	1.628509	0.052280 	0.005006
-48.600000	0.005130	-1.620000	1.625130	0.052721 	0.005012
-48.500000	0.005085	-1.616667	1.621752	0.053162 	0.005017
-48.400000	0.005040	-1.613333	1.618373	0.053603 	0.005022
-48.300000	0.004994	-1.610000	1.614994	0.054043 	0.005027
-48.200000	0.004948	-1.606667	1.611615	0.054483 	0.005033
-48.100000	0.004902	-1.603333	1.608235	0.054922 	0.005038
-48.000000	0.004855	-1.600000	1.604855	0.055361 	0.005043
-47.900000	0.004809	-1.596667	1.601476	0.055799 	0.005048
-47.800000	0.004762	-1.593333	1.598095	0.056237 	0.005054
-47.700000	0.004715	-1.590000	1.594715	0.056675 	0.005059
-47.600000	0.004668	-1.586667	1.591335	0.057112 	0.005064
-47.500000	0.004620	-1.583333	1.587953	0.057548 	0.005070
-47.400000	0.004573	-1.580000	1.584573	0.057984 	0.005075
-47.300000	0.004525	-1.576667	1.581192	0.058420 	0.005081
-47.200000	0.004477	-1.573333	1.577810	0.058854 	0.005086
-47.100000	0.004429	-1.570000	1.574429	0.059288 	0.005092
-47.000000	0.004381	-1.566667	1.571048	0.059722 	0.005097
-46.900000	0.004332	-1.563333	1.567665	0.060154 	0.005103
-46.800000	0.004283	-1.560000	1.564283	0.060586 	0.005108
-46.700000	0.004235	-1.556667	1.560902	0.061018 	0.005114
-46.600000	0.004186	-1.553333	1.557519	0.061448 	0.005119
-46.500000	0.004136	-1.550000	1.554136	0.061878 	0.005125
-46.400000	0.004087	-1.546667	1.550754	0.062307 	0.005130
-46.300000	0.004037	-1.543333	1.547370	0.062735 	0.005136
-46.200000	0.003987	-1.540000	1.543987	0.063162 	0.005142
-46.100000	0.003938	-1.536667	1.540605	0.063588 	0.005147
-46.000000	0.003887	-1.533333	1.537220	0.064014 	0.005153
-45.900000	0.003837	-1.530000	1.533837	0.064438 	0.005159
-45.800000	0.003787	-1.526667	1.530454	0.064862 	0.005164
-45.700000	0.003736	-1.523333	1.527069	0.065284 	0.005170
-45.600000	0.003685	-1.520000	1.523685	0.065706 	0.005176
-45.500000	0.003635	-1.516667	1.520302	0.066126 	0.005181
-45.400000	0.003583	-1.513333	1.516916	0.066545 	0.005187
-45.300000	0.003532	-1.510000	1.513532	0.066964 	0.005193
-45.200000	0.003481	-1.506667	1.510148	0.067381 	0.005199
-45.100000	0.003429	-1.503333	1.506762	0.067797 	0.005205
-45.000000	0.003378	-1.500000	1.503378	0.068211 	0.005211
-44.900000	0.003326	-1.496667	1.499993	0.068625 	0.005216
-44.800000	0.003274	-1.493333	1.496607	0.069037 	0.005222
-44.700000	0.003222	-1.490000	1.493222	0.069448 	0.005228
-44.600000	0.003170	-1.486667	1.489837	0.069858 	0.005234
-44.500000	0.003117	-1.483333	1.486450	0.070266 	0.005240
-44.400000	0.003065	-1.480000	1.483065	0.070673 	0.005246
-44.300000	0.003012	-1.476667	1.479679	0.071079 	0.005252
-44.200000	0.002959	-1.473333	1.476292	0.071483 	0.005258
-44.100000	0.002907	-1.470000	1.472907	0.071885 	0.005264
-44.000000	0.002854	-1.466667	1.469521	0.072287 	0.005270
-43.900000	0.002800	-1.463333	1.466133	0.072686 	0.005276
-43.800000	0.002747	-1.460000	1.462747	0.073084 	0.005282
-43.700000	0.002694	-1.456667	1.459361	0.073481 	0.005289
-43.600000	0.002640	-1.453333	1.455973	0.073876 	0.005295
-43.500000	0.002587	-1.450000	1.452587	0.074269 	0.005301
-43.400000	0.002533	-1.446667	1.449200	0.074661 	0.005307
-43.300000	0.002479	-1.443333	1.445812	0.075050 	0.005313
-43.200000	0.002425	-1.440000	1.442425	0.075439 	0.005319
-43.100000	0.002371	-1.436667	1.439038	0.075825 	0.005326
-43.000000	0.002317	-1.433333	1.435650	0.076210 	0.005332
-42.900000	0.002263	-1.430000	1.432263	0.076592 	0.005338
-42.800000	0.002208	-1.426667	1.428875	0.076973 	0.005345
-42.700000	0.002154	-1.423333	1.425487	0.077352 	0.005351
-42.600000	0.002099	-1.420000	1.422099	0.077729 	0.005357
-42.500000	0.002045	-1.416667	1.418712	0.078104 	0.005364
-42.400000	0.001990	-1.413333	1.415323	0.078477 	0.005370
-42.300000	0.001935	-1.410000	1.411935	0.078848 	0.005377
-42.200000	0.001880	-1.406667	1.408547	0.079217 	0.005383
-42.100000	0.001825	-1.403333	1.405158	0.079584 	0.005390
-42.000000	0.001770	-1.400000	1.401770	0.079948 	0.005396
-41.900000	0.001715	-1.396667	1.398382	0.080311 	0.005403
-41.800000	0.001659	-1.393333	1.394992	0.080671 	0.005409
-41.700000	0.001604	-1.390000	1.391604	0.081029 	0.005416
-41.600000	0.001549	-1.386667	1.388216	0.081385 	0.005422
-41.500000	0.001493	-1.383333	1.384826	0.081738 	0.005429
-41.400000	0.001437	-1.380000	1.381437	0.082089 	0.005436
-41.300000	0.001382	-1.376667	1.378049	0.082438 	0.005442
-41.200000	0.001326	-1.373333	1.374659	0.082784 	0.005449
-41.100000	0.001270	-1.370000	1.371270	0.083128 	0.005456
-41.000000	0.001214	-1.366667	1.367881	0.083469 	0.005463
-40.900000	0.001158	-1.363333	1.364491	0.083808 	0.005469
-40.800000	0.001102	-1.360000	1.361102	0.084144 	0.005476
-40.700000	0.001046	-1.356667	1.357713	0.084477 	0.005483
-40.600000	0.000990	-1.353333	1.354323	0.084808 	0.005490
-40.500000	0.000934	-1.350000	1.350934	0.085136 	0.005497
-40.400000	0.000878	-1.346667	1.347545	0.085461 	0.005504
-40.300000	0.000821	-1.343333	1.344154	0.085784 	0.005511
-40.200000	0.000765	-1.340000	1.340765	0.086104 	0.005517
-40.100000	0.000709	-1.336667	1.337376	0.086421 	0.005524
-40.000000	0.000652	-1.333333	1.333985	0.086735 	0.005531
-39.900000	0.000596	-1.330000	1.330596	0.087046 	0.005539
-39.800000	0.000539	-1.326667	1.327206	0.087354 	0.005546
-39.700000	0.000483	-1.323333	1.323816	0.087659 	0.005553
-39.600000	0.000426	-1.320000	1.320426	0.087961 	0.005560
-39.500000	0.000369	-1.316667	1.317036	0.088260 	0.005567
-39.400000	0.000312	-1.313333	1.313645	0.088556 	0.005574
-39.300000	0.000256	-1.310000	1.310256	0.088849 	0.005581
-39.200000	0.000199	-1.306667	1.306866	0.089138 	0.005589
-39.100000	0.000142	-1.303333	1.303475	0.089425 	0.005596
-39.000000	0.000085	-1.300000	1.300085	0.089707 	0.005603
-38.900000	0.000028	-1.296667	1.296695	0.089987 	0.005610
-38.800000	-0.000029	-1.293333	1.293304	0.090263 	0.005618
-38.700000	-0.000086	-1.290000	1.289914	0.090536 	0.005625
-38.600000	-0.000143	-1.286667	1.286524	0.090805 	0.005633
-38.500000	-0.000200	-1.283333	1.283133	0.091071 	0.005640
-38.400000	-0.000257	-1.280000	1.279743	0.091333 	0.005647
-38.300000	-0.000314	-1.276667	1.276353	0.091592 	0.005655
-38.200000	-0.000371	-1.273333	1.272962	0.091847 	0.005663
-38.100000	-0.000428	-1.270000	1.269572	0.092098 	0.005670
-38.000000	-0.000485	-1.266667	1.266182	0.092345 	0.005678
-37.900000	-0.000543	-1.263333	1.262790	0.092589 	0.005685
-37.800000	-0.000600	-1.260000	1.259400	0.092829 	0.005693
-37.700000	-0.000657	-1.256667	1.256010	0.093065 	0.005701
-37.600000	-0.000714	-1.253333	1.252619	0.093297 	0.005708
-37.500000	-0.000772	-1.250000	1.249228	0.093526 	0.005716
-37.400000	-0.000829	-1.246667	1.245838	0.093750 	0.005724
-37.300000	-0.000886	-1.243333	1.242447	0.093970 	0.005732
-37.200000	-0.000944	-1.240000	1.239056	0.094186 	0.005739
-37.100000	-0.001001	-1.236667	1.235666	0.094398 	0.005747
-37.000000	-0.001058	-1.233333	1.232275	0.094605 	0.005755
-36.900000	-0.001116	-1.230000	1.228884	0.094809 	0.005763
-36.800000	-0.001173	-1.226667	1.225494	0.095008 	0.005771
-36.700000	-0.001230	-1.223333	1.222103	0.095203 	0.005779
-36.600000	-0.001288	-1.220000	1.218712	0.095393 	0.005787
-36.500000	-0.001345	-1.216667	1.215322	0.095579 	0.005795
-36.400000	-0.001402	-1.213333	1.211931	0.095761 	0.005803
-36.300000	-0.001460	-1.210000	1.208540	0.095938 	0.005811
-36.200000	-0.001517	-1.206667	1.205150	0.096110 	0.005820
-36.100000	-0.001575	-1.203333	1.201758	0.096278 	0.005828
-36.000000	-0.001632	-1.200000	1.198368	0.096441 	0.005836
-35.900000	-0.001690	-1.196667	1.194977	0.096599 	0.005844
-35.800000	-0.001747	-1.193333	1.191586	0.096753 	0.005853
-35.700000	-0.001804	-1.190000	1.188196	0.096901 	0.005861
-35.600000	-0.001862	-1.186667	1.184805	0.097045 	0.005869
-35.500000	-0.001919	-1.183333	1.181414	0.097184 	0.005878
-35.400000	-0.001977	-1.180000	1.178023	0.097318 	0.005886
-35.300000	-0.002034	-1.176667	1.174633	0.097447 	0.005895
-35.200000	-0.002092	-1.173333	1.171241	0.097571 	0.005903
-35.100000	-0.002149	-1.170000	1.167851	0.097689 	0.005912
-35.000000	-0.002207	-1.166667	1.164460	0.097803 	0.005920
-34.900000	-0.002264	-1.163333	1.161069	0.097911 	0.005929
-34.800000	-0.002322	-1.160000	1.157678	0.098014 	0.005938
-34.700000	-0.002379	-1.156667	1.154288	0.098112 	0.005946
-34.600000	-0.002436	-1.153333	1.150897	0.098204 	0.005955
-34.500000	-0.002494	-1.150000	1.147506	0.098291 	0.005964
-34.400000	-0.002551	-1.146667	1.144116	0.098372 	0.005973
-34.300000	-0.002609	-1.143333	1.140724	0.098447 	0.005982
-34.200000	-0.002666	-1.140000	1.137334	0.098517 	0.005991
-34.100000	-0.002724	-1.136667	1.133943	0.098582 	0.006000
-34.000000	-0.002781	-1.133333	1.130552	0.098640 	0.006009
-33.900000	-0.002839	-1.130000	1.127161	0.098693 	0.006018
-33.800000	-0.002896	-1.126667	1.123771	0.098740 	0.006027
-33.700000	-0.002954	-1.123333	1.120379	0.098781 	0.006036
-33.600000	-0.003011	-1.120000	1.116989	0.098816 	0.006045
-33.500000	-0.003068	-1.116667	1.113599	0.098845 	0.006054
-33.400000	-0.003126	-1.113333	1.110207	0.098868 	0.006063
-33.300000	-0.003183	-1.110000	1.106817	0.098885 	0.006073
-33.200000	-0.003241	-1.106667	1.103426	0.098896 	0.006082
-33.100000	-0.003298	-1.103333	1.100035	0.098900 	0.006091
-33.000000	-0.003356	-1.100000	1.096644	0.098899 	0.006101
-32.900000	-0.003413	-1.096667	1.093254	0.098890 	0.006110
-32.800000	-0.003471	-1.093333	1.089862	0.098876 	0.006120
-32.700000	-0.003528	-1.090000	1.086472	0.098855 	0.006129
-32.600000	-0.003585	-1.086667	1.083082	0.098827 	0.006139
-32.500000	-0.003643	-1.083333	1.079690	0.098793 	0.006148
-32.400000	-0.003700	-1.080000	1.076300	0.098752 	0.006158
-32.300000	-0.003758	-1.076667	1.072909	0.098704 	0.006168
-32.200000	-0.003815	-1.073333	1.069518	0.098650 	0.006178
-32.100000	-0.003873	-1.070000	1.066127	0.098589 	0.006187
-32.000000	-0.003930	-1.066667	1.062737	0.098521 	0.006197
-31.900000	-0.003988	-1.063333	1.059345	0.098446 	0.006207
-31.800000	-0.004045	-1.060000	1.055955	0.098363 	0.006217
-31.700000	-0.004103	-1.056667	1.052564	0.098274 	0.006227
-31.600000	-0.004160	-1.053333	1.049173	0.098178 	0.006237
-31.500000	-0.004218	-1.050000	1.045782	0.098074 	0.006247
-31.400000	-0.004275	-1.046667	1.042392	0.097963 	0.006258
-31.300000	-0.004333	-1.043333	1.039000	0.097845 	0.006268
-31.200000	-0.004390	-1.040000	1.035610	0.097720 	0.006278
-31.100000	-0.004448	-1.036667	1.032219	0.097587 	0.006288
-31.000000	-0.004505	-1.033333	1.028828	0.097446 	0.006299
-30.900000	-0.004563	-1.030000	1.025437	0.097298 	0.006309
-30.800000	-0.004620	-1.026667	1.022047	0.097142 	0.006319
-30.700000	-0.004678	-1.023333	1.018655	0.096979 	0.006330
-30.600000	-0.004736	-1.020000	1.015264	0.096807 	0.006341
-30.500000	-0.004793	-1.016667	1.011874	0.096628 	0.006351
-30.400000	-0.004851	-1.013333	1.008482	0.096441 	0.006362
-30.300000	-0.004908	-1.010000	1.005092	0.096246 	0.006373
-30.200000	-0.004966	-1.006667	1.001701	0.096043 	0.006383
-30.100000	-0.005024	-1.003333	0.998309	0.095832 	0.006394
-30.000000	-0.005081	-1.000000	0.994919	0.095612 	0.006405
-29.900000	-0.005139	-0.996667	0.991528	0.095385 	0.006416
-29.800000	-0.005197	-0.993333	0.988136	0.095149 	0.006427
-29.700000	-0.005255	-0.990000	0.984745	0.094904 	0.006438
-29.600000	-0.005312	-0.986667	0.981354	0.094652 	0.006449
-29.500000	-0.005370	-0.983333	0.977963	0.094390 	0.006460
-29.400000	-0.005428	-0.980000	0.974572	0.094120 	0.006472
-29.300000	-0.005486	-0.976667	0.971181	0.093842 	0.006483
-29.200000	-0.005544	-0.973333	0.967790	0.093554 	0.006494
-29.100000	-0.005601	-0.970000	0.964399	0.093258 	0.006506
-29.000000	-0.005659	-0.966667	0.961007	0.092953 	0.006517
-28.900000	-0.005717	-0.963333	0.957616	0.092639 	0.006529
-28.800000	-0.005775	-0.960000	0.954225	0.092316 	0.006540
-28.700000	-0.005833	-0.956667	0.950833	0.091984 	0.006552
-28.600000	-0.005891	-0.953333	0.947442	0.091643 	0.006564
-28.500000	-0.005949	-0.950000	0.944051	0.091293 	0.006575
-28.400000	-0.006007	-0.946667	0.940659	0.090933 	0.006587
-28.300000	-0.006066	-0.943333	0.937268	0.090564 	0.006599
-28.200000	-0.006124	-0.940000	0.933876	0.090185 	0.006611
-28.100000	-0.006182	-0.936667	0.930485	0.089797 	0.006623
-28.000000	-0.006240	-0.933333	0.927093	0.089399 	0.006635
-27.900000	-0.006298	-0.930000	0.923702	0.088992 	0.006647
-27.800000	-0.006357	-0.926667	0.920310	0.088575 	0.006660
-27.700000	-0.006415	-0.923333	0.916918	0.088148 	0.006672
-27.600000	-0.006473	-0.920000	0.913527	0.087711 	0.006684
-27.500000	-0.006532	-0.916667	0.910135	0.087265 	0.006697
-27.400000	-0.006590	-0.913333	0.906743	0.086808 	0.006709
-27.300000	-0.006649	-0.910000	0.903351	0.086341 	0.006722
-27.200000	-0.006707	-0.906667	0.899960	0.085864 	0.006735
-27.100000	-0.006766	-0.903333	0.896568	0.085377 	0.006747
-27.000000	-0.006824	-0.900000	0.893176	0.084879 	0.006760
-26.900000	-0.006883	-0.896667	0.889784	0.084371 	0.006773
-26.800000	-0.006941	-0.893333	0.886392	0.083853 	0.006786
-26.700000	-0.007000	-0.890000	0.883000	0.083323 	0.006799
-26.600000	-0.007059	-0.886667	0.879608	0.082784 	0.006812
-26.500000	-0.007118	-0.883333	0.876216	0.082233 	0.006825
-26.400000	-0.007176	-0.880000	0.872824	0.081672 	0.006838
-26.300000	-0.007235	-0.876667	0.869431	0.081100 	0.006852
-26.200000	-0.007294	-0.873333	0.866039	0.080517 	0.006865
-26.100000	-0.007353	-0.870000	0.862647	0.079923 	0.006879
-26.000000	-0.007412	-0.866667	0.859255	0.079318 	0.006892
-25.900000	-0.007471	-0.863333	0.855862	0.078702 	0.006906
-25.800000	-0.007530	-0.860000	0.852470	0.078074 	0.006920
-25.700000	-0.007589	-0.856667	0.849078	0.077435 	0.006933
-25.600000	-0.007648	-0.853333	0.845685	0.076785 	0.006947
-25.500000	-0.007707	-0.850000	0.842293	0.076123 	0.006961
-25.400000	-0.007766	-0.846667	0.838900	0.075450 	0.006975
-25.300000	-0.007826	-0.843333	0.835508	0.074765 	0.006989
-25.200000	-0.007885	-0.840000	0.832115	0.074068 	0.007004
-25.100000	-0.007944	-0.836667	0.828723	0.073359 	0.007018
-25.000000	-0.008003	-0.833333	0.825330	0.072639 	0.007032
-24.900000	-0.008062	-0.830000	0.821938	0.071907 	0.007047
-24.800000	-0.008122	-0.826667	0.818545	0.071162 	0.007061
-24.700000	-0.008181	-0.823333	0.815152	0.070406 	0.007076
-24.600000	-0.008240	-0.820000	0.811760	0.069637 	0.007091
-24.500000	-0.008300	-0.816667	0.808367	0.068856 	0.007106
-24.400000	-0.008359	-0.813333	0.804974	0.068063 	0.007121
-24.300000	-0.008419	-0.810000	0.801581	0.067257 	0.007136
-24.200000	-0.008478	-0.806667	0.798189	0.066439 	0.007151
-24.100000	-0.008537	-0.803333	0.794796	0.065608 	0.007166
-24.000000	-0.008597	-0.800000	0.791403	0.064765 	0.007182
-23.900000	-0.008656	-0.796667	0.788011	0.063908 	0.007197
-23.800000	-0.008715	-0.793333	0.784618	0.063039 	0.007213
-23.700000	-0.008775	-0.790000	0.781225	0.062157 	0.007228
-23.600000	-0.008834	-0.786667	0.777832	0.061262 	0.007244
-23.500000	-0.008894	-0.783333	0.774440	0.060354 	0.007260
-23.400000	-0.008953	-0.780000	0.771047	0.059433 	0.007276
-23.300000	-0.009012	-0.776667	0.767654	0.058498 	0.007292
-23.200000	-0.009072	-0.773333	0.764262	0.057550 	0.007308
-23.100000	-0.009131	-0.770000	0.760869	0.056589 	0.007324
-23.000000	-0.009190	-0.766667	0.757476	0.055614 	0.007341
-22.900000	-0.009249	-0.763333	0.754084	0.054626 	0.007357
-22.800000	-0.009309	-0.760000	0.750691	0.053624 	0.007374
-22.700000	-0.009368	-0.756667	0.747299	0.052608 	0.007390
-22.600000	-0.009427	-0.753333	0.743907	0.051579 	0.007407
-22.500000	-0.009486	-0.750000	0.740514	0.050536 	0.007424
-22.400000	-0.009545	-0.746667	0.737122	0.049479 	0.007441
-22.300000	-0.009604	-0.743333	0.733730	0.048407 	0.007458
-22.200000	-0.009662	-0.740000	0.730338	0.047322 	0.007476
-22.100000	-0.009721	-0.736667	0.726946	0.046223 	0.007493
-22.000000	-0.009780	-0.733333	0.723554	0.045109 	0.007511
-21.900000	-0.009838	-0.730000	0.720162	0.043981 	0.007528
-21.800000	-0.009896	-0.726667	0.716770	0.042839 	0.007546
-21.700000	-0.009955	-0.723333	0.713379	0.041682 	0.007564
-21.600000	-0.010013	-0.720000	0.709987	0.040510 	0.007582
-21.500000	-0.010071	-0.716667	0.706596	0.039324 	0.007600
-21.400000	-0.010129	-0.713333	0.703205	0.038123 	0.007619
-21.300000	-0.010186	-0.710000	0.699814	0.036908 	0.007637
-21.200000	-0.010244	-0.706667	0.696423	0.035677 	0.007656
-21.100000	-0.010301	-0.703333	0.693032	0.034432 	0.007674
-21.000000	-0.010358	-0.700000	0.689642	0.033172 	0.007693
-20.900000	-0.010415	-0.696667	0.686251	0.031896 	0.007712
-20.800000	-0.010472	-0.693333	0.682861	0.030606 	0.007731
-20.700000	-0.010529	-0.690000	0.679471	0.029300 	0.007751
-20.600000	-0.010585	-0.686667	0.676082	0.027979 	0.007770
-20.500000	-0.010641	-0.683333	0.672692	0.026642 	0.007789
-20.400000	-0.010697	-0.680000	0.669303	0.025290 	0.007809
-20.300000	-0.010753	-0.676667	0.665914	0.023923 	0.007829
-20.200000	-0.010808	-0.673333	0.662525	0.022540 	0.007849
-20.100000	-0.010863	-0.670000	0.659137	0.021142 	0.007869
-20.000000	-0.010918	-0.666667	0.655749	0.019727 	0.007889
-19.900000	-0.010972	-0.663333	0.652361	0.018297 	0.007910
-19.800000	-0.011026	-0.660000	0.648974	0.016852 	0.007931
-19.700000	-0.011080	-0.656667	0.645587	0.015390 	0.007951
-19.600000	-0.011133	-0.653333	0.642200	0.013913 	0.007972
-19.500000	-0.011186	-0.650000	0.638814	0.012419 	0.007993
-19.400000	-0.011238	-0.646667	0.635428	0.010909 	0.008015
-19.300000	-0.011291	-0.643333	0.632043	0.009384 	0.008036
-19.200000	-0.011342	-0.640000	0.628658	0.007842 	0.008058
-19.100000	-0.011393	-0.636667	0.625273	0.006283 	0.008079
-19.000000	-0.011444	-0.633333	0.621889	0.004709 	0.008101
-18.900000	-0.011494	-0.630000	0.618506	0.003118 	0.008124
-18.800000	-0.011544	-0.626667	0.615123	0.001511 	0.008146
-18.700000	-0.011593	-0.623333	0.611740	-0.000113 	0.008168
-18.600000	-0.011642	-0.620000	0.608358	-0.001753 	0.008191
-18.500000	-0.011690	-0.616667	0.604977	-0.003409 	0.008214
-18.400000	-0.011737	-0.613333	0.601596	-0.005083 	0.008237
-18.300000	-0.011784	-0.610000	0.598216	-0.006773 	0.008260
-18.200000	-0.011830	-0.606667	0.594836	-0.008479 	0.008284
-18.100000	-0.011876	-0.603333	0.591457	-0.010202 	0.008307
-18.000000	-0.011921	-0.600000	0.588079	-0.011943 	0.008331
-17.900000	-0.011965	-0.596667	0.584702	-0.013699 	0.008355
-17.800000	-0.012008	-0.593333	0.581325	-0.015473 	0.008379
-17.700000	-0.012051	-0.590000	0.577949	-0.017264 	0.008404
-17.600000	-0.012093	-0.586667	0.574574	-0.019071 	0.008428
-17.500000	-0.012134	-0.583333	0.571200	-0.020895 	0.008453
-17.400000	-0.012174	-0.580000	0.567826	-0.022737 	0.008478
-17.300000	-0.012213	-0.576667	0.564454	-0.024595 	0.008504
-17.200000	-0.012251	-0.573333	0.561082	-0.026470 	0.008529
-17.100000	-0.012289	-0.570000	0.557711	-0.028363 	0.008555
-17.000000	-0.012325	-0.566667	0.554341	-0.030272 	0.008581
-16.900000	-0.012361	-0.563333	0.550973	-0.032199 	0.008607
-16.800000	-0.012395	-0.560000	0.547605	-0.034142 	0.008633
-16.700000	-0.012428	-0.556667	0.544238	-0.036103 	0.008660
-16.600000	-0.012461	-0.553333	0.540873	-0.038081 	0.008687
-16.500000	-0.012492	-0.550000	0.537508	-0.040076 	0.008714
-16.400000	-0.012522	-0.546667	0.534145	-0.042088 	0.008742
-16.300000	-0.012550	-0.543333	0.530783	-0.044117 	0.008769
-16.200000	-0.012578	-0.540000	0.527422	-0.046164 	0.008797
-16.100000	-0.012604	-0.536667	0.524063	-0.048228 	0.008825
-16.000000	-0.012629	-0.533333	0.520704	-0.050308 	0.008854
-15.900000	-0.012653	-0.530000	0.517347	-0.052406 	0.008882
-15.800000	-0.012675	-0.526667	0.513992	-0.054521 	0.008911
-15.700000	-0.012696	-0.523333	0.510638	-0.056654 	0.008940
-15.600000	-0.012715	-0.520000	0.507285	-0.058803 	0.008970
-15.500000	-0.012733	-0.516667	0.503934	-0.060970 	0.009000
-15.400000	-0.012749	-0.513333	0.500584	-0.063153 	0.009030
-15.300000	-0.012764	-0.510000	0.497236	-0.065354 	0.009060
-15.200000	-0.012777	-0.506667	0.493890	-0.067571 	0.009091
-15.100000	-0.012788	-0.503333	0.490545	-0.069806 	0.009122
-15.000000	-0.012798	-0.500000	0.487202	-0.072058 	0.009153
-14.900000	-0.012806	-0.496667	0.483861	-0.074326 	0.009185
-14.800000	-0.012812	-0.493333	0.480521	-0.076612 	0.009216
-14.700000	-0.012816	-0.490000	0.477184	-0.078914 	0.009249
-14.600000	-0.012819	-0.486667	0.473848	-0.081234 	0.009281
-14.500000	-0.012819	-0.483333	0.470514	-0.083570 	0.009314
-14.400000	-0.012817	-0.480000	0.467183	-0.085923 	0.009347
-14.300000	-0.012814	-0.476667	0.463853	-0.088292 	0.009381
-14.200000	-0.012808	-0.473333	0.460525	-0.090678 	0.009414
-14.100000	-0.012800	-0.470000	0.457200	-0.093081 	0.009449
-14.000000	-0.012790	-0.466667	0.453876	-0.095500 	0.009483
-13.900000	-0.012778	-0.463333	0.450555	-0.097936 	0.009518
-13.800000	-0.012763	-0.460000	0.447237	-0.100388 	0.009553
-13.700000	-0.012746	-0.456667	0.443920	-0.102856 	0.009589
-13.600000	-0.012727	-0.453333	0.440606	-0.105341 	0.009625
-13.500000	-0.012705	-0.450000	0.437295	-0.107842 	0.009661
-13.400000	-0.012681	-0.446667	0.433986	-0.110358 	0.009698
-13.300000	-0.012654	-0.443333	0.430679	-0.112891 	0.009735
-13.200000	-0.012625	-0.440000	0.427375	-0.115440 	0.009773
-13.100000	-0.012593	-0.436667	0.424074	-0.118004 	0.009811
-13.000000	-0.012558	-0.433333	0.420776	-0.120584 	0.009849
-12.900000	-0.012520	-0.430000	0.417480	-0.123180 	0.009888
-12.800000	-0.012479	-0.426667	0.414187	-0.125791 	0.009927
-12.700000	-0.012436	-0.423333	0.410897	-0.128418 	0.009967
-12.600000	-0.012390	-0.420000	0.407610	-0.131060 	0.010007
-12.500000	-0.012340	-0.416667	0.404327	-0.133717 	0.010047
-12.400000	-0.012288	-0.413333	0.401046	-0.136389 	0.010088
-12.300000	-0.012232	-0.410000	0.397768	-0.139076 	0.010130
-12.200000	-0.012173	-0.406667	0.394494	-0.141777 	0.010172
-12.100000	-0.012111	-0.403333	0.391222	-0.144494 	0.010214
-12.000000	-0.012046	-0.400000	0.387954	-0.147225 	0.010257
-11.900000	-0.011977	-0.396667	0.384690	-0.149970 	0.010301
-11.800000	-0.011904	-0.393333	0.381429	-0.152729 	0.010345
-11.700000	-0.011829	-0.390000	0.378171	-0.155503 	0.010389
-11.600000	-0.011749	-0.386667	0.374917	-0.158290 	0.010434
-11.500000	-0.011666	-0.383333	0.371667	-0.161092 	0.010479
-11.400000	-0.011579	-0.380000	0.368421	-0.163907 	0.010526
-11.300000	-0.011489	-0.376667	0.365178	-0.166735 	0.010572
-11.200000	-0.011395	-0.373333	0.361939	-0.169577 	0.010619
-11.100000	-0.011296	-0.370000	0.358704	-0.172432 	0.010667
-11.000000	-0.011194	-0.366667	0.355473	-0.175299 	0.010716
-10.900000	-0.011088	-0.363333	0.352245	-0.178180 	0.010765
-10.800000	-0.010978	-0.360000	0.349022	-0.181073 	0.010814
-10.700000	-0.010863	-0.356667	0.345804	-0.183979 	0.010864
-10.600000	-0.010744	-0.353333	0.342589	-0.186897 	0.010915
-10.500000	-0.010621	-0.350000	0.339379	-0.189827 	0.010967
-10.400000	-0.010494	-0.346667	0.336173	-0.192769 	0.011019
-10.300000	-0.010362	-0.343333	0.332971	-0.195723 	0.011072
-10.200000	-0.010226	-0.340000	0.329774	-0.198688 	0.011125
-10.100000	-0.010085	-0.336667	0.326582	-0.201664 	0.011179
-10.000000	-0.009940	-0.333333	0.323394	-0.204652 	0.011234
-9.900000	-0.009789	-0.330000	0.320211	-0.207650 	0.011290
-9.800000	-0.009635	-0.326667	0.317032	-0.210659 	0.011347
-9.700000	-0.009475	-0.323333	0.313858	-0.213678 	0.011404
-9.600000	-0.009310	-0.320000	0.310690	-0.216708 	0.011462
-9.500000	-0.009141	-0.316667	0.307526	-0.219748 	0.011521
-9.400000	-0.008966	-0.313333	0.304367	-0.222798 	0.011580
-9.300000	-0.008787	-0.310000	0.301213	-0.225857 	0.011641
-9.200000	-0.008602	-0.306667	0.298065	-0.228925 	0.011702
-9.100000	-0.008412	-0.303333	0.294921	-0.232003 	0.011764
-9.000000	-0.008217	-0.300000	0.291783	-0.235090 	0.011827
-8.900000	-0.008016	-0.296667	0.288650	-0.238185 	0.011891
-8.800000	-0.007810	-0.293333	0.285523	-0.241289 	0.011956
-8.700000	-0.007599	-0.290000	0.282401	-0.244401 	0.012022
-8.600000	-0.007382	-0.286667	0.279285	-0.247521 	0.012089
-8.500000	-0.007160	-0.283333	0.276174	-0.250649 	0.012157
-8.400000	-0.006932	-0.280000	0.273068	-0.253784 	0.012226
-8.300000	-0.006698	-0.276667	0.269969	-0.256926 	0.012296
-8.200000	-0.006458	-0.273333	0.266875	-0.260076 	0.012367
-8.100000	-0.006213	-0.270000	0.263787	-0.263232 	0.012439
-8.000000	-0.005962	-0.266667	0.260705	-0.266395 	0.012512
-7.900000	-0.005705	-0.263333	0.257629	-0.269564 	0.012587
-7.800000	-0.005441	-0.260000	0.254559	-0.272739 	0.012663
-7.700000	-0.005172	-0.256667	0.251494	-0.275920 	0.012740
-7.600000	-0.004897	-0.253333	0.248436	-0.279106 	0.012818
-7.500000	-0.004616	-0.250000	0.245384	-0.282298 	0.012897
-7.400000	-0.004328	-0.246667	0.242339	-0.285494 	0.012978
-7.300000	-0.004034	-0.243333	0.239299	-0.288696 	0.013060
-7.200000	-0.003734	-0.240000	0.236266	-0.291901 	0.013144
-7.100000	-0.003427	-0.236667	0.233240	-0.295112 	0.013229
-7.000000	-0.003114	-0.233333	0.230219	-0.298326 	0.013315
-6.900000	-0.002795	-0.230000	0.227205	-0.301543 	0.013403
-6.800000	-0.002469	-0.226667	0.224198	-0.304765 	0.013493
-6.700000	-0.002136	-0.223333	0.221197	-0.307989 	0.013584
-6.600000	-0.001797	-0.220000	0.218203	-0.311216 	0.013677
-6.500000	-0.001451	-0.216667	0.215216	-0.314446 	0.013771
-6.400000	-0.001099	-0.213333	0.212235	-0.317679 	0.013868
-6.300000	-0.000739	-0.210000	0.209261	-0.320913 	0.013966
-6.200000	-0.000373	-0.206667	0.206294	-0.324150 	0.014066
-6.100000	-0.000000	-0.203333	0.203333	-0.327388 	0.014168
-6.000000	0.000380	-0.200000	0.200380	-0.330627 	0.014272
-5.900000	0.000766	-0.196667	0.197433	-0.333867 	0.014378
-5.800000	0.001160	-0.193333	0.194493	-0.337108 	0.014487
-5.700000	0.001561	-0.190000	0.191561	-0.340350 	0.014597
-5.600000	0.001968	-0.186667	0.188635	-0.343591 	0.014710
-5.500000	0.002383	-0.183333	0.185716	-0.346833 	0.014825
-5.400000	0.002805	-0.180000	0.182805	-0.350074 	0.014942
-5.300000	0.003234	-0.176667	0.179901	-0.353315 	0.015063
-5.200000	0.003670	-0.173333	0.177004	-0.356555 	0.015185
-5.100000	0.004114	-0.170000	0.174114	-0.359793 	0.015311
-5.000000	0.004564	-0.166667	0.171231	-0.363030 	0.015439
-4.900000	0.005022	-0.163333	0.168356	-0.366266 	0.015571
-4.800000	0.005487	-0.160000	0.165487	-0.369499 	0.015705
-4.700000	0.005960	-0.156667	0.162627	-0.372730 	0.015842
-4.600000	0.006440	-0.153333	0.159773	-0.375958 	0.015983
-4.500000	0.006927	-0.150000	0.156927	-0.379183 	0.016128
-4.400000	0.007421	-0.146667	0.154088	-0.382404 	0.016275
-4.300000	0.007923	-0.143333	0.151257	-0.385622 	0.016427
-4.200000	0.008433	-0.140000	0.148433	-0.388836 	0.016583
-4.100000	0.008950	-0.136667	0.145616	-0.392046 	0.016742
-4.000000	0.009474	-0.133333	0.142807	-0.395250 	0.016906
-3.900000	0.010005	-0.130000	0.140005	-0.398450 	0.017074
-3.800000	0.010545	-0.126667	0.137211	-0.401644 	0.017247
-3.700000	0.011091	-0.123333	0.134424	-0.404832 	0.017425
-3.600000	0.011645	-0.120000	0.131645	-0.408013 	0.017608
-3.500000	0.012207	-0.116667	0.128874	-0.411188 	0.017797
-3.400000	0.012776	-0.113333	0.126109	-0.414355 	0.017991
-3.300000	0.013352	-0.110000	0.123352	-0.417513 	0.018190
-3.200000	0.013936	-0.106667	0.120603	-0.420663 	0.018397
-3.100000	0.014528	-0.103333	0.117861	-0.423803 	0.018609
-3.000000	0.015126	-0.100000	0.115126	-0.426933 	0.018829
-2.900000	0.015732	-0.096667	0.112399	-0.430051 	0.019056
-2.800000	0.016346	-0.093333	0.109679	-0.433156 	0.019291
-2.700000	0.016966	-0.090000	0.106966	-0.436246 	0.019534
-2.600000	0.017594	-0.086667	0.104260	-0.439321 	0.019786
-2.500000	0.018228	-0.083333	0.101561	-0.442377 	0.020047
-2.400000	0.018869	-0.080000	0.098869	-0.445413 	0.020318
-2.300000	0.019517	-0.076667	0.096184	-0.448425 	0.020600
-2.200000	0.020172	-0.073333	0.093505	-0.451411 	0.020893
-2.100000	0.020832	-0.070000	0.090832	-0.454366 	0.021198
-2.000000	0.021499	-0.066667	0.088166	-0.457286 	0.021516
-1.900000	0.022171	-0.063333	0.085505	-0.460166 	0.021849
-1.800000	0.022849	-0.060000	0.082849	-0.463000 	0.022196
-1.700000	0.023532	-0.056667	0.080198	-0.465782 	0.022560
-1.600000	0.024219	-0.053333	0.077553	-0.468506 	0.022941
-1.500000	0.024911	-0.050000	0.074911	-0.471163 	0.023342
-1.400000	0.025607	-0.046667	0.072274	-0.473745 	0.023764
-1.300000	0.026307	-0.043333	0.069641	-0.476244 	0.024209
-1.200000	0.027011	-0.040000	0.067011	-0.478650 	0.024680
-1.100000	0.027718	-0.036667	0.064385	-0.480953 	0.025178
-1.000000	0.028428	-0.033333	0.061762	-0.483144 	0.025707
-0.900000	0.029142	-0.030000	0.059142	-0.485210 	0.026271
-0.800000	0.029858	-0.026667	0.056525	-0.487140 	0.026872
-0.700000	0.030578	-0.023333	0.053912	-0.488922 	0.027515
-0.600000	0.031302	-0.020000	0.051302	-0.490540 	0.028207
-0.500000	0.032028	-0.016667	0.048695	-0.491978 	0.028952
-0.400000	0.032759	-0.013333	0.046092	-0.493219 	0.029758
-0.300000	0.033493	-0.010000	0.043493	-0.494240 	0.030634
-0.200000	0.034232	-0.006667	0.040899	-0.495014 	0.031591
-0.100000	0.034976	-0.003333	0.038309	-0.495509 	0.032641
0.000000	0.035724	0.000000	0.035724	-0.495681 	0.033801
0.100000	0.036478	0.003333	0.033145	-0.495477 	0.035092
0.200000	0.037238	0.006667	0.030571	-0.494826 	0.036539
0.300000	0.038003	0.010000	0.028003	-0.493634 	0.038178
0.400000	0.038774	0.013333	0.025441	-0.491770 	0.040055
0.500000	0.039551	0.016667	0.022884	-0.489053 	0.042233
0.600000	0.040333	0.020000	0.020333	-0.485220 	0.044804
0.700000	0.041119	0.023333	0.017785	-0.479876 	0.047906
0.800000	0.041906	0.026667	0.015239	-0.472395 	0.051753
0.900000	0.042689	0.030000	0.012689	-0.461730 	0.056715
1.000000	0.043451	0.033333	0.010118	-0.445952 	0.063515
1.100000	0.044133	0.036667	0.007466	-0.421154 	0.073938
1.200000	0.044563	0.040000	0.004563	-0.380339 	0.094583
1.300000	0.046207	0.043333	0.002873	0.000000 	0.000000
1.400000	0.049351	0.046667	0.002685	0.000000 	0.000000
1.500000	0.052679	0.050000	0.002679	0.000000 	0.000000
1.600000	0.055998	0.053333	0.002665	0.000000 	0.000000
1.700000	0.059321	0.056667	0.002655	0.000000 	0.000000
1.800000	0.062640	0.060000	0.002640	0.000000 	0.000000
1.900000	0.065968	0.063333	0.002635	0.000000 	0.000000
2.000000	0.069288	0.066667	0.002622	0.000000 	0.000000
2.100000	0.072611	0.070000	0.002611	0.000000 	0.000000
2.200000	0.075927	0.073333	0.002593	0.000000 	0.000000
2.300000	0.079249	0.076667	0.002582	0.000000 	0.000000
2.400000	0.082577	0.080000	0.002577	0.000000 	0.000000
2.500000	0.085889	0.083333	0.002555	0.000000 	0.000000
2.600000	0.089210	0.086667	0.002544	0.000000 	0.000000
2.700000	0.092518	0.090000	0.002518	0.000000 	0.000000
2.800000	0.095877	0.093333	0.002544	0.000000 	0.000000
2.900000	0.098752	0.096667	0.002086	0.000000 	0.000000
3.000000	0.100000	0.100000	0.000000	0.000000 	0.000000
3.100000	0.103333	0.103333	0.000000	0.000000 	0.000000
3.200000	0.106667	0.106667	0.000000	0.000000 	0.000000
3.300000	0.110000	0.110000	0.000000	0.000000 	0.000000
3.400000	0.113333	0.113333	0.000000	0.000000 	0.000000
3.500000	0.116667	0.116667	0.000000	0.000000 	0.000000
3.600000	0.120000	0.120000	0.000000	0.000000 	0.000000
3.700000	0.123333	0.123333	0.000000	0.000000 	0.000000
3.800000	0.126667	0.126667	0.000000	0.000000 	0.000000
3.900000	0.130000	0.130000	0.000000	0.000000 	0.000000
4.000000	0.133333	0.133333	0.000000	0.000000 	0.000000
4.100000	0.136667	0.136667	0.000000	0.000000 	0.000000
4.200000	0.140000	0.140000	0.000000	0.000000 	0.000000
4.300000	0.143333	0.143333	0.000000	0.000000 	0.000000
4.400000	0.146667	0.146667	0.000000	0.000000 	0.000000
4.500000	0.150000	0.150000	0.000000	0.000000 	0.000000
4.600000	0.153333	0.153333	0.000000	0.000000 	0.000000
4.700000	0.156667	0.156667	0.000000	0.000000 	0.000000
4.800000	0.160000	0.160000	0.000000	0.000000 	0.000000
4.900000	0.163333	0.163333	0.000000	0.000000 	0.000000
5.000000	0.166667	0.166667	0.000000	0.000000 	0.000000
5.100000	0.170000	0.170000	0.000000	0.000000 	0.000000
5.200000	0.173333	0.173333	0.000000	0.000000 	0.000000
5.300000	0.176667	0.176667	0.000000	0.000000 	0.000000
5.400000	0.180000	0.180000	0.000000	0.000000 	0.000000
5.500000	0.183333	0.183333	0.000000	0.000000 	0.000000
5.600000	0.186667	0.186667	0.000000	0.000000 	0.000000
5.700000	0.190000	0.190000	0.000000	0.000000 	0.000000
5.800000	0.193333	0.193333	0.000000	0.000000 	0.000000
5.900000	0.196667	0.196667	0.000000	0.000000 	0.000000
6.000000	0.200000	0.200000	0.000000	0.000000 	0.000000
6.100000	0.203333	0.203333	0.000000	0.000000 	0.000000
6.200000	0.206667	0.206667	0.000000	0.000000 	0.000000
6.300000	0.210000	0.210000	0.000000	0.000000 	0.000000
6.400000	0.213333	0.213333	0.000000	0.000000 	0.000000
6.500000	0.216667	0.216667	0.000000	0.000000 	0.000000
6.600000	0.220000	0.220000	0.000000	0.000000 	0.000000
6.700000	0.223333	0.223333	0.000000	0.000000 	0.000000
6.800000	0.226667	0.226667	0.000000	0.000000 	0.000000
6.900000	0.230000	0.230000	0.000000	0.000000 	0.000000
7.000000	0.233333	0.233333	0.000000	0.000000 	0.000000
7.100000	0.236667	0.236667	0.000000	0.000000 	0.000000
7.200000	0.240000	0.240000	0.000000	0.000000 	0.000000
7.300000	0.243333	0.243333	0.000000	0.000000 	0.000000
7.400000	0.246667	0.246667	0.000000	0.000000 	0.000000
7.500000	0.250000	0.250000	0.000000	0.000000 	0.000000
7.600000	0.253333	0.253333	0.000000	0.000000 	0.000000
7.700000	0.256667	0.256667	0.000000	0.000000 	0.000000
7.800000	0.260000	0.260000	0.000000	0.000000 	0.000000
7.900000	0.263333	0.263333	0.000000	0.000000 	0.000000
8.000000	0.266667	0.266667	0.000000	0.000000 	0.000000
8.100000	0.270000	0.270000	0.000000	0.000000 	0.000000
8.200000	0.273333	0.273333	0.000000	0.000000 	0.000000
8.300000	0.276667	0.276667	0.000000	0.000000 	0.000000
8.400000	0.280000	0.280000	0.000000	0.000000 	0.000000
8.500000	0.283333	0.283333	0.000000	0.000000 	0.000000
8.600000	0.286667	0.286667	0.000000	0.000000 	0.000000
8.700000	0.290000	0.290000	0.000000	0.000000 	0.000000
8.800000	0.293333	0.293333	0.000000	0.000000 	0.000000
8.900000	0.296667	0.296667	0.000000	0.000000 	0.000000
9.000000	0.300000	0.300000	0.000000	0.000000 	0.000000
9.100000	0.303333	0.303333	0.000000	0.000000 	0.000000
9.200000	0.306667	0.306667	0.000000	0.000000 	0.000000
9.300000	0.310000	0.310000	0.000000	0.000000 	0.000000
9.400000	0.313333	0.313333	0.000000	0.000000 	0.000000
9.500000	0.316667	0.316667	0.000000	0.000000 	0.000000
9.600000	0.320000	0.320000	0.000000	0.000000 	0.000000
9.700000	0.323333	0.323333	0.000000	0.000000 	0.000000
9.800000	0.326667	0.326667	0.000000	0.000000 	0.000000
9.900000	0.330000	0.330000	0.000000	0.000000 	0.000000
