VARIABLES = X,Ksi,B,H,U,tau 
ZONE T="Time 50.000000", I=1100, DATAPACKING=POINT
-100.000000	-0.009022	-3.333333	3.324311	-0.003091 	0.003504
-99.900000	-0.002139	-3.330000	3.327861	-0.014745 	0.003502
-99.800000	-0.004932	-3.326667	3.321735	-0.009786 	0.003505
-99.700000	-0.003585	-3.323333	3.319748	-0.011937 	0.003506
-99.600000	-0.004008	-3.320000	3.315992	-0.011046 	0.003508
-99.500000	-0.003674	-3.316667	3.312993	-0.011457 	0.003510
-99.400000	-0.003663	-3.313333	3.309670	-0.011310 	0.003512
-99.300000	-0.003514	-3.310000	3.306486	-0.011401 	0.003513
-99.200000	-0.003424	-3.306667	3.303243	-0.011390 	0.003515
-99.100000	-0.003308	-3.303333	3.300025	-0.011423 	0.003517
-99.000000	-0.003203	-3.300000	3.296797	-0.011436 	0.003519
-98.900000	-0.003093	-3.296667	3.293574	-0.011457 	0.003520
-98.800000	-0.002986	-3.293333	3.290347	-0.011475 	0.003522
-98.700000	-0.002877	-3.290000	3.287123	-0.011494 	0.003524
-98.600000	-0.002768	-3.286667	3.283899	-0.011511 	0.003526
-98.500000	-0.002659	-3.283333	3.280674	-0.011529 	0.003527
-98.400000	-0.002550	-3.280000	3.277450	-0.011547 	0.003529
-98.300000	-0.002440	-3.276667	3.274227	-0.011564 	0.003531
-98.200000	-0.002331	-3.273333	3.271002	-0.011581 	0.003532
-98.100000	-0.002222	-3.270000	3.267778	-0.011598 	0.003534
-98.000000	-0.002112	-3.266667	3.264555	-0.011614 	0.003536
-97.900000	-0.002002	-3.263333	3.261331	-0.011631 	0.003538
-97.800000	-0.001892	-3.260000	3.258108	-0.011647 	0.003539
-97.700000	-0.001782	-3.256667	3.254885	-0.011662 	0.003541
-97.600000	-0.001672	-3.253333	3.251661	-0.011678 	0.003543
-97.500000	-0.001562	-3.250000	3.248438	-0.011693 	0.003545
-97.400000	-0.001451	-3.246667	3.245216	-0.011708 	0.003546
-97.300000	-0.001341	-3.243333	3.241992	-0.011723 	0.003548
-97.200000	-0.001230	-3.240000	3.238770	-0.011737 	0.003550
-97.100000	-0.001119	-3.236667	3.235548	-0.011751 	0.003552
-97.000000	-0.001008	-3.233333	3.232325	-0.011765 	0.003554
-96.900000	-0.000897	-3.230000	3.229103	-0.011779 	0.003555
-96.800000	-0.000786	-3.226667	3.225881	-0.011792 	0.003557
-96.700000	-0.000675	-3.223333	3.222658	-0.011805 	0.003559
-96.600000	-0.000563	-3.220000	3.219437	-0.011818 	0.003561
-96.500000	-0.000452	-3.216667	3.216215	-0.011830 	0.003562
-96.400000	-0.000340	-3.213333	3.212993	-0.011843 	0.003564
-96.300000	-0.000229	-3.210000	3.209771	-0.011855 	0.003566
-96.200000	-0.000117	-3.206667	3.206550	-0.011866 	0.003568
-96.100000	-0.000005	-3.203333	3.203328	-0.011878 	0.003570
-96.000000	0.000107	-3.200000	3.200107	-0.011889 	0.003571
-95.900000	0.000219	-3.196667	3.196886	-0.011900 	0.003573
-95.800000	0.000332	-3.193333	3.193665	-0.011910 	0.003575
-95.700000	0.000444	-3.190000	3.190444	-0.011920 	0.003577
-95.600000	0.000556	-3.186667	3.187223	-0.011930 	0.003579
-95.500000	0.000669	-3.183333	3.184002	-0.011940 	0.003580
-95.400000	0.000781	-3.180000	3.180781	-0.011950 	0.003582
-95.300000	0.000894	-3.176667	3.177561	-0.011959 	0.003584
-95.200000	0.001007	-3.173333	3.174340	-0.011968 	0.003586
-95.100000	0.001120	-3.170000	3.171120	-0.011976 	0.003588
-95.000000	0.001233	-3.166667	3.167900	-0.011985 	0.003589
-94.900000	0.001346	-3.163333	3.164679	-0.011993 	0.003591
-94.800000	0.001459	-3.160000	3.161459	-0.012000 	0.003593
-94.700000	0.001572	-3.156667	3.158239	-0.012008 	0.003595
-94.600000	0.001685	-3.153333	3.155018	-0.012015 	0.003597
-94.500000	0.001798	-3.150000	3.151798	-0.012022 	0.003599
-94.400000	0.001912	-3.146667	3.148579	-0.012029 	0.003600
-94.300000	0.002025	-3.143333	3.145358	-0.012035 	0.003602
-94.200000	0.002139	-3.140000	3.142139	-0.012041 	0.003604
-94.100000	0.002252	-3.136667	3.138919	-0.012047 	0.003606
-94.000000	0.002366	-3.133333	3.135699	-0.012052 	0.003608
-93.900000	0.002480	-3.130000	3.132480	-0.012057 	0.003610
-93.800000	0.002593	-3.126667	3.129260	-0.012062 	0.003612
-93.700000	0.002707	-3.123333	3.126040	-0.012067 	0.003613
-93.600000	0.002821	-3.120000	3.122821	-0.012071 	0.003615
-93.500000	0.002935	-3.116667	3.119602	-0.012075 	0.003617
-93.400000	0.003049	-3.113333	3.116382	-0.012078 	0.003619
-93.300000	0.003163	-3.110000	3.113163	-0.012082 	0.003621
-93.200000	0.003277	-3.106667	3.109944	-0.012085 	0.003623
-93.100000	0.003391	-3.103333	3.106724	-0.012088 	0.003625
-93.000000	0.003506	-3.100000	3.103506	-0.012090 	0.003627
-92.900000	0.003620	-3.096667	3.100287	-0.012092 	0.003628
-92.800000	0.003734	-3.093333	3.097067	-0.012094 	0.003630
-92.700000	0.003848	-3.090000	3.093848	-0.012096 	0.003632
-92.600000	0.003963	-3.086667	3.090630	-0.012097 	0.003634
-92.500000	0.004077	-3.083333	3.087410	-0.012098 	0.003636
-92.400000	0.004192	-3.080000	3.084192	-0.012099 	0.003638
-92.300000	0.004306	-3.076667	3.080973	-0.012099 	0.003640
-92.200000	0.004421	-3.073333	3.077754	-0.012099 	0.003642
-92.100000	0.004535	-3.070000	3.074535	-0.012099 	0.003644
-92.000000	0.004650	-3.066667	3.071317	-0.012098 	0.003645
-91.900000	0.004764	-3.063333	3.068097	-0.012097 	0.003647
-91.800000	0.004879	-3.060000	3.064879	-0.012096 	0.003649
-91.700000	0.004993	-3.056667	3.061660	-0.012095 	0.003651
-91.600000	0.005108	-3.053333	3.058441	-0.012093 	0.003653
-91.500000	0.005223	-3.050000	3.055223	-0.012091 	0.003655
-91.400000	0.005337	-3.046667	3.052004	-0.012089 	0.003657
-91.300000	0.005452	-3.043333	3.048785	-0.012086 	0.003659
-91.200000	0.005566	-3.040000	3.045566	-0.012083 	0.003661
-91.100000	0.005681	-3.036667	3.042348	-0.012080 	0.003663
-91.000000	0.005796	-3.033333	3.039129	-0.012077 	0.003665
-90.900000	0.005910	-3.030000	3.035910	-0.012073 	0.003667
-90.800000	0.006025	-3.026667	3.032692	-0.012069 	0.003669
-90.700000	0.006139	-3.023333	3.029472	-0.012064 	0.003671
-90.600000	0.006254	-3.020000	3.026254	-0.012060 	0.003673
-90.500000	0.006369	-3.016667	3.023036	-0.012055 	0.003674
-90.400000	0.006483	-3.013333	3.019816	-0.012049 	0.003676
-90.300000	0.006598	-3.010000	3.016598	-0.012044 	0.003678
-90.200000	0.006713	-3.006667	3.013380	-0.012038 	0.003680
-90.100000	0.006827	-3.003333	3.010160	-0.012031 	0.003682
-90.000000	0.006942	-3.000000	3.006942	-0.012025 	0.003684
-89.900000	0.007056	-2.996667	3.003723	-0.012018 	0.003686
-89.800000	0.007171	-2.993333	3.000504	-0.012010 	0.003688
-89.700000	0.007285	-2.990000	2.997285	-0.012003 	0.003690
-89.600000	0.007400	-2.986667	2.994067	-0.011995 	0.003692
-89.500000	0.007514	-2.983333	2.990847	-0.011987 	0.003694
-89.400000	0.007629	-2.980000	2.987629	-0.011978 	0.003696
-89.300000	0.007743	-2.976667	2.984410	-0.011969 	0.003698
-89.200000	0.007858	-2.973333	2.981191	-0.011960 	0.003700
-89.100000	0.007972	-2.970000	2.977972	-0.011951 	0.003702
-89.000000	0.008086	-2.966667	2.974753	-0.011941 	0.003704
-88.900000	0.008201	-2.963333	2.971534	-0.011931 	0.003706
-88.800000	0.008315	-2.960000	2.968315	-0.011920 	0.003708
-88.700000	0.008429	-2.956667	2.965096	-0.011910 	0.003710
-88.600000	0.008543	-2.953333	2.961876	-0.011898 	0.003712
-88.500000	0.008658	-2.950000	2.958658	-0.011887 	0.003714
-88.400000	0.008772	-2.946667	2.955439	-0.011875 	0.003716
-88.300000	0.008886	-2.943333	2.952219	-0.011863 	0.003718
-88.200000	0.009000	-2.940000	2.949000	-0.011851 	0.003720
-88.100000	0.009114	-2.936667	2.945781	-0.011838 	0.003722
-88.000000	0.009227	-2.933333	2.942560	-0.011825 	0.003724
-87.900000	0.009341	-2.930000	2.939341	-0.011812 	0.003726
-87.800000	0.009455	-2.926667	2.936122	-0.011798 	0.003728
-87.700000	0.009569	-2.923333	2.932902	-0.011784 	0.003731
-87.600000	0.009682	-2.920000	2.929682	-0.011770 	0.003733
-87.500000	0.009796	-2.916667	2.926463	-0.011755 	0.003735
-87.400000	0.009909	-2.913333	2.923242	-0.011740 	0.003737
-87.300000	0.010023	-2.910000	2.920023	-0.011725 	0.003739
-87.200000	0.010136	-2.906667	2.916803	-0.011710 	0.003741
-87.100000	0.010249	-2.903333	2.913582	-0.011694 	0.003743
-87.000000	0.010363	-2.900000	2.910363	-0.011677 	0.003745
-86.900000	0.010476	-2.896667	2.907143	-0.011661 	0.003747
-86.800000	0.010589	-2.893333	2.903922	-0.011644 	0.003749
-86.700000	0.010702	-2.890000	2.900702	-0.011627 	0.003751
-86.600000	0.010814	-2.886667	2.897481	-0.011609 	0.003753
-86.500000	0.010927	-2.883333	2.894260	-0.011591 	0.003755
-86.400000	0.011040	-2.880000	2.891040	-0.011573 	0.003757
-86.300000	0.011152	-2.876667	2.887819	-0.011555 	0.003760
-86.200000	0.011265	-2.873333	2.884598	-0.011536 	0.003762
-86.100000	0.011377	-2.870000	2.881377	-0.011517 	0.003764
-86.000000	0.011489	-2.866667	2.878156	-0.011497 	0.003766
-85.900000	0.011601	-2.863333	2.874934	-0.011477 	0.003768
-85.800000	0.011713	-2.860000	2.871713	-0.011457 	0.003770
-85.700000	0.011825	-2.856667	2.868492	-0.011437 	0.003772
-85.600000	0.011937	-2.853333	2.865270	-0.011416 	0.003774
-85.500000	0.012049	-2.850000	2.862049	-0.011395 	0.003776
-85.400000	0.012160	-2.846667	2.858827	-0.011373 	0.003779
-85.300000	0.012272	-2.843333	2.855605	-0.011351 	0.003781
-85.200000	0.012383	-2.840000	2.852383	-0.011329 	0.003783
-85.100000	0.012494	-2.836667	2.849161	-0.011307 	0.003785
-85.000000	0.012606	-2.833333	2.845939	-0.011284 	0.003787
-84.900000	0.012717	-2.830000	2.842717	-0.011261 	0.003789
-84.800000	0.012827	-2.826667	2.839494	-0.011237 	0.003791
-84.700000	0.012938	-2.823333	2.836271	-0.011214 	0.003794
-84.600000	0.013049	-2.820000	2.833049	-0.011190 	0.003796
-84.500000	0.013159	-2.816667	2.829826	-0.011165 	0.003798
-84.400000	0.013269	-2.813333	2.826602	-0.011140 	0.003800
-84.300000	0.013379	-2.810000	2.823379	-0.011115 	0.003802
-84.200000	0.013489	-2.806667	2.820156	-0.011090 	0.003804
-84.100000	0.013599	-2.803333	2.816932	-0.011064 	0.003807
-84.000000	0.013709	-2.800000	2.813709	-0.011038 	0.003809
-83.900000	0.013818	-2.796667	2.810485	-0.011011 	0.003811
-83.800000	0.013928	-2.793333	2.807261	-0.010985 	0.003813
-83.700000	0.014037	-2.790000	2.804037	-0.010957 	0.003815
-83.600000	0.014146	-2.786667	2.800813	-0.010930 	0.003817
-83.500000	0.014255	-2.783333	2.797588	-0.010902 	0.003820
-83.400000	0.014364	-2.780000	2.794364	-0.010874 	0.003822
-83.300000	0.014472	-2.776667	2.791139	-0.010846 	0.003824
-83.200000	0.014581	-2.773333	2.787914	-0.010817 	0.003826
-83.100000	0.014689	-2.770000	2.784689	-0.010788 	0.003828
-83.000000	0.014797	-2.766667	2.781464	-0.010758 	0.003831
-82.900000	0.014905	-2.763333	2.778238	-0.010728 	0.003833
-82.800000	0.015012	-2.760000	2.775012	-0.010698 	0.003835
-82.700000	0.015120	-2.756667	2.771787	-0.010668 	0.003837
-82.600000	0.015227	-2.753333	2.768560	-0.010637 	0.003840
-82.500000	0.015334	-2.750000	2.765334	-0.010606 	0.003842
-82.400000	0.015441	-2.746667	2.762108	-0.010574 	0.003844
-82.300000	0.015548	-2.743333	2.758881	-0.010543 	0.003846
-82.200000	0.015654	-2.740000	2.755654	-0.010511 	0.003849
-82.100000	0.015761	-2.736667	2.752428	-0.010478 	0.003851
-82.000000	0.015867	-2.733333	2.749200	-0.010445 	0.003853
-81.900000	0.015973	-2.730000	2.745973	-0.010412 	0.003855
-81.800000	0.016079	-2.726667	2.742746	-0.010379 	0.003858
-81.700000	0.016184	-2.723333	2.739517	-0.010345 	0.003860
-81.600000	0.016289	-2.720000	2.736289	-0.010311 	0.003862
-81.500000	0.016394	-2.716667	2.733061	-0.010276 	0.003864
-81.400000	0.016499	-2.713333	2.729832	-0.010241 	0.003867
-81.300000	0.016604	-2.710000	2.726604	-0.010206 	0.003869
-81.200000	0.016708	-2.706667	2.723375	-0.010171 	0.003871
-81.100000	0.016813	-2.703333	2.720146	-0.010135 	0.003874
-81.000000	0.016917	-2.700000	2.716917	-0.010099 	0.003876
-80.900000	0.017020	-2.696667	2.713687	-0.010062 	0.003878
-80.800000	0.017124	-2.693333	2.710457	-0.010025 	0.003881
-80.700000	0.017227	-2.690000	2.707227	-0.009988 	0.003883
-80.600000	0.017330	-2.686667	2.703997	-0.009951 	0.003885
-80.500000	0.017433	-2.683333	2.700766	-0.009913 	0.003888
-80.400000	0.017536	-2.680000	2.697536	-0.009875 	0.003890
-80.300000	0.017638	-2.676667	2.694305	-0.009836 	0.003892
-80.200000	0.017740	-2.673333	2.691073	-0.009797 	0.003895
-80.100000	0.017842	-2.670000	2.687842	-0.009758 	0.003897
-80.000000	0.017943	-2.666667	2.684610	-0.009719 	0.003899
-79.900000	0.018045	-2.663333	2.681378	-0.009679 	0.003902
-79.800000	0.018146	-2.660000	2.678146	-0.009639 	0.003904
-79.700000	0.018247	-2.656667	2.674914	-0.009598 	0.003906
-79.600000	0.018347	-2.653333	2.671680	-0.009557 	0.003909
-79.500000	0.018447	-2.650000	2.668447	-0.009516 	0.003911
-79.400000	0.018547	-2.646667	2.665214	-0.009475 	0.003913
-79.300000	0.018647	-2.643333	2.661980	-0.009433 	0.003916
-79.200000	0.018747	-2.640000	2.658747	-0.009391 	0.003918
-79.100000	0.018846	-2.636667	2.655513	-0.009348 	0.003921
-79.000000	0.018945	-2.633333	2.652278	-0.009306 	0.003923
-78.900000	0.019043	-2.630000	2.649043	-0.009262 	0.003925
-78.800000	0.019142	-2.626667	2.645809	-0.009219 	0.003928
-78.700000	0.019240	-2.623333	2.642573	-0.009175 	0.003930
-78.600000	0.019337	-2.620000	2.639337	-0.009131 	0.003933
-78.500000	0.019435	-2.616667	2.636102	-0.009087 	0.003935
-78.400000	0.019532	-2.613333	2.632865	-0.009042 	0.003937
-78.300000	0.019629	-2.610000	2.629629	-0.008997 	0.003940
-78.200000	0.019725	-2.606667	2.626392	-0.008951 	0.003942
-78.100000	0.019822	-2.603333	2.623155	-0.008905 	0.003945
-78.000000	0.019918	-2.600000	2.619918	-0.008859 	0.003947
-77.900000	0.020013	-2.596667	2.616680	-0.008813 	0.003949
-77.800000	0.020109	-2.593333	2.613442	-0.008766 	0.003952
-77.700000	0.020204	-2.590000	2.610204	-0.008719 	0.003954
-77.600000	0.020298	-2.586667	2.606965	-0.008672 	0.003957
-77.500000	0.020393	-2.583333	2.603726	-0.008624 	0.003959
-77.400000	0.020487	-2.580000	2.600487	-0.008576 	0.003962
-77.300000	0.020580	-2.576667	2.597247	-0.008527 	0.003964
-77.200000	0.020674	-2.573333	2.594007	-0.008479 	0.003967
-77.100000	0.020767	-2.570000	2.590767	-0.008430 	0.003969
-77.000000	0.020860	-2.566667	2.587527	-0.008380 	0.003972
-76.900000	0.020952	-2.563333	2.584285	-0.008331 	0.003974
-76.800000	0.021044	-2.560000	2.581044	-0.008281 	0.003977
-76.700000	0.021136	-2.556667	2.577803	-0.008230 	0.003979
-76.600000	0.021227	-2.553333	2.574560	-0.008180 	0.003982
-76.500000	0.021318	-2.550000	2.571318	-0.008129 	0.003984
-76.400000	0.021409	-2.546667	2.568076	-0.008077 	0.003987
-76.300000	0.021499	-2.543333	2.564832	-0.008026 	0.003989
-76.200000	0.021589	-2.540000	2.561589	-0.007974 	0.003992
-76.100000	0.021679	-2.536667	2.558346	-0.007921 	0.003994
-76.000000	0.021768	-2.533333	2.555101	-0.007869 	0.003997
-75.900000	0.021857	-2.530000	2.551857	-0.007816 	0.003999
-75.800000	0.021945	-2.526667	2.548612	-0.007763 	0.004002
-75.700000	0.022033	-2.523333	2.545366	-0.007709 	0.004004
-75.600000	0.022121	-2.520000	2.542121	-0.007655 	0.004007
-75.500000	0.022208	-2.516667	2.538875	-0.007601 	0.004010
-75.400000	0.022295	-2.513333	2.535628	-0.007547 	0.004012
-75.300000	0.022382	-2.510000	2.532382	-0.007492 	0.004015
-75.200000	0.022468	-2.506667	2.529135	-0.007437 	0.004017
-75.100000	0.022554	-2.503333	2.525887	-0.007381 	0.004020
-75.000000	0.022639	-2.500000	2.522639	-0.007325 	0.004022
-74.900000	0.022725	-2.496667	2.519392	-0.007269 	0.004025
-74.800000	0.022809	-2.493333	2.516142	-0.007213 	0.004028
-74.700000	0.022893	-2.490000	2.512893	-0.007156 	0.004030
-74.600000	0.022977	-2.486667	2.509644	-0.007099 	0.004033
-74.500000	0.023061	-2.483333	2.506394	-0.007042 	0.004035
-74.400000	0.023144	-2.480000	2.503144	-0.006984 	0.004038
-74.300000	0.023226	-2.476667	2.499893	-0.006926 	0.004041
-74.200000	0.023309	-2.473333	2.496642	-0.006868 	0.004043
-74.100000	0.023390	-2.470000	2.493390	-0.006809 	0.004046
-74.000000	0.023472	-2.466667	2.490139	-0.006750 	0.004049
-73.900000	0.023553	-2.463333	2.486886	-0.006691 	0.004051
-73.800000	0.023633	-2.460000	2.483633	-0.006632 	0.004054
-73.700000	0.023713	-2.456667	2.480380	-0.006572 	0.004057
-73.600000	0.023793	-2.453333	2.477126	-0.006512 	0.004059
-73.500000	0.023872	-2.450000	2.473872	-0.006451 	0.004062
-73.400000	0.023951	-2.446667	2.470618	-0.006390 	0.004065
-73.300000	0.024029	-2.443333	2.467362	-0.006329 	0.004067
-73.200000	0.024107	-2.440000	2.464107	-0.006268 	0.004070
-73.100000	0.024184	-2.436667	2.460851	-0.006206 	0.004073
-73.000000	0.024261	-2.433333	2.457594	-0.006144 	0.004075
-72.900000	0.024338	-2.430000	2.454338	-0.006082 	0.004078
-72.800000	0.024414	-2.426667	2.451081	-0.006019 	0.004081
-72.700000	0.024490	-2.423333	2.447823	-0.005957 	0.004083
-72.600000	0.024565	-2.420000	2.444565	-0.005893 	0.004086
-72.500000	0.024639	-2.416667	2.441306	-0.005830 	0.004089
-72.400000	0.024714	-2.413333	2.438047	-0.005766 	0.004092
-72.300000	0.024787	-2.410000	2.434787	-0.005702 	0.004094
-72.200000	0.024861	-2.406667	2.431528	-0.005638 	0.004097
-72.100000	0.024933	-2.403333	2.428266	-0.005573 	0.004100
-72.000000	0.025006	-2.400000	2.425006	-0.005508 	0.004103
-71.900000	0.025078	-2.396667	2.421745	-0.005443 	0.004105
-71.800000	0.025149	-2.393333	2.418482	-0.005377 	0.004108
-71.700000	0.025220	-2.390000	2.415220	-0.005311 	0.004111
-71.600000	0.025290	-2.386667	2.411957	-0.005245 	0.004114
-71.500000	0.025360	-2.383333	2.408693	-0.005178 	0.004116
-71.400000	0.025429	-2.380000	2.405429	-0.005112 	0.004119
-71.300000	0.025498	-2.376667	2.402165	-0.005045 	0.004122
-71.200000	0.025566	-2.373333	2.398899	-0.004977 	0.004125
-71.100000	0.025634	-2.370000	2.395634	-0.004910 	0.004128
-71.000000	0.025701	-2.366667	2.392368	-0.004842 	0.004131
-70.900000	0.025768	-2.363333	2.389101	-0.004774 	0.004133
-70.800000	0.025835	-2.360000	2.385835	-0.004705 	0.004136
-70.700000	0.025900	-2.356667	2.382567	-0.004636 	0.004139
-70.600000	0.025966	-2.353333	2.379299	-0.004567 	0.004142
-70.500000	0.026030	-2.350000	2.376030	-0.004498 	0.004145
-70.400000	0.026094	-2.346667	2.372761	-0.004428 	0.004148
-70.300000	0.026158	-2.343333	2.369491	-0.004358 	0.004150
-70.200000	0.026221	-2.340000	2.366221	-0.004288 	0.004153
-70.100000	0.026284	-2.336667	2.362951	-0.004217 	0.004156
-70.000000	0.026346	-2.333333	2.359679	-0.004147 	0.004159
-69.900000	0.026407	-2.330000	2.356407	-0.004076 	0.004162
-69.800000	0.026468	-2.326667	2.353135	-0.004004 	0.004165
-69.700000	0.026528	-2.323333	2.349861	-0.003933 	0.004168
-69.600000	0.026588	-2.320000	2.346588	-0.003861 	0.004171
-69.500000	0.026647	-2.316667	2.343314	-0.003789 	0.004174
-69.400000	0.026706	-2.313333	2.340039	-0.003716 	0.004176
-69.300000	0.026764	-2.310000	2.336764	-0.003643 	0.004179
-69.200000	0.026822	-2.306667	2.333489	-0.003570 	0.004182
-69.100000	0.026879	-2.303333	2.330212	-0.003497 	0.004185
-69.000000	0.026935	-2.300000	2.326935	-0.003423 	0.004188
-68.900000	0.026991	-2.296667	2.323658	-0.003350 	0.004191
-68.800000	0.027046	-2.293333	2.320379	-0.003276 	0.004194
-68.700000	0.027101	-2.290000	2.317101	-0.003201 	0.004197
-68.600000	0.027155	-2.286667	2.313822	-0.003126 	0.004200
-68.500000	0.027208	-2.283333	2.310541	-0.003052 	0.004203
-68.400000	0.027261	-2.280000	2.307261	-0.002976 	0.004206
-68.300000	0.027313	-2.276667	2.303980	-0.002901 	0.004209
-68.200000	0.027365	-2.273333	2.300698	-0.002825 	0.004212
-68.100000	0.027416	-2.270000	2.297416	-0.002749 	0.004215
-68.000000	0.027466	-2.266667	2.294133	-0.002673 	0.004218
-67.900000	0.027516	-2.263333	2.290849	-0.002597 	0.004221
-67.800000	0.027565	-2.260000	2.287565	-0.002520 	0.004224
-67.700000	0.027614	-2.256667	2.284281	-0.002443 	0.004227
-67.600000	0.027662	-2.253333	2.280995	-0.002365 	0.004230
-67.500000	0.027709	-2.250000	2.277709	-0.002288 	0.004233
-67.400000	0.027756	-2.246667	2.274423	-0.002210 	0.004236
-67.300000	0.027802	-2.243333	2.271135	-0.002132 	0.004239
-67.200000	0.027847	-2.240000	2.267847	-0.002054 	0.004242
-67.100000	0.027892	-2.236667	2.264559	-0.001975 	0.004245
-67.000000	0.027936	-2.233333	2.261269	-0.001896 	0.004249
-66.900000	0.027980	-2.230000	2.257980	-0.001817 	0.004252
-66.800000	0.028023	-2.226667	2.254690	-0.001738 	0.004255
-66.700000	0.028065	-2.223333	2.251398	-0.001658 	0.004258
-66.600000	0.028106	-2.220000	2.248106	-0.001579 	0.004261
-66.500000	0.028147	-2.216667	2.244814	-0.001499 	0.004264
-66.400000	0.028187	-2.213333	2.241520	-0.001418 	0.004267
-66.300000	0.028227	-2.210000	2.238227	-0.001338 	0.004270
-66.200000	0.028266	-2.206667	2.234933	-0.001257 	0.004274
-66.100000	0.028304	-2.203333	2.231637	-0.001176 	0.004277
-66.000000	0.028342	-2.200000	2.228342	-0.001094 	0.004280
-65.900000	0.028378	-2.196667	2.225045	-0.001013 	0.004283
-65.800000	0.028415	-2.193333	2.221748	-0.000931 	0.004286
-65.700000	0.028450	-2.190000	2.218450	-0.000849 	0.004289
-65.600000	0.028485	-2.186667	2.215152	-0.000767 	0.004293
-65.500000	0.028519	-2.183333	2.211852	-0.000684 	0.004296
-65.400000	0.028552	-2.180000	2.208552	-0.000601 	0.004299
-65.300000	0.028585	-2.176667	2.205252	-0.000518 	0.004302
-65.200000	0.028617	-2.173333	2.201950	-0.000435 	0.004305
-65.100000	0.028648	-2.170000	2.198648	-0.000352 	0.004309
-65.000000	0.028679	-2.166667	2.195346	-0.000268 	0.004312
-64.900000	0.028708	-2.163333	2.192041	-0.000184 	0.004315
-64.800000	0.028738	-2.160000	2.188738	-0.000100 	0.004318
-64.700000	0.028766	-2.156667	2.185433	-0.000016 	0.004322
-64.600000	0.028794	-2.153333	2.182127	0.000069 	0.004325
-64.500000	0.028820	-2.150000	2.178820	0.000154 	0.004328
-64.400000	0.028847	-2.146667	2.175514	0.000239 	0.004331
-64.300000	0.028872	-2.143333	2.172205	0.000324 	0.004335
-64.200000	0.028897	-2.140000	2.168897	0.000410 	0.004338
-64.100000	0.028921	-2.136667	2.165588	0.000496 	0.004341
-64.000000	0.028944	-2.133333	2.162277	0.000582 	0.004345
-63.900000	0.028966	-2.130000	2.158966	0.000668 	0.004348
-63.800000	0.028988	-2.126667	2.155655	0.000754 	0.004351
-63.700000	0.029009	-2.123333	2.152342	0.000841 	0.004355
-63.600000	0.029029	-2.120000	2.149029	0.000928 	0.004358
-63.500000	0.029048	-2.116667	2.145715	0.001015 	0.004361
-63.400000	0.029067	-2.113333	2.142400	0.001103 	0.004365
-63.300000	0.029085	-2.110000	2.139085	0.001190 	0.004368
-63.200000	0.029102	-2.106667	2.135769	0.001278 	0.004372
-63.100000	0.029118	-2.103333	2.132451	0.001366 	0.004375
-63.000000	0.029134	-2.100000	2.129134	0.001454 	0.004378
-62.900000	0.029148	-2.096667	2.125815	0.001543 	0.004382
-62.800000	0.029162	-2.093333	2.122495	0.001631 	0.004385
-62.700000	0.029175	-2.090000	2.119175	0.001720 	0.004389
-62.600000	0.029188	-2.086667	2.115855	0.001809 	0.004392
-62.500000	0.029199	-2.083333	2.112532	0.001899 	0.004396
-62.400000	0.029210	-2.080000	2.109210	0.001988 	0.004399
-62.300000	0.029220	-2.076667	2.105887	0.002078 	0.004403
-62.200000	0.029229	-2.073333	2.102562	0.002168 	0.004406
-62.100000	0.029237	-2.070000	2.099237	0.002258 	0.004409
-62.000000	0.029244	-2.066667	2.095911	0.002349 	0.004413
-61.900000	0.029251	-2.063333	2.092584	0.002439 	0.004416
-61.800000	0.029257	-2.060000	2.089257	0.002530 	0.004420
-61.700000	0.029261	-2.056667	2.085928	0.002621 	0.004424
-61.600000	0.029265	-2.053333	2.082598	0.002712 	0.004427
-61.500000	0.029269	-2.050000	2.079269	0.002804 	0.004431
-61.400000	0.029271	-2.046667	2.075938	0.002896 	0.004434
-61.300000	0.029272	-2.043333	2.072605	0.002987 	0.004438
-61.200000	0.029273	-2.040000	2.069273	0.003080 	0.004441
-61.100000	0.029273	-2.036667	2.065940	0.003172 	0.004445
-61.000000	0.029272	-2.033333	2.062605	0.003264 	0.004448
-60.900000	0.029270	-2.030000	2.059270	0.003357 	0.004452
-60.800000	0.029267	-2.026667	2.055934	0.003450 	0.004456
-60.700000	0.029263	-2.023333	2.052596	0.003543 	0.004459
-60.600000	0.029258	-2.020000	2.049258	0.003637 	0.004463
-60.500000	0.029253	-2.016667	2.045920	0.003730 	0.004467
-60.400000	0.029247	-2.013333	2.042580	0.003824 	0.004470
-60.300000	0.029239	-2.010000	2.039239	0.003918 	0.004474
-60.200000	0.029231	-2.006667	2.035898	0.004013 	0.004478
-60.100000	0.029222	-2.003333	2.032555	0.004107 	0.004481
-60.000000	0.029212	-2.000000	2.029212	0.004202 	0.004485
-59.900000	0.029201	-1.996667	2.025868	0.004297 	0.004489
-59.800000	0.029189	-1.993333	2.022522	0.004392 	0.004492
-59.700000	0.029176	-1.990000	2.019176	0.004487 	0.004496
-59.600000	0.029163	-1.986667	2.015830	0.004583 	0.004500
-59.500000	0.029148	-1.983333	2.012481	0.004678 	0.004504
-59.400000	0.029132	-1.980000	2.009132	0.004774 	0.004507
-59.300000	0.029116	-1.976667	2.005783	0.004870 	0.004511
-59.200000	0.029098	-1.973333	2.002431	0.004967 	0.004515
-59.100000	0.029080	-1.970000	1.999080	0.005063 	0.004519
-59.000000	0.029061	-1.966667	1.995728	0.005160 	0.004522
-58.900000	0.029040	-1.963333	1.992373	0.005257 	0.004526
-58.800000	0.029019	-1.960000	1.989019	0.005355 	0.004530
-58.700000	0.028997	-1.956667	1.985664	0.005452 	0.004534
-58.600000	0.028974	-1.953333	1.982307	0.005550 	0.004538
-58.500000	0.028949	-1.950000	1.978949	0.005648 	0.004542
-58.400000	0.028924	-1.946667	1.975591	0.005746 	0.004545
-58.300000	0.028898	-1.943333	1.972231	0.005844 	0.004549
-58.200000	0.028871	-1.940000	1.968871	0.005943 	0.004553
-58.100000	0.028843	-1.936667	1.965510	0.006042 	0.004557
-58.000000	0.028814	-1.933333	1.962147	0.006141 	0.004561
-57.900000	0.028784	-1.930000	1.958784	0.006240 	0.004565
-57.800000	0.028752	-1.926667	1.955419	0.006339 	0.004569
-57.700000	0.028720	-1.923333	1.952053	0.006439 	0.004573
-57.600000	0.028687	-1.920000	1.948687	0.006539 	0.004577
-57.500000	0.028653	-1.916667	1.945320	0.006639 	0.004581
-57.400000	0.028618	-1.913333	1.941951	0.006739 	0.004585
-57.300000	0.028581	-1.910000	1.938581	0.006840 	0.004589
-57.200000	0.028544	-1.906667	1.935211	0.006941 	0.004593
-57.100000	0.028506	-1.903333	1.931839	0.007042 	0.004597
-57.000000	0.028467	-1.900000	1.928467	0.007143 	0.004601
-56.900000	0.028426	-1.896667	1.925093	0.007244 	0.004605
-56.800000	0.028385	-1.893333	1.921718	0.007346 	0.004609
-56.700000	0.028342	-1.890000	1.918342	0.007448 	0.004613
-56.600000	0.028299	-1.886667	1.914966	0.007550 	0.004617
-56.500000	0.028254	-1.883333	1.911587	0.007653 	0.004621
-56.400000	0.028209	-1.880000	1.908209	0.007755 	0.004625
-56.300000	0.028162	-1.876667	1.904829	0.007858 	0.004629
-56.200000	0.028114	-1.873333	1.901447	0.007961 	0.004633
-56.100000	0.028065	-1.870000	1.898065	0.008064 	0.004637
-56.000000	0.028015	-1.866667	1.894682	0.008168 	0.004641
-55.900000	0.027964	-1.863333	1.891297	0.008271 	0.004646
-55.800000	0.027912	-1.860000	1.887912	0.008375 	0.004650
-55.700000	0.027859	-1.856667	1.884526	0.008480 	0.004654
-55.600000	0.027804	-1.853333	1.881137	0.008584 	0.004658
-55.500000	0.027749	-1.850000	1.877749	0.008689 	0.004662
-55.400000	0.027693	-1.846667	1.874360	0.008793 	0.004666
-55.300000	0.027635	-1.843333	1.870968	0.008898 	0.004671
-55.200000	0.027576	-1.840000	1.867576	0.009004 	0.004675
-55.100000	0.027516	-1.836667	1.864183	0.009109 	0.004679
-55.000000	0.027455	-1.833333	1.860788	0.009215 	0.004683
-54.900000	0.027393	-1.830000	1.857393	0.009321 	0.004688
-54.800000	0.027330	-1.826667	1.853997	0.009427 	0.004692
-54.700000	0.027266	-1.823333	1.850599	0.009533 	0.004696
-54.600000	0.027200	-1.820000	1.847200	0.009640 	0.004701
-54.500000	0.027134	-1.816667	1.843801	0.009746 	0.004705
-54.400000	0.027066	-1.813333	1.840399	0.009853 	0.004709
-54.300000	0.026997	-1.810000	1.836997	0.009961 	0.004714
-54.200000	0.026927	-1.806667	1.833594	0.010068 	0.004718
-54.100000	0.026856	-1.803333	1.830189	0.010176 	0.004722
-54.000000	0.026784	-1.800000	1.826784	0.010283 	0.004727
-53.900000	0.026710	-1.796667	1.823377	0.010391 	0.004731
-53.800000	0.026636	-1.793333	1.819969	0.010499 	0.004736
-53.700000	0.026560	-1.790000	1.816560	0.010608 	0.004740
-53.600000	0.026483	-1.786667	1.813150	0.010716 	0.004745
-53.500000	0.026405	-1.783333	1.809738	0.010825 	0.004749
-53.400000	0.026326	-1.780000	1.806326	0.010934 	0.004754
-53.300000	0.026245	-1.776667	1.802912	0.011043 	0.004758
-53.200000	0.026164	-1.773333	1.799497	0.011152 	0.004763
-53.100000	0.026081	-1.770000	1.796081	0.011262 	0.004767
-53.000000	0.025997	-1.766667	1.792664	0.011371 	0.004772
-52.900000	0.025912	-1.763333	1.789245	0.011481 	0.004776
-52.800000	0.025826	-1.760000	1.785826	0.011591 	0.004781
-52.700000	0.025738	-1.756667	1.782405	0.011701 	0.004785
-52.600000	0.025650	-1.753333	1.778983	0.011811 	0.004790
-52.500000	0.025560	-1.750000	1.775560	0.011922 	0.004795
-52.400000	0.025469	-1.746667	1.772136	0.012032 	0.004799
-52.300000	0.025377	-1.743333	1.768710	0.012143 	0.004804
-52.200000	0.025284	-1.740000	1.765284	0.012254 	0.004809
-52.100000	0.025189	-1.736667	1.761856	0.012365 	0.004813
-52.000000	0.025093	-1.733333	1.758426	0.012476 	0.004818
-51.900000	0.024997	-1.730000	1.754997	0.012587 	0.004823
-51.800000	0.024898	-1.726667	1.751565	0.012698 	0.004827
-51.700000	0.024799	-1.723333	1.748132	0.012810 	0.004832
-51.600000	0.024699	-1.720000	1.744699	0.012921 	0.004837
-51.500000	0.024597	-1.716667	1.741264	0.013033 	0.004842
-51.400000	0.024494	-1.713333	1.737827	0.013145 	0.004846
-51.300000	0.024390	-1.710000	1.734390	0.013256 	0.004851
-51.200000	0.024285	-1.706667	1.730952	0.013368 	0.004856
-51.100000	0.024178	-1.703333	1.727511	0.013480 	0.004861
-51.000000	0.024071	-1.700000	1.724071	0.013592 	0.004866
-50.900000	0.023962	-1.696667	1.720629	0.013704 	0.004870
-50.800000	0.023852	-1.693333	1.717185	0.013816 	0.004875
-50.700000	0.023741	-1.690000	1.713741	0.013929 	0.004880
-50.600000	0.023628	-1.686667	1.710295	0.014041 	0.004885
-50.500000	0.023515	-1.683333	1.706848	0.014153 	0.004890
-50.400000	0.023400	-1.680000	1.703400	0.014265 	0.004895
-50.300000	0.023284	-1.676667	1.699951	0.014378 	0.004900
-50.200000	0.023167	-1.673333	1.696500	0.014490 	0.004905
-50.100000	0.023048	-1.670000	1.693048	0.014602 	0.004910
-50.000000	0.022929	-1.666667	1.689596	0.014715 	0.004915
-49.900000	0.022808	-1.663333	1.686141	0.014827 	0.004920
-49.800000	0.022686	-1.660000	1.682686	0.014939 	0.004925
-49.700000	0.022562	-1.656667	1.679229	0.015052 	0.004930
-49.600000	0.022438	-1.653333	1.675771	0.015164 	0.004935
-49.500000	0.022312	-1.650000	1.672312	0.015276 	0.004940
-49.400000	0.022186	-1.646667	1.668853	0.015388 	0.004945
-49.300000	0.022058	-1.643333	1.665391	0.015500 	0.004951
-49.200000	0.021928	-1.640000	1.661928	0.015612 	0.004956
-49.100000	0.021798	-1.636667	1.658465	0.015724 	0.004961
-49.000000	0.021666	-1.633333	1.654999	0.015836 	0.004966
-48.900000	0.021533	-1.630000	1.651533	0.015948 	0.004971
-48.800000	0.021399	-1.626667	1.648066	0.016059 	0.004977
-48.700000	0.021264	-1.623333	1.644597	0.016171 	0.004982
-48.600000	0.021128	-1.620000	1.641128	0.016282 	0.004987
-48.500000	0.020990	-1.616667	1.637657	0.016394 	0.004992
-48.400000	0.020852	-1.613333	1.634185	0.016505 	0.004998
-48.300000	0.020712	-1.610000	1.630712	0.016616 	0.005003
-48.200000	0.020570	-1.606667	1.627237	0.016727 	0.005008
-48.100000	0.020428	-1.603333	1.623761	0.016837 	0.005014
-48.000000	0.020285	-1.600000	1.620285	0.016948 	0.005019
-47.900000	0.020140	-1.596667	1.616807	0.017058 	0.005024
-47.800000	0.019994	-1.593333	1.613327	0.017169 	0.005030
-47.700000	0.019847	-1.590000	1.609847	0.017278 	0.005035
-47.600000	0.019699	-1.586667	1.606366	0.017388 	0.005041
-47.500000	0.019549	-1.583333	1.602882	0.017498 	0.005046
-47.400000	0.019399	-1.580000	1.599399	0.017607 	0.005052
-47.300000	0.019247	-1.576667	1.595914	0.017716 	0.005057
-47.200000	0.019094	-1.573333	1.592427	0.017825 	0.005063
-47.100000	0.018940	-1.570000	1.588940	0.017933 	0.005068
-47.000000	0.018785	-1.566667	1.585452	0.018042 	0.005074
-46.900000	0.018628	-1.563333	1.581961	0.018150 	0.005079
-46.800000	0.018470	-1.560000	1.578470	0.018257 	0.005085
-46.700000	0.018312	-1.556667	1.574979	0.018365 	0.005091
-46.600000	0.018152	-1.553333	1.571485	0.018472 	0.005096
-46.500000	0.017991	-1.550000	1.567991	0.018579 	0.005102
-46.400000	0.017828	-1.546667	1.564495	0.018685 	0.005108
-46.300000	0.017665	-1.543333	1.560998	0.018791 	0.005113
-46.200000	0.017500	-1.540000	1.557500	0.018897 	0.005119
-46.100000	0.017335	-1.536667	1.554002	0.019002 	0.005125
-46.000000	0.017168	-1.533333	1.550501	0.019107 	0.005131
-45.900000	0.017000	-1.530000	1.547000	0.019212 	0.005137
-45.800000	0.016831	-1.526667	1.543498	0.019316 	0.005142
-45.700000	0.016660	-1.523333	1.539993	0.019420 	0.005148
-45.600000	0.016489	-1.520000	1.536489	0.019523 	0.005154
-45.500000	0.016316	-1.516667	1.532983	0.019626 	0.005160
-45.400000	0.016143	-1.513333	1.529476	0.019729 	0.005166
-45.300000	0.015968	-1.510000	1.525968	0.019831 	0.005172
-45.200000	0.015792	-1.506667	1.522459	0.019932 	0.005178
-45.100000	0.015615	-1.503333	1.518948	0.020034 	0.005184
-45.000000	0.015437	-1.500000	1.515437	0.020134 	0.005190
-44.900000	0.015257	-1.496667	1.511924	0.020234 	0.005196
-44.800000	0.015077	-1.493333	1.508410	0.020334 	0.005202
-44.700000	0.014896	-1.490000	1.504896	0.020433 	0.005208
-44.600000	0.014713	-1.486667	1.501380	0.020532 	0.005214
-44.500000	0.014529	-1.483333	1.497862	0.020630 	0.005220
-44.400000	0.014345	-1.480000	1.494345	0.020727 	0.005226
-44.300000	0.014159	-1.476667	1.490826	0.020824 	0.005232
-44.200000	0.013972	-1.473333	1.487305	0.020920 	0.005239
-44.100000	0.013784	-1.470000	1.483784	0.021016 	0.005245
-44.000000	0.013594	-1.466667	1.480261	0.021111 	0.005251
-43.900000	0.013404	-1.463333	1.476737	0.021206 	0.005257
-43.800000	0.013213	-1.460000	1.473213	0.021300 	0.005264
-43.700000	0.013021	-1.456667	1.469688	0.021393 	0.005270
-43.600000	0.012827	-1.453333	1.466160	0.021485 	0.005276
-43.500000	0.012633	-1.450000	1.462633	0.021577 	0.005283
-43.400000	0.012437	-1.446667	1.459104	0.021669 	0.005289
-43.300000	0.012241	-1.443333	1.455574	0.021759 	0.005295
-43.200000	0.012043	-1.440000	1.452043	0.021849 	0.005302
-43.100000	0.011845	-1.436667	1.448512	0.021938 	0.005308
-43.000000	0.011645	-1.433333	1.444978	0.022027 	0.005315
-42.900000	0.011444	-1.430000	1.441444	0.022114 	0.005321
-42.800000	0.011243	-1.426667	1.437910	0.022201 	0.005328
-42.700000	0.011040	-1.423333	1.434373	0.022287 	0.005334
-42.600000	0.010836	-1.420000	1.430836	0.022373 	0.005341
-42.500000	0.010631	-1.416667	1.427298	0.022457 	0.005348
-42.400000	0.010426	-1.413333	1.423759	0.022541 	0.005354
-42.300000	0.010219	-1.410000	1.420219	0.022624 	0.005361
-42.200000	0.010011	-1.406667	1.416678	0.022706 	0.005368
-42.100000	0.009802	-1.403333	1.413135	0.022787 	0.005374
-42.000000	0.009593	-1.400000	1.409593	0.022867 	0.005381
-41.900000	0.009382	-1.396667	1.406049	0.022947 	0.005388
-41.800000	0.009170	-1.393333	1.402503	0.023025 	0.005395
-41.700000	0.008958	-1.390000	1.398958	0.023103 	0.005402
-41.600000	0.008744	-1.386667	1.395411	0.023180 	0.005408
-41.500000	0.008530	-1.383333	1.391863	0.023256 	0.005415
-41.400000	0.008315	-1.380000	1.388315	0.023331 	0.005422
-41.300000	0.008098	-1.376667	1.384765	0.023405 	0.005429
-41.200000	0.007881	-1.373333	1.381214	0.023478 	0.005436
-41.100000	0.007663	-1.370000	1.377663	0.023550 	0.005443
-41.000000	0.007444	-1.366667	1.374111	0.023621 	0.005450
-40.900000	0.007224	-1.363333	1.370557	0.023690 	0.005457
-40.800000	0.007003	-1.360000	1.367003	0.023759 	0.005464
-40.700000	0.006781	-1.356667	1.363448	0.023827 	0.005471
-40.600000	0.006558	-1.353333	1.359891	0.023894 	0.005479
-40.500000	0.006335	-1.350000	1.356335	0.023960 	0.005486
-40.400000	0.006111	-1.346667	1.352778	0.024025 	0.005493
-40.300000	0.005885	-1.343333	1.349218	0.024088 	0.005500
-40.200000	0.005659	-1.340000	1.345659	0.024151 	0.005507
-40.100000	0.005432	-1.336667	1.342099	0.024212 	0.005515
-40.000000	0.005205	-1.333333	1.338538	0.024272 	0.005522
-39.900000	0.004976	-1.330000	1.334976	0.024331 	0.005529
-39.800000	0.004747	-1.326667	1.331414	0.024389 	0.005537
-39.700000	0.004517	-1.323333	1.327850	0.024445 	0.005544
-39.600000	0.004286	-1.320000	1.324286	0.024501 	0.005552
-39.500000	0.004054	-1.316667	1.320721	0.024555 	0.005559
-39.400000	0.003821	-1.313333	1.317154	0.024608 	0.005567
-39.300000	0.003588	-1.310000	1.313588	0.024660 	0.005574
-39.200000	0.003354	-1.306667	1.310021	0.024710 	0.005582
-39.100000	0.003119	-1.303333	1.306452	0.024759 	0.005589
-39.000000	0.002884	-1.300000	1.302884	0.024807 	0.005597
-38.900000	0.002647	-1.296667	1.299314	0.024854 	0.005605
-38.800000	0.002410	-1.293333	1.295743	0.024899 	0.005613
-38.700000	0.002173	-1.290000	1.292173	0.024943 	0.005620
-38.600000	0.001934	-1.286667	1.288601	0.024985 	0.005628
-38.500000	0.001695	-1.283333	1.285028	0.025027 	0.005636
-38.400000	0.001455	-1.280000	1.281455	0.025066 	0.005644
-38.300000	0.001215	-1.276667	1.277882	0.025105 	0.005652
-38.200000	0.000974	-1.273333	1.274307	0.025142 	0.005660
-38.100000	0.000732	-1.270000	1.270732	0.025177 	0.005667
-38.000000	0.000490	-1.266667	1.267157	0.025211 	0.005675
-37.900000	0.000247	-1.263333	1.263580	0.025244 	0.005683
-37.800000	0.000003	-1.260000	1.260003	0.025275 	0.005692
-37.700000	-0.000241	-1.256667	1.256426	0.025304 	0.005700
-37.600000	-0.000486	-1.253333	1.252847	0.025332 	0.005708
-37.500000	-0.000731	-1.250000	1.249269	0.025358 	0.005716
-37.400000	-0.000977	-1.246667	1.245690	0.025383 	0.005724
-37.300000	-0.001223	-1.243333	1.242110	0.025407 	0.005732
-37.200000	-0.001470	-1.240000	1.238530	0.025428 	0.005741
-37.100000	-0.001718	-1.236667	1.234949	0.025448 	0.005749
-37.000000	-0.001966	-1.233333	1.231367	0.025467 	0.005757
-36.900000	-0.002214	-1.230000	1.227786	0.025484 	0.005766
-36.800000	-0.002463	-1.226667	1.224204	0.025499 	0.005774
-36.700000	-0.002713	-1.223333	1.220620	0.025512 	0.005783
-36.600000	-0.002963	-1.220000	1.217037	0.025524 	0.005791
-36.500000	-0.003213	-1.216667	1.213454	0.025534 	0.005800
-36.400000	-0.003464	-1.213333	1.209869	0.025543 	0.005808
-36.300000	-0.003715	-1.210000	1.206285	0.025549 	0.005817
-36.200000	-0.003966	-1.206667	1.202701	0.025554 	0.005826
-36.100000	-0.004218	-1.203333	1.199115	0.025557 	0.005834
-36.000000	-0.004471	-1.200000	1.195529	0.025558 	0.005843
-35.900000	-0.004723	-1.196667	1.191944	0.025558 	0.005852
-35.800000	-0.004976	-1.193333	1.188357	0.025555 	0.005861
-35.700000	-0.005230	-1.190000	1.184770	0.025551 	0.005869
-35.600000	-0.005483	-1.186667	1.181184	0.025545 	0.005878
-35.500000	-0.005737	-1.183333	1.177596	0.025537 	0.005887
-35.400000	-0.005992	-1.180000	1.174008	0.025527 	0.005896
-35.300000	-0.006246	-1.176667	1.170421	0.025515 	0.005905
-35.200000	-0.006501	-1.173333	1.166832	0.025501 	0.005914
-35.100000	-0.006756	-1.170000	1.163244	0.025485 	0.005924
-35.000000	-0.007011	-1.166667	1.159656	0.025467 	0.005933
-34.900000	-0.007266	-1.163333	1.156067	0.025447 	0.005942
-34.800000	-0.007522	-1.160000	1.152478	0.025425 	0.005951
-34.700000	-0.007778	-1.156667	1.148889	0.025402 	0.005960
-34.600000	-0.008033	-1.153333	1.145300	0.025376 	0.005970
-34.500000	-0.008289	-1.150000	1.141711	0.025347 	0.005979
-34.400000	-0.008545	-1.146667	1.138122	0.025317 	0.005989
-34.300000	-0.008802	-1.143333	1.134531	0.025285 	0.005998
-34.200000	-0.009058	-1.140000	1.130942	0.025250 	0.006008
-34.100000	-0.009314	-1.136667	1.127353	0.025214 	0.006017
-34.000000	-0.009570	-1.133333	1.123763	0.025175 	0.006027
-33.900000	-0.009827	-1.130000	1.120173	0.025134 	0.006036
-33.800000	-0.010083	-1.126667	1.116584	0.025091 	0.006046
-33.700000	-0.010339	-1.123333	1.112994	0.025045 	0.006056
-33.600000	-0.010595	-1.120000	1.109405	0.024997 	0.006066
-33.500000	-0.010851	-1.116667	1.105816	0.024947 	0.006075
-33.400000	-0.011108	-1.113333	1.102225	0.024895 	0.006085
-33.300000	-0.011364	-1.110000	1.098636	0.024840 	0.006095
-33.200000	-0.011619	-1.106667	1.095048	0.024783 	0.006105
-33.100000	-0.011875	-1.103333	1.091458	0.024724 	0.006115
-33.000000	-0.012131	-1.100000	1.087869	0.024662 	0.006125
-32.900000	-0.012386	-1.096667	1.084281	0.024598 	0.006135
-32.800000	-0.012641	-1.093333	1.080692	0.024531 	0.006146
-32.700000	-0.012896	-1.090000	1.077104	0.024462 	0.006156
-32.600000	-0.013151	-1.086667	1.073516	0.024391 	0.006166
-32.500000	-0.013405	-1.083333	1.069928	0.024317 	0.006176
-32.400000	-0.013659	-1.080000	1.066341	0.024241 	0.006187
-32.300000	-0.013913	-1.076667	1.062754	0.024162 	0.006197
-32.200000	-0.014166	-1.073333	1.059167	0.024080 	0.006208
-32.100000	-0.014419	-1.070000	1.055581	0.023996 	0.006218
-32.000000	-0.014672	-1.066667	1.051995	0.023910 	0.006229
-31.900000	-0.014924	-1.063333	1.048409	0.023820 	0.006240
-31.800000	-0.015176	-1.060000	1.044824	0.023729 	0.006250
-31.700000	-0.015428	-1.056667	1.041239	0.023634 	0.006261
-31.600000	-0.015679	-1.053333	1.037654	0.023537 	0.006272
-31.500000	-0.015929	-1.050000	1.034071	0.023438 	0.006283
-31.400000	-0.016179	-1.046667	1.030488	0.023335 	0.006294
-31.300000	-0.016428	-1.043333	1.026905	0.023231 	0.006305
-31.200000	-0.016677	-1.040000	1.023323	0.023123 	0.006316
-31.100000	-0.016925	-1.036667	1.019742	0.023012 	0.006327
-31.000000	-0.017173	-1.033333	1.016160	0.022899 	0.006338
-30.900000	-0.017420	-1.030000	1.012580	0.022784 	0.006349
-30.800000	-0.017667	-1.026667	1.009000	0.022665 	0.006360
-30.700000	-0.017912	-1.023333	1.005421	0.022544 	0.006372
-30.600000	-0.018157	-1.020000	1.001843	0.022420 	0.006383
-30.500000	-0.018402	-1.016667	0.998265	0.022293 	0.006394
-30.400000	-0.018645	-1.013333	0.994688	0.022163 	0.006406
-30.300000	-0.018888	-1.010000	0.991112	0.022031 	0.006417
-30.200000	-0.019130	-1.006667	0.987537	0.021896 	0.006429
-30.100000	-0.019371	-1.003333	0.983962	0.021757 	0.006441
-30.000000	-0.019612	-1.000000	0.980388	0.021617 	0.006452
-29.900000	-0.019851	-0.996667	0.976816	0.021473 	0.006464
-29.800000	-0.020090	-0.993333	0.973244	0.021326 	0.006476
-29.700000	-0.020327	-0.990000	0.969673	0.021177 	0.006488
-29.600000	-0.020564	-0.986667	0.966103	0.021025 	0.006500
-29.500000	-0.020800	-0.983333	0.962533	0.020869 	0.006512
-29.400000	-0.021035	-0.980000	0.958965	0.020712 	0.006524
-29.300000	-0.021268	-0.976667	0.955398	0.020551 	0.006536
-29.200000	-0.021501	-0.973333	0.951832	0.020387 	0.006548
-29.100000	-0.021733	-0.970000	0.948267	0.020220 	0.006561
-29.000000	-0.021964	-0.966667	0.944703	0.020051 	0.006573
-28.900000	-0.022193	-0.963333	0.941140	0.019879 	0.006586
-28.800000	-0.022422	-0.960000	0.937578	0.019703 	0.006598
-28.700000	-0.022649	-0.956667	0.934018	0.019525 	0.006611
-28.600000	-0.022875	-0.953333	0.930458	0.019344 	0.006623
-28.500000	-0.023100	-0.950000	0.926900	0.019161 	0.006636
-28.400000	-0.023324	-0.946667	0.923343	0.018974 	0.006649
-28.300000	-0.023546	-0.943333	0.919787	0.018785 	0.006662
-28.200000	-0.023767	-0.940000	0.916233	0.018592 	0.006674
-28.100000	-0.023987	-0.936667	0.912679	0.018397 	0.006687
-28.000000	-0.024206	-0.933333	0.909127	0.018199 	0.006700
-27.900000	-0.024423	-0.930000	0.905577	0.017998 	0.006714
-27.800000	-0.024639	-0.926667	0.902028	0.017794 	0.006727
-27.700000	-0.024854	-0.923333	0.898480	0.017588 	0.006740
-27.600000	-0.025067	-0.920000	0.894933	0.017379 	0.006753
-27.500000	-0.025278	-0.916667	0.891388	0.017166 	0.006767
-27.400000	-0.025489	-0.913333	0.887845	0.016952 	0.006780
-27.300000	-0.025697	-0.910000	0.884303	0.016734 	0.006794
-27.200000	-0.025905	-0.906667	0.880762	0.016513 	0.006808
-27.100000	-0.026110	-0.903333	0.877223	0.016290 	0.006821
-27.000000	-0.026314	-0.900000	0.873686	0.016064 	0.006835
-26.900000	-0.026517	-0.896667	0.870150	0.015836 	0.006849
-26.800000	-0.026718	-0.893333	0.866615	0.015605 	0.006863
-26.700000	-0.026917	-0.890000	0.863083	0.015371 	0.006877
-26.600000	-0.027115	-0.886667	0.859552	0.015134 	0.006891
-26.500000	-0.027311	-0.883333	0.856022	0.014895 	0.006905
-26.400000	-0.027505	-0.880000	0.852495	0.014653 	0.006919
-26.300000	-0.027698	-0.876667	0.848969	0.014408 	0.006934
-26.200000	-0.027889	-0.873333	0.845445	0.014161 	0.006948
-26.100000	-0.028078	-0.870000	0.841922	0.013912 	0.006963
-26.000000	-0.028265	-0.866667	0.838402	0.013659 	0.006977
-25.900000	-0.028450	-0.863333	0.834883	0.013405 	0.006992
-25.800000	-0.028634	-0.860000	0.831366	0.013147 	0.007007
-25.700000	-0.028816	-0.856667	0.827851	0.012888 	0.007022
-25.600000	-0.028995	-0.853333	0.824338	0.012626 	0.007037
-25.500000	-0.029173	-0.850000	0.820827	0.012361 	0.007052
-25.400000	-0.029349	-0.846667	0.817318	0.012094 	0.007067
-25.300000	-0.029523	-0.843333	0.813810	0.011825 	0.007082
-25.200000	-0.029695	-0.840000	0.810305	0.011553 	0.007097
-25.100000	-0.029865	-0.836667	0.806802	0.011279 	0.007113
-25.000000	-0.030033	-0.833333	0.803301	0.011002 	0.007128
-24.900000	-0.030198	-0.830000	0.799802	0.010724 	0.007144
-24.800000	-0.030362	-0.826667	0.796305	0.010442 	0.007159
-24.700000	-0.030523	-0.823333	0.792810	0.010159 	0.007175
-24.600000	-0.030683	-0.820000	0.789317	0.009874 	0.007191
-24.500000	-0.030840	-0.816667	0.785827	0.009586 	0.007207
-24.400000	-0.030995	-0.813333	0.782339	0.009296 	0.007223
-24.300000	-0.031147	-0.810000	0.778853	0.009004 	0.007239
-24.200000	-0.031298	-0.806667	0.775369	0.008710 	0.007255
-24.100000	-0.031446	-0.803333	0.771888	0.008414 	0.007272
-24.000000	-0.031591	-0.800000	0.768409	0.008116 	0.007288
-23.900000	-0.031735	-0.796667	0.764932	0.007815 	0.007305
-23.800000	-0.031875	-0.793333	0.761458	0.007513 	0.007321
-23.700000	-0.032014	-0.790000	0.757986	0.007208 	0.007338
-23.600000	-0.032150	-0.786667	0.754517	0.006902 	0.007355
-23.500000	-0.032283	-0.783333	0.751050	0.006594 	0.007372
-23.400000	-0.032414	-0.780000	0.747586	0.006284 	0.007389
-23.300000	-0.032543	-0.776667	0.744124	0.005971 	0.007406
-23.200000	-0.032669	-0.773333	0.740664	0.005657 	0.007423
-23.100000	-0.032792	-0.770000	0.737208	0.005341 	0.007441
-23.000000	-0.032913	-0.766667	0.733754	0.005023 	0.007458
-22.900000	-0.033031	-0.763333	0.730303	0.004704 	0.007476
-22.800000	-0.033146	-0.760000	0.726854	0.004382 	0.007494
-22.700000	-0.033258	-0.756667	0.723408	0.004059 	0.007511
-22.600000	-0.033368	-0.753333	0.719965	0.003734 	0.007529
-22.500000	-0.033475	-0.750000	0.716525	0.003407 	0.007547
-22.400000	-0.033579	-0.746667	0.713088	0.003079 	0.007566
-22.300000	-0.033680	-0.743333	0.709653	0.002749 	0.007584
-22.200000	-0.033779	-0.740000	0.706221	0.002417 	0.007602
-22.100000	-0.033874	-0.736667	0.702793	0.002083 	0.007621
-22.000000	-0.033966	-0.733333	0.699367	0.001748 	0.007639
-21.900000	-0.034056	-0.730000	0.695944	0.001411 	0.007658
-21.800000	-0.034142	-0.726667	0.692525	0.001072 	0.007677
-21.700000	-0.034225	-0.723333	0.689108	0.000732 	0.007696
-21.600000	-0.034306	-0.720000	0.685694	0.000391 	0.007715
-21.500000	-0.034383	-0.716667	0.682284	0.000047 	0.007735
-21.400000	-0.034456	-0.713333	0.678877	-0.000298 	0.007754
-21.300000	-0.034527	-0.710000	0.675473	-0.000644 	0.007773
-21.200000	-0.034594	-0.706667	0.672072	-0.000992 	0.007793
-21.100000	-0.034659	-0.703333	0.668675	-0.001342 	0.007813
-21.000000	-0.034719	-0.700000	0.665281	-0.001693 	0.007833
-20.900000	-0.034777	-0.696667	0.661890	-0.002046 	0.007853
-20.800000	-0.034831	-0.693333	0.658503	-0.002400 	0.007873
-20.700000	-0.034881	-0.690000	0.655119	-0.002755 	0.007893
-20.600000	-0.034929	-0.686667	0.651738	-0.003113 	0.007914
-20.500000	-0.034972	-0.683333	0.648361	-0.003471 	0.007934
-20.400000	-0.035012	-0.680000	0.644988	-0.003831 	0.007955
-20.300000	-0.035049	-0.676667	0.641618	-0.004193 	0.007976
-20.200000	-0.035082	-0.673333	0.638252	-0.004556 	0.007997
-20.100000	-0.035111	-0.670000	0.634889	-0.004920 	0.008018
-20.000000	-0.035137	-0.666667	0.631530	-0.005286 	0.008039
-19.900000	-0.035158	-0.663333	0.628175	-0.005653 	0.008061
-19.800000	-0.035177	-0.660000	0.624823	-0.006022 	0.008082
-19.700000	-0.035191	-0.656667	0.621476	-0.006392 	0.008104
-19.600000	-0.035201	-0.653333	0.618132	-0.006764 	0.008126
-19.500000	-0.035208	-0.650000	0.614792	-0.007137 	0.008148
-19.400000	-0.035211	-0.646667	0.611456	-0.007512 	0.008170
-19.300000	-0.035210	-0.643333	0.608124	-0.007887 	0.008193
-19.200000	-0.035204	-0.640000	0.604796	-0.008265 	0.008215
-19.100000	-0.035195	-0.636667	0.601472	-0.008644 	0.008238
-19.000000	-0.035182	-0.633333	0.598151	-0.009024 	0.008261
-18.900000	-0.035165	-0.630000	0.594835	-0.009406 	0.008284
-18.800000	-0.035143	-0.626667	0.591524	-0.009789 	0.008307
-18.700000	-0.035117	-0.623333	0.588216	-0.010173 	0.008330
-18.600000	-0.035087	-0.620000	0.584913	-0.010559 	0.008354
-18.500000	-0.035053	-0.616667	0.581613	-0.010947 	0.008377
-18.400000	-0.035015	-0.613333	0.578319	-0.011336 	0.008401
-18.300000	-0.034972	-0.610000	0.575028	-0.011727 	0.008425
-18.200000	-0.034925	-0.606667	0.571742	-0.012120 	0.008449
-18.100000	-0.034873	-0.603333	0.568460	-0.012514 	0.008474
-18.000000	-0.034817	-0.600000	0.565183	-0.012909 	0.008498
-17.900000	-0.034756	-0.596667	0.561910	-0.013307 	0.008523
-17.800000	-0.034691	-0.593333	0.558642	-0.013706 	0.008548
-17.700000	-0.034621	-0.590000	0.555379	-0.014108 	0.008573
-17.600000	-0.034547	-0.586667	0.552120	-0.014511 	0.008598
-17.500000	-0.034468	-0.583333	0.548866	-0.014916 	0.008624
-17.400000	-0.034384	-0.580000	0.545616	-0.015324 	0.008649
-17.300000	-0.034295	-0.576667	0.542372	-0.015733 	0.008675
-17.200000	-0.034201	-0.573333	0.539132	-0.016145 	0.008701
-17.100000	-0.034102	-0.570000	0.535898	-0.016560 	0.008727
-17.000000	-0.033998	-0.566667	0.532668	-0.016977 	0.008754
-16.900000	-0.033890	-0.563333	0.529444	-0.017397 	0.008780
-16.800000	-0.033776	-0.560000	0.526224	-0.017820 	0.008807
-16.700000	-0.033656	-0.556667	0.523010	-0.018247 	0.008834
-16.600000	-0.033532	-0.553333	0.519802	-0.018677 	0.008861
-16.500000	-0.033402	-0.550000	0.516598	-0.019110 	0.008889
-16.400000	-0.033266	-0.546667	0.513401	-0.019548 	0.008916
-16.300000	-0.033125	-0.543333	0.510208	-0.019989 	0.008944
-16.200000	-0.032978	-0.540000	0.507022	-0.020436 	0.008972
-16.100000	-0.032826	-0.536667	0.503841	-0.020887 	0.009001
-16.000000	-0.032668	-0.533333	0.500666	-0.021343 	0.009029
-15.900000	-0.032503	-0.530000	0.497497	-0.021804 	0.009058
-15.800000	-0.032333	-0.526667	0.494334	-0.022272 	0.009087
-15.700000	-0.032157	-0.523333	0.491177	-0.022745 	0.009116
-15.600000	-0.031974	-0.520000	0.488026	-0.023225 	0.009145
-15.500000	-0.031785	-0.516667	0.484882	-0.023712 	0.009175
-15.400000	-0.031590	-0.513333	0.481743	-0.024205 	0.009205
-15.300000	-0.031388	-0.510000	0.478612	-0.024707 	0.009235
-15.200000	-0.031180	-0.506667	0.475487	-0.025215 	0.009265
-15.100000	-0.030965	-0.503333	0.472368	-0.025732 	0.009296
-15.000000	-0.030743	-0.500000	0.469257	-0.026256 	0.009326
-14.900000	-0.030515	-0.496667	0.466151	-0.026789 	0.009357
-14.800000	-0.030281	-0.493333	0.463053	-0.027330 	0.009389
-14.700000	-0.030039	-0.490000	0.459961	-0.027878 	0.009420
-14.600000	-0.029791	-0.486667	0.456876	-0.028435 	0.009452
-14.500000	-0.029536	-0.483333	0.453797	-0.029000 	0.009484
-14.400000	-0.029275	-0.480000	0.450725	-0.029572 	0.009516
-14.300000	-0.029007	-0.476667	0.447660	-0.030151 	0.009549
-14.200000	-0.028733	-0.473333	0.444601	-0.030737 	0.009581
-14.100000	-0.028452	-0.470000	0.441548	-0.031329 	0.009615
-14.000000	-0.028165	-0.466667	0.438501	-0.031926 	0.009648
-13.900000	-0.027873	-0.463333	0.435461	-0.032528 	0.009681
-13.800000	-0.027574	-0.460000	0.432426	-0.033135 	0.009715
-13.700000	-0.027269	-0.456667	0.429397	-0.033745 	0.009750
-13.600000	-0.026959	-0.453333	0.426374	-0.034358 	0.009784
-13.500000	-0.026644	-0.450000	0.423356	-0.034973 	0.009819
-13.400000	-0.026323	-0.446667	0.420344	-0.035589 	0.009854
-13.300000	-0.025996	-0.443333	0.417337	-0.036206 	0.009889
-13.200000	-0.025664	-0.440000	0.414336	-0.036824 	0.009925
-13.100000	-0.025327	-0.436667	0.411339	-0.037442 	0.009961
-13.000000	-0.024985	-0.433333	0.408348	-0.038060 	0.009998
-12.900000	-0.024638	-0.430000	0.405362	-0.038678 	0.010034
-12.800000	-0.024286	-0.426667	0.402381	-0.039296 	0.010072
-12.700000	-0.023928	-0.423333	0.399405	-0.039913 	0.010109
-12.600000	-0.023565	-0.420000	0.396435	-0.040531 	0.010147
-12.500000	-0.023196	-0.416667	0.393470	-0.041150 	0.010185
-12.400000	-0.022822	-0.413333	0.390511	-0.041770 	0.010224
-12.300000	-0.022442	-0.410000	0.387558	-0.042391 	0.010262
-12.200000	-0.022057	-0.406667	0.384610	-0.043015 	0.010302
-12.100000	-0.021666	-0.403333	0.381668	-0.043640 	0.010341
-12.000000	-0.021268	-0.400000	0.378732	-0.044269 	0.010381
-11.900000	-0.020865	-0.396667	0.375802	-0.044901 	0.010422
-11.800000	-0.020456	-0.393333	0.372878	-0.045537 	0.010462
-11.700000	-0.020040	-0.390000	0.369960	-0.046176 	0.010504
-11.600000	-0.019619	-0.386667	0.367048	-0.046818 	0.010545
-11.500000	-0.019191	-0.383333	0.364142	-0.047464 	0.010587
-11.400000	-0.018758	-0.380000	0.361242	-0.048113 	0.010630
-11.300000	-0.018318	-0.376667	0.358349	-0.048764 	0.010672
-11.200000	-0.017873	-0.373333	0.355461	-0.049418 	0.010716
-11.100000	-0.017422	-0.370000	0.352578	-0.050073 	0.010759
-11.000000	-0.016965	-0.366667	0.349702	-0.050730 	0.010804
-10.900000	-0.016502	-0.363333	0.346831	-0.051387 	0.010848
-10.800000	-0.016035	-0.360000	0.343965	-0.052044 	0.010893
-10.700000	-0.015561	-0.356667	0.341105	-0.052701 	0.010939
-10.600000	-0.015083	-0.353333	0.338250	-0.053356 	0.010985
-10.500000	-0.014599	-0.350000	0.335401	-0.054009 	0.011032
-10.400000	-0.014111	-0.346667	0.332556	-0.054660 	0.011079
-10.300000	-0.013617	-0.343333	0.329716	-0.055307 	0.011126
-10.200000	-0.013118	-0.340000	0.326882	-0.055952 	0.011174
-10.100000	-0.012615	-0.336667	0.324052	-0.056593 	0.011223
-10.000000	-0.012106	-0.333333	0.321227	-0.057230 	0.011272
-9.900000	-0.011593	-0.330000	0.318407	-0.057862 	0.011322
-9.800000	-0.011075	-0.326667	0.315592	-0.058491 	0.011372
-9.700000	-0.010552	-0.323333	0.312782	-0.059115 	0.011423
-9.600000	-0.010024	-0.320000	0.309976	-0.059735 	0.011475
-9.500000	-0.009491	-0.316667	0.307176	-0.060351 	0.011527
-9.400000	-0.008953	-0.313333	0.304380	-0.060963 	0.011580
-9.300000	-0.008410	-0.310000	0.301590	-0.061572 	0.011633
-9.200000	-0.007862	-0.306667	0.298804	-0.062176 	0.011688
-9.100000	-0.007309	-0.303333	0.296024	-0.062777 	0.011742
-9.000000	-0.006751	-0.300000	0.293249	-0.063375 	0.011798
-8.900000	-0.006188	-0.296667	0.290479	-0.063969 	0.011854
-8.800000	-0.005619	-0.293333	0.287714	-0.064560 	0.011911
-8.700000	-0.005046	-0.290000	0.284954	-0.065148 	0.011968
-8.600000	-0.004467	-0.286667	0.282200	-0.065733 	0.012026
-8.500000	-0.003883	-0.283333	0.279451	-0.066314 	0.012085
-8.400000	-0.003293	-0.280000	0.276707	-0.066892 	0.012145
-8.300000	-0.002698	-0.276667	0.273968	-0.067467 	0.012206
-8.200000	-0.002099	-0.273333	0.271235	-0.068039 	0.012267
-8.100000	-0.001493	-0.270000	0.268507	-0.068607 	0.012329
-8.000000	-0.000883	-0.266667	0.265784	-0.069172 	0.012392
-7.900000	-0.000267	-0.263333	0.263066	-0.069733 	0.012456
-7.800000	0.000353	-0.260000	0.260353	-0.070290 	0.012521
-7.700000	0.000979	-0.256667	0.257646	-0.070843 	0.012587
-7.600000	0.001611	-0.253333	0.254944	-0.071393 	0.012653
-7.500000	0.002247	-0.250000	0.252247	-0.071939 	0.012720
-7.400000	0.002889	-0.246667	0.249555	-0.072480 	0.012789
-7.300000	0.003536	-0.243333	0.246869	-0.073017 	0.012858
-7.200000	0.004187	-0.240000	0.244187	-0.073550 	0.012929
-7.100000	0.004845	-0.236667	0.241511	-0.074079 	0.013000
-7.000000	0.005507	-0.233333	0.238840	-0.074603 	0.013073
-6.900000	0.006174	-0.230000	0.236174	-0.075122 	0.013146
-6.800000	0.006847	-0.226667	0.233514	-0.075637 	0.013221
-6.700000	0.007525	-0.223333	0.230858	-0.076147 	0.013297
-6.600000	0.008208	-0.220000	0.228208	-0.076652 	0.013374
-6.500000	0.008896	-0.216667	0.225562	-0.077153 	0.013452
-6.400000	0.009589	-0.213333	0.222922	-0.077648 	0.013531
-6.300000	0.010287	-0.210000	0.220287	-0.078139 	0.013612
-6.200000	0.010990	-0.206667	0.217657	-0.078624 	0.013694
-6.100000	0.011699	-0.203333	0.215032	-0.079104 	0.013777
-6.000000	0.012413	-0.200000	0.212413	-0.079579 	0.013862
-5.900000	0.013131	-0.196667	0.209798	-0.080048 	0.013948
-5.800000	0.013855	-0.193333	0.207188	-0.080511 	0.014036
-5.700000	0.014584	-0.190000	0.204584	-0.080968 	0.014125
-5.600000	0.015318	-0.186667	0.201984	-0.081419 	0.014215
-5.500000	0.016057	-0.183333	0.199390	-0.081863 	0.014308
-5.400000	0.016800	-0.180000	0.196800	-0.082301 	0.014401
-5.300000	0.017549	-0.176667	0.194216	-0.082732 	0.014497
-5.200000	0.018303	-0.173333	0.191636	-0.083157 	0.014594
-5.100000	0.019062	-0.170000	0.189062	-0.083574 	0.014693
-5.000000	0.019826	-0.166667	0.186492	-0.083985 	0.014794
-4.900000	0.020595	-0.163333	0.183928	-0.084388 	0.014897
-4.800000	0.021368	-0.160000	0.181368	-0.084783 	0.015002
-4.700000	0.022147	-0.156667	0.178814	-0.085172 	0.015108
-4.600000	0.022930	-0.153333	0.176264	-0.085553 	0.015217
-4.500000	0.023719	-0.150000	0.173719	-0.085926 	0.015328
-4.400000	0.024513	-0.146667	0.171179	-0.086291 	0.015442
-4.300000	0.025311	-0.143333	0.168644	-0.086648 	0.015557
-4.200000	0.026114	-0.140000	0.166114	-0.086997 	0.015675
-4.100000	0.026923	-0.136667	0.163589	-0.087338 	0.015796
-4.000000	0.027736	-0.133333	0.161069	-0.087670 	0.015919
-3.900000	0.028554	-0.130000	0.158554	-0.087994 	0.016045
-3.800000	0.029377	-0.126667	0.156043	-0.088308 	0.016173
-3.700000	0.030205	-0.123333	0.153538	-0.088614 	0.016305
-3.600000	0.031037	-0.120000	0.151037	-0.088910 	0.016439
-3.500000	0.031875	-0.116667	0.148541	-0.089196 	0.016577
-3.400000	0.032717	-0.113333	0.146050	-0.089472 	0.016717
-3.300000	0.033564	-0.110000	0.143564	-0.089738 	0.016861
-3.200000	0.034416	-0.106667	0.141082	-0.089993 	0.017009
-3.100000	0.035272	-0.103333	0.138606	-0.090237 	0.017160
-3.000000	0.036134	-0.100000	0.136134	-0.090469 	0.017315
-2.900000	0.037000	-0.096667	0.133666	-0.090691 	0.017475
-2.800000	0.037871	-0.093333	0.131204	-0.090901 	0.017638
-2.700000	0.038746	-0.090000	0.128746	-0.091100 	0.017805
-2.600000	0.039627	-0.086667	0.126293	-0.091287 	0.017977
-2.500000	0.040512	-0.083333	0.123845	-0.091462 	0.018154
-2.400000	0.041402	-0.080000	0.121402	-0.091625 	0.018336
-2.300000	0.042297	-0.076667	0.118963	-0.091775 	0.018523
-2.200000	0.043196	-0.073333	0.116529	-0.091911 	0.018715
-2.100000	0.044100	-0.070000	0.114100	-0.092033 	0.018914
-2.000000	0.045009	-0.066667	0.111675	-0.092140 	0.019118
-1.900000	0.045922	-0.063333	0.109255	-0.092232 	0.019328
-1.800000	0.046840	-0.060000	0.106840	-0.092309 	0.019546
-1.700000	0.047762	-0.056667	0.104429	-0.092369 	0.019770
-1.600000	0.048690	-0.053333	0.102023	-0.092414 	0.020002
-1.500000	0.049621	-0.050000	0.099621	-0.092441 	0.020241
-1.400000	0.050558	-0.046667	0.097224	-0.092452 	0.020489
-1.300000	0.051499	-0.043333	0.094832	-0.092444 	0.020746
-1.200000	0.052444	-0.040000	0.092444	-0.092418 	0.021012
-1.100000	0.053395	-0.036667	0.090061	-0.092371 	0.021289
-1.000000	0.054349	-0.033333	0.087682	-0.092303 	0.021575
-0.900000	0.055308	-0.030000	0.085308	-0.092214 	0.021874
-0.800000	0.056272	-0.026667	0.082938	-0.092101 	0.022184
-0.700000	0.057240	-0.023333	0.080573	-0.091964 	0.022507
-0.600000	0.058212	-0.020000	0.078212	-0.091803 	0.022844
-0.500000	0.059189	-0.016667	0.075856	-0.091616 	0.023197
-0.400000	0.060170	-0.013333	0.073504	-0.091403 	0.023565
-0.300000	0.061156	-0.010000	0.071156	-0.091162 	0.023950
-0.200000	0.062146	-0.006667	0.068813	-0.090891 	0.024355
-0.100000	0.063141	-0.003333	0.066474	-0.090588 	0.024779
0.000000	0.064140	0.000000	0.064140	-0.090251 	0.025226
0.100000	0.065143	0.003333	0.061810	-0.089878 	0.025697
0.200000	0.066151	0.006667	0.059484	-0.089466 	0.026195
0.300000	0.067163	0.010000	0.057163	-0.089012 	0.026722
0.400000	0.068178	0.013333	0.054845	-0.088513 	0.027280
0.500000	0.069199	0.016667	0.052532	-0.087966 	0.027874
0.600000	0.070223	0.020000	0.050223	-0.087367 	0.028508
0.700000	0.071251	0.023333	0.047918	-0.086710 	0.029186
0.800000	0.072283	0.026667	0.045617	-0.085990 	0.029913
0.900000	0.073319	0.030000	0.043319	-0.085200 	0.030696
1.000000	0.074359	0.033333	0.041026	-0.084334 	0.031542
1.100000	0.075403	0.036667	0.038737	-0.083382 	0.032461
1.200000	0.076451	0.040000	0.036451	-0.082336 	0.033463
1.300000	0.077502	0.043333	0.034168	-0.081182 	0.034562
1.400000	0.078556	0.046667	0.031890	-0.079907 	0.035776
1.500000	0.079614	0.050000	0.029614	-0.078488 	0.037125
1.600000	0.080675	0.053333	0.027341	-0.076906 	0.038637
1.700000	0.081738	0.056667	0.025072	-0.075112 	0.040348
1.800000	0.082804	0.060000	0.022804	-0.073075 	0.042307
1.900000	0.083868	0.063333	0.020534	-0.070799 	0.044584
2.000000	0.084945	0.066667	0.018278	-0.067875 	0.047256
2.100000	0.085999	0.070000	0.015999	-0.065034 	0.050510
2.200000	0.087062	0.073333	0.013729	-0.061436 	0.054526
2.300000	0.088236	0.076667	0.011570	-0.053813 	0.059396
2.400000	0.088986	0.080000	0.008986	-0.057743 	0.067395
2.500000	0.090543	0.083333	0.007209	-0.032003 	0.075244
2.600000	0.091144	0.086667	0.004477	-0.033830 	0.095481
2.700000	0.092208	0.090000	0.002208	0.000000 	0.000000
2.800000	0.095877	0.093333	0.002544	0.000000 	0.000000
2.900000	0.098752	0.096667	0.002086	0.000000 	0.000000
3.000000	0.100000	0.100000	0.000000	0.000000 	0.000000
3.100000	0.103333	0.103333	0.000000	0.000000 	0.000000
3.200000	0.106667	0.106667	0.000000	0.000000 	0.000000
3.300000	0.110000	0.110000	0.000000	0.000000 	0.000000
3.400000	0.113333	0.113333	0.000000	0.000000 	0.000000
3.500000	0.116667	0.116667	0.000000	0.000000 	0.000000
3.600000	0.120000	0.120000	0.000000	0.000000 	0.000000
3.700000	0.123333	0.123333	0.000000	0.000000 	0.000000
3.800000	0.126667	0.126667	0.000000	0.000000 	0.000000
3.900000	0.130000	0.130000	0.000000	0.000000 	0.000000
4.000000	0.133333	0.133333	0.000000	0.000000 	0.000000
4.100000	0.136667	0.136667	0.000000	0.000000 	0.000000
4.200000	0.140000	0.140000	0.000000	0.000000 	0.000000
4.300000	0.143333	0.143333	0.000000	0.000000 	0.000000
4.400000	0.146667	0.146667	0.000000	0.000000 	0.000000
4.500000	0.150000	0.150000	0.000000	0.000000 	0.000000
4.600000	0.153333	0.153333	0.000000	0.000000 	0.000000
4.700000	0.156667	0.156667	0.000000	0.000000 	0.000000
4.800000	0.160000	0.160000	0.000000	0.000000 	0.000000
4.900000	0.163333	0.163333	0.000000	0.000000 	0.000000
5.000000	0.166667	0.166667	0.000000	0.000000 	0.000000
5.100000	0.170000	0.170000	0.000000	0.000000 	0.000000
5.200000	0.173333	0.173333	0.000000	0.000000 	0.000000
5.300000	0.176667	0.176667	0.000000	0.000000 	0.000000
5.400000	0.180000	0.180000	0.000000	0.000000 	0.000000
5.500000	0.183333	0.183333	0.000000	0.000000 	0.000000
5.600000	0.186667	0.186667	0.000000	0.000000 	0.000000
5.700000	0.190000	0.190000	0.000000	0.000000 	0.000000
5.800000	0.193333	0.193333	0.000000	0.000000 	0.000000
5.900000	0.196667	0.196667	0.000000	0.000000 	0.000000
6.000000	0.200000	0.200000	0.000000	0.000000 	0.000000
6.100000	0.203333	0.203333	0.000000	0.000000 	0.000000
6.200000	0.206667	0.206667	0.000000	0.000000 	0.000000
6.300000	0.210000	0.210000	0.000000	0.000000 	0.000000
6.400000	0.213333	0.213333	0.000000	0.000000 	0.000000
6.500000	0.216667	0.216667	0.000000	0.000000 	0.000000
6.600000	0.220000	0.220000	0.000000	0.000000 	0.000000
6.700000	0.223333	0.223333	0.000000	0.000000 	0.000000
6.800000	0.226667	0.226667	0.000000	0.000000 	0.000000
6.900000	0.230000	0.230000	0.000000	0.000000 	0.000000
7.000000	0.233333	0.233333	0.000000	0.000000 	0.000000
7.100000	0.236667	0.236667	0.000000	0.000000 	0.000000
7.200000	0.240000	0.240000	0.000000	0.000000 	0.000000
7.300000	0.243333	0.243333	0.000000	0.000000 	0.000000
7.400000	0.246667	0.246667	0.000000	0.000000 	0.000000
7.500000	0.250000	0.250000	0.000000	0.000000 	0.000000
7.600000	0.253333	0.253333	0.000000	0.000000 	0.000000
7.700000	0.256667	0.256667	0.000000	0.000000 	0.000000
7.800000	0.260000	0.260000	0.000000	0.000000 	0.000000
7.900000	0.263333	0.263333	0.000000	0.000000 	0.000000
8.000000	0.266667	0.266667	0.000000	0.000000 	0.000000
8.100000	0.270000	0.270000	0.000000	0.000000 	0.000000
8.200000	0.273333	0.273333	0.000000	0.000000 	0.000000
8.300000	0.276667	0.276667	0.000000	0.000000 	0.000000
8.400000	0.280000	0.280000	0.000000	0.000000 	0.000000
8.500000	0.283333	0.283333	0.000000	0.000000 	0.000000
8.600000	0.286667	0.286667	0.000000	0.000000 	0.000000
8.700000	0.290000	0.290000	0.000000	0.000000 	0.000000
8.800000	0.293333	0.293333	0.000000	0.000000 	0.000000
8.900000	0.296667	0.296667	0.000000	0.000000 	0.000000
9.000000	0.300000	0.300000	0.000000	0.000000 	0.000000
9.100000	0.303333	0.303333	0.000000	0.000000 	0.000000
9.200000	0.306667	0.306667	0.000000	0.000000 	0.000000
9.300000	0.310000	0.310000	0.000000	0.000000 	0.000000
9.400000	0.313333	0.313333	0.000000	0.000000 	0.000000
9.500000	0.316667	0.316667	0.000000	0.000000 	0.000000
9.600000	0.320000	0.320000	0.000000	0.000000 	0.000000
9.700000	0.323333	0.323333	0.000000	0.000000 	0.000000
9.800000	0.326667	0.326667	0.000000	0.000000 	0.000000
9.900000	0.330000	0.330000	0.000000	0.000000 	0.000000
