VARIABLES = X,Ksi,B,H,U,tau 
ZONE T="Time 55.000000", I=1100, DATAPACKING=POINT
-100.000000	0.002231	-3.333333	3.335564	-0.045352 	0.003498
-99.900000	-0.000697	-3.330000	3.329303	-0.040408 	0.003501
-99.800000	0.000533	-3.326667	3.327200	-0.042600 	0.003502
-99.700000	0.000022	-3.323333	3.323355	-0.041799 	0.003505
-99.600000	0.000240	-3.320000	3.320240	-0.042252 	0.003506
-99.500000	0.000153	-3.316667	3.316820	-0.042178 	0.003508
-99.400000	0.000194	-3.313333	3.313527	-0.042324 	0.003510
-99.300000	0.000182	-3.310000	3.310182	-0.042377 	0.003511
-99.200000	0.000192	-3.306667	3.306859	-0.042468 	0.003513
-99.100000	0.000192	-3.303333	3.303525	-0.042542 	0.003515
-99.000000	0.000197	-3.300000	3.300197	-0.042623 	0.003517
-98.900000	0.000200	-3.296667	3.296867	-0.042699 	0.003519
-98.800000	0.000204	-3.293333	3.293537	-0.042777 	0.003520
-98.700000	0.000207	-3.290000	3.290207	-0.042853 	0.003522
-98.600000	0.000211	-3.286667	3.286878	-0.042928 	0.003524
-98.500000	0.000215	-3.283333	3.283548	-0.043003 	0.003526
-98.400000	0.000218	-3.280000	3.280218	-0.043078 	0.003527
-98.300000	0.000222	-3.276667	3.276889	-0.043151 	0.003529
-98.200000	0.000226	-3.273333	3.273559	-0.043224 	0.003531
-98.100000	0.000230	-3.270000	3.270230	-0.043296 	0.003533
-98.000000	0.000234	-3.266667	3.266901	-0.043367 	0.003535
-97.900000	0.000239	-3.263333	3.263572	-0.043438 	0.003536
-97.800000	0.000243	-3.260000	3.260243	-0.043508 	0.003538
-97.700000	0.000247	-3.256667	3.256914	-0.043577 	0.003540
-97.600000	0.000251	-3.253333	3.253584	-0.043646 	0.003542
-97.500000	0.000256	-3.250000	3.250256	-0.043714 	0.003544
-97.400000	0.000260	-3.246667	3.246927	-0.043781 	0.003546
-97.300000	0.000265	-3.243333	3.243598	-0.043847 	0.003547
-97.200000	0.000270	-3.240000	3.240270	-0.043913 	0.003549
-97.100000	0.000274	-3.236667	3.236941	-0.043978 	0.003551
-97.000000	0.000279	-3.233333	3.233612	-0.044042 	0.003553
-96.900000	0.000284	-3.230000	3.230284	-0.044105 	0.003555
-96.800000	0.000289	-3.226667	3.226956	-0.044168 	0.003556
-96.700000	0.000294	-3.223333	3.223627	-0.044230 	0.003558
-96.600000	0.000299	-3.220000	3.220299	-0.044291 	0.003560
-96.500000	0.000304	-3.216667	3.216971	-0.044352 	0.003562
-96.400000	0.000309	-3.213333	3.213642	-0.044411 	0.003564
-96.300000	0.000314	-3.210000	3.210314	-0.044470 	0.003566
-96.200000	0.000319	-3.206667	3.206986	-0.044528 	0.003568
-96.100000	0.000325	-3.203333	3.203658	-0.044586 	0.003569
-96.000000	0.000330	-3.200000	3.200330	-0.044642 	0.003571
-95.900000	0.000336	-3.196667	3.197003	-0.044698 	0.003573
-95.800000	0.000341	-3.193333	3.193674	-0.044753 	0.003575
-95.700000	0.000347	-3.190000	3.190347	-0.044807 	0.003577
-95.600000	0.000353	-3.186667	3.187020	-0.044861 	0.003579
-95.500000	0.000358	-3.183333	3.183691	-0.044914 	0.003581
-95.400000	0.000364	-3.180000	3.180364	-0.044965 	0.003582
-95.300000	0.000370	-3.176667	3.177037	-0.045017 	0.003584
-95.200000	0.000376	-3.173333	3.173709	-0.045067 	0.003586
-95.100000	0.000382	-3.170000	3.170382	-0.045116 	0.003588
-95.000000	0.000388	-3.166667	3.167055	-0.045165 	0.003590
-94.900000	0.000394	-3.163333	3.163727	-0.045213 	0.003592
-94.800000	0.000401	-3.160000	3.160401	-0.045260 	0.003594
-94.700000	0.000407	-3.156667	3.157074	-0.045307 	0.003596
-94.600000	0.000413	-3.153333	3.153746	-0.045352 	0.003598
-94.500000	0.000420	-3.150000	3.150420	-0.045397 	0.003599
-94.400000	0.000426	-3.146667	3.147093	-0.045441 	0.003601
-94.300000	0.000433	-3.143333	3.143766	-0.045484 	0.003603
-94.200000	0.000439	-3.140000	3.140439	-0.045526 	0.003605
-94.100000	0.000446	-3.136667	3.137113	-0.045567 	0.003607
-94.000000	0.000453	-3.133333	3.133786	-0.045608 	0.003609
-93.900000	0.000459	-3.130000	3.130459	-0.045647 	0.003611
-93.800000	0.000466	-3.126667	3.127133	-0.045686 	0.003613
-93.700000	0.000473	-3.123333	3.123806	-0.045724 	0.003615
-93.600000	0.000480	-3.120000	3.120480	-0.045761 	0.003617
-93.500000	0.000487	-3.116667	3.117154	-0.045798 	0.003619
-93.400000	0.000494	-3.113333	3.113827	-0.045833 	0.003621
-93.300000	0.000502	-3.110000	3.110502	-0.045868 	0.003622
-93.200000	0.000509	-3.106667	3.107176	-0.045902 	0.003624
-93.100000	0.000516	-3.103333	3.103849	-0.045935 	0.003626
-93.000000	0.000524	-3.100000	3.100524	-0.045967 	0.003628
-92.900000	0.000531	-3.096667	3.097198	-0.045998 	0.003630
-92.800000	0.000539	-3.093333	3.093872	-0.046028 	0.003632
-92.700000	0.000546	-3.090000	3.090546	-0.046057 	0.003634
-92.600000	0.000554	-3.086667	3.087221	-0.046086 	0.003636
-92.500000	0.000561	-3.083333	3.083894	-0.046113 	0.003638
-92.400000	0.000569	-3.080000	3.080569	-0.046140 	0.003640
-92.300000	0.000577	-3.076667	3.077244	-0.046166 	0.003642
-92.200000	0.000585	-3.073333	3.073918	-0.046191 	0.003644
-92.100000	0.000593	-3.070000	3.070593	-0.046215 	0.003646
-92.000000	0.000601	-3.066667	3.067268	-0.046238 	0.003648
-91.900000	0.000609	-3.063333	3.063942	-0.046260 	0.003650
-91.800000	0.000617	-3.060000	3.060617	-0.046282 	0.003652
-91.700000	0.000625	-3.056667	3.057292	-0.046302 	0.003654
-91.600000	0.000633	-3.053333	3.053966	-0.046322 	0.003656
-91.500000	0.000642	-3.050000	3.050642	-0.046340 	0.003658
-91.400000	0.000650	-3.046667	3.047317	-0.046358 	0.003660
-91.300000	0.000658	-3.043333	3.043991	-0.046375 	0.003662
-91.200000	0.000667	-3.040000	3.040667	-0.046391 	0.003664
-91.100000	0.000675	-3.036667	3.037342	-0.046406 	0.003666
-91.000000	0.000684	-3.033333	3.034017	-0.046420 	0.003668
-90.900000	0.000693	-3.030000	3.030693	-0.046433 	0.003670
-90.800000	0.000701	-3.026667	3.027368	-0.046445 	0.003672
-90.700000	0.000710	-3.023333	3.024043	-0.046456 	0.003674
-90.600000	0.000719	-3.020000	3.020719	-0.046466 	0.003676
-90.500000	0.000728	-3.016667	3.017395	-0.046475 	0.003678
-90.400000	0.000737	-3.013333	3.014070	-0.046484 	0.003680
-90.300000	0.000746	-3.010000	3.010746	-0.046491 	0.003682
-90.200000	0.000755	-3.006667	3.007422	-0.046497 	0.003684
-90.100000	0.000764	-3.003333	3.004097	-0.046503 	0.003686
-90.000000	0.000773	-3.000000	3.000773	-0.046507 	0.003688
-89.900000	0.000782	-2.996667	2.997449	-0.046511 	0.003690
-89.800000	0.000791	-2.993333	2.994124	-0.046513 	0.003692
-89.700000	0.000801	-2.990000	2.990801	-0.046515 	0.003694
-89.600000	0.000810	-2.986667	2.987477	-0.046515 	0.003696
-89.500000	0.000819	-2.983333	2.984152	-0.046515 	0.003698
-89.400000	0.000829	-2.980000	2.980829	-0.046514 	0.003700
-89.300000	0.000838	-2.976667	2.977505	-0.046511 	0.003702
-89.200000	0.000848	-2.973333	2.974181	-0.046508 	0.003705
-89.100000	0.000857	-2.970000	2.970857	-0.046503 	0.003707
-89.000000	0.000867	-2.966667	2.967534	-0.046498 	0.003709
-88.900000	0.000877	-2.963333	2.964210	-0.046492 	0.003711
-88.800000	0.000887	-2.960000	2.960887	-0.046484 	0.003713
-88.700000	0.000896	-2.956667	2.957563	-0.046476 	0.003715
-88.600000	0.000906	-2.953333	2.954239	-0.046466 	0.003717
-88.500000	0.000916	-2.950000	2.950916	-0.046456 	0.003719
-88.400000	0.000926	-2.946667	2.947593	-0.046444 	0.003721
-88.300000	0.000936	-2.943333	2.944269	-0.046432 	0.003723
-88.200000	0.000946	-2.940000	2.940946	-0.046418 	0.003725
-88.100000	0.000956	-2.936667	2.937623	-0.046404 	0.003728
-88.000000	0.000966	-2.933333	2.934299	-0.046388 	0.003730
-87.900000	0.000976	-2.930000	2.930976	-0.046372 	0.003732
-87.800000	0.000986	-2.926667	2.927653	-0.046354 	0.003734
-87.700000	0.000997	-2.923333	2.924330	-0.046335 	0.003736
-87.600000	0.001007	-2.920000	2.921007	-0.046315 	0.003738
-87.500000	0.001017	-2.916667	2.917684	-0.046295 	0.003740
-87.400000	0.001028	-2.913333	2.914361	-0.046273 	0.003742
-87.300000	0.001038	-2.910000	2.911038	-0.046250 	0.003744
-87.200000	0.001048	-2.906667	2.907715	-0.046226 	0.003747
-87.100000	0.001059	-2.903333	2.904392	-0.046201 	0.003749
-87.000000	0.001069	-2.900000	2.901069	-0.046175 	0.003751
-86.900000	0.001080	-2.896667	2.897747	-0.046147 	0.003753
-86.800000	0.001090	-2.893333	2.894423	-0.046119 	0.003755
-86.700000	0.001101	-2.890000	2.891101	-0.046090 	0.003757
-86.600000	0.001112	-2.886667	2.887779	-0.046059 	0.003760
-86.500000	0.001122	-2.883333	2.884455	-0.046028 	0.003762
-86.400000	0.001133	-2.880000	2.881133	-0.045995 	0.003764
-86.300000	0.001144	-2.876667	2.877811	-0.045961 	0.003766
-86.200000	0.001154	-2.873333	2.874487	-0.045927 	0.003768
-86.100000	0.001165	-2.870000	2.871165	-0.045891 	0.003770
-86.000000	0.001176	-2.866667	2.867843	-0.045854 	0.003773
-85.900000	0.001187	-2.863333	2.864520	-0.045816 	0.003775
-85.800000	0.001198	-2.860000	2.861198	-0.045776 	0.003777
-85.700000	0.001209	-2.856667	2.857876	-0.045736 	0.003779
-85.600000	0.001220	-2.853333	2.854553	-0.045694 	0.003781
-85.500000	0.001231	-2.850000	2.851231	-0.045652 	0.003784
-85.400000	0.001242	-2.846667	2.847909	-0.045608 	0.003786
-85.300000	0.001252	-2.843333	2.844585	-0.045563 	0.003788
-85.200000	0.001264	-2.840000	2.841264	-0.045517 	0.003790
-85.100000	0.001275	-2.836667	2.837942	-0.045470 	0.003792
-85.000000	0.001286	-2.833333	2.834619	-0.045422 	0.003795
-84.900000	0.001297	-2.830000	2.831297	-0.045372 	0.003797
-84.800000	0.001308	-2.826667	2.827975	-0.045322 	0.003799
-84.700000	0.001319	-2.823333	2.824652	-0.045270 	0.003801
-84.600000	0.001330	-2.820000	2.821330	-0.045217 	0.003804
-84.500000	0.001341	-2.816667	2.818008	-0.045163 	0.003806
-84.400000	0.001352	-2.813333	2.814685	-0.045108 	0.003808
-84.300000	0.001363	-2.810000	2.811363	-0.045051 	0.003810
-84.200000	0.001375	-2.806667	2.808042	-0.044994 	0.003813
-84.100000	0.001386	-2.803333	2.804719	-0.044935 	0.003815
-84.000000	0.001397	-2.800000	2.801397	-0.044875 	0.003817
-83.900000	0.001408	-2.796667	2.798075	-0.044814 	0.003819
-83.800000	0.001419	-2.793333	2.794752	-0.044752 	0.003822
-83.700000	0.001431	-2.790000	2.791431	-0.044688 	0.003824
-83.600000	0.001442	-2.786667	2.788109	-0.044624 	0.003826
-83.500000	0.001453	-2.783333	2.784786	-0.044558 	0.003828
-83.400000	0.001464	-2.780000	2.781464	-0.044491 	0.003831
-83.300000	0.001475	-2.776667	2.778142	-0.044422 	0.003833
-83.200000	0.001487	-2.773333	2.774820	-0.044353 	0.003835
-83.100000	0.001498	-2.770000	2.771498	-0.044282 	0.003838
-83.000000	0.001509	-2.766667	2.768176	-0.044210 	0.003840
-82.900000	0.001520	-2.763333	2.764853	-0.044137 	0.003842
-82.800000	0.001532	-2.760000	2.761532	-0.044063 	0.003845
-82.700000	0.001543	-2.756667	2.758210	-0.043987 	0.003847
-82.600000	0.001554	-2.753333	2.754887	-0.043910 	0.003849
-82.500000	0.001565	-2.750000	2.751565	-0.043832 	0.003851
-82.400000	0.001576	-2.746667	2.748243	-0.043753 	0.003854
-82.300000	0.001588	-2.743333	2.744921	-0.043673 	0.003856
-82.200000	0.001599	-2.740000	2.741599	-0.043591 	0.003858
-82.100000	0.001610	-2.736667	2.738277	-0.043508 	0.003861
-82.000000	0.001621	-2.733333	2.734954	-0.043423 	0.003863
-81.900000	0.001632	-2.730000	2.731632	-0.043338 	0.003866
-81.800000	0.001643	-2.726667	2.728310	-0.043251 	0.003868
-81.700000	0.001655	-2.723333	2.724988	-0.043163 	0.003870
-81.600000	0.001666	-2.720000	2.721666	-0.043074 	0.003873
-81.500000	0.001677	-2.716667	2.718344	-0.042983 	0.003875
-81.400000	0.001688	-2.713333	2.715021	-0.042891 	0.003877
-81.300000	0.001699	-2.710000	2.711699	-0.042798 	0.003880
-81.200000	0.001710	-2.706667	2.708377	-0.042703 	0.003882
-81.100000	0.001721	-2.703333	2.705054	-0.042608 	0.003884
-81.000000	0.001732	-2.700000	2.701732	-0.042511 	0.003887
-80.900000	0.001743	-2.696667	2.698410	-0.042412 	0.003889
-80.800000	0.001754	-2.693333	2.695087	-0.042313 	0.003892
-80.700000	0.001764	-2.690000	2.691764	-0.042212 	0.003894
-80.600000	0.001775	-2.686667	2.688442	-0.042110 	0.003896
-80.500000	0.001786	-2.683333	2.685119	-0.042006 	0.003899
-80.400000	0.001797	-2.680000	2.681797	-0.041901 	0.003901
-80.300000	0.001808	-2.676667	2.678475	-0.041795 	0.003904
-80.200000	0.001818	-2.673333	2.675151	-0.041688 	0.003906
-80.100000	0.001829	-2.670000	2.671829	-0.041579 	0.003909
-80.000000	0.001840	-2.666667	2.668507	-0.041469 	0.003911
-79.900000	0.001850	-2.663333	2.665183	-0.041357 	0.003913
-79.800000	0.001861	-2.660000	2.661861	-0.041244 	0.003916
-79.700000	0.001872	-2.656667	2.658539	-0.041130 	0.003918
-79.600000	0.001882	-2.653333	2.655215	-0.041015 	0.003921
-79.500000	0.001893	-2.650000	2.651893	-0.040898 	0.003923
-79.400000	0.001903	-2.646667	2.648570	-0.040780 	0.003926
-79.300000	0.001913	-2.643333	2.645246	-0.040660 	0.003928
-79.200000	0.001924	-2.640000	2.641924	-0.040539 	0.003931
-79.100000	0.001934	-2.636667	2.638601	-0.040417 	0.003933
-79.000000	0.001944	-2.633333	2.635277	-0.040294 	0.003936
-78.900000	0.001955	-2.630000	2.631955	-0.040169 	0.003938
-78.800000	0.001965	-2.626667	2.628632	-0.040042 	0.003941
-78.700000	0.001975	-2.623333	2.625308	-0.039915 	0.003943
-78.600000	0.001985	-2.620000	2.621985	-0.039786 	0.003945
-78.500000	0.001995	-2.616667	2.618662	-0.039655 	0.003948
-78.400000	0.002005	-2.613333	2.615338	-0.039524 	0.003951
-78.300000	0.002015	-2.610000	2.612015	-0.039391 	0.003953
-78.200000	0.002025	-2.606667	2.608692	-0.039256 	0.003956
-78.100000	0.002034	-2.603333	2.605367	-0.039120 	0.003958
-78.000000	0.002044	-2.600000	2.602044	-0.038983 	0.003961
-77.900000	0.002054	-2.596667	2.598721	-0.038844 	0.003963
-77.800000	0.002063	-2.593333	2.595396	-0.038704 	0.003966
-77.700000	0.002073	-2.590000	2.592073	-0.038563 	0.003968
-77.600000	0.002082	-2.586667	2.588749	-0.038420 	0.003971
-77.500000	0.002092	-2.583333	2.585425	-0.038276 	0.003973
-77.400000	0.002101	-2.580000	2.582101	-0.038130 	0.003976
-77.300000	0.002111	-2.576667	2.578778	-0.037983 	0.003978
-77.200000	0.002120	-2.573333	2.575453	-0.037835 	0.003981
-77.100000	0.002129	-2.570000	2.572129	-0.037685 	0.003984
-77.000000	0.002138	-2.566667	2.568805	-0.037534 	0.003986
-76.900000	0.002147	-2.563333	2.565480	-0.037381 	0.003989
-76.800000	0.002156	-2.560000	2.562156	-0.037227 	0.003991
-76.700000	0.002165	-2.556667	2.558832	-0.037072 	0.003994
-76.600000	0.002174	-2.553333	2.555507	-0.036915 	0.003996
-76.500000	0.002183	-2.550000	2.552183	-0.036756 	0.003999
-76.400000	0.002192	-2.546667	2.548859	-0.036597 	0.004002
-76.300000	0.002200	-2.543333	2.545533	-0.036436 	0.004004
-76.200000	0.002209	-2.540000	2.542209	-0.036273 	0.004007
-76.100000	0.002218	-2.536667	2.538885	-0.036109 	0.004010
-76.000000	0.002226	-2.533333	2.535559	-0.035944 	0.004012
-75.900000	0.002235	-2.530000	2.532235	-0.035777 	0.004015
-75.800000	0.002243	-2.526667	2.528910	-0.035609 	0.004017
-75.700000	0.002251	-2.523333	2.525584	-0.035439 	0.004020
-75.600000	0.002259	-2.520000	2.522259	-0.035268 	0.004023
-75.500000	0.002267	-2.516667	2.518934	-0.035096 	0.004025
-75.400000	0.002276	-2.513333	2.515609	-0.034922 	0.004028
-75.300000	0.002284	-2.510000	2.512284	-0.034746 	0.004031
-75.200000	0.002291	-2.506667	2.508958	-0.034569 	0.004033
-75.100000	0.002299	-2.503333	2.505632	-0.034391 	0.004036
-75.000000	0.002307	-2.500000	2.502307	-0.034212 	0.004039
-74.900000	0.002315	-2.496667	2.498982	-0.034030 	0.004041
-74.800000	0.002322	-2.493333	2.495655	-0.033848 	0.004044
-74.700000	0.002330	-2.490000	2.492330	-0.033664 	0.004047
-74.600000	0.002337	-2.486667	2.489004	-0.033479 	0.004050
-74.500000	0.002345	-2.483333	2.485678	-0.033292 	0.004052
-74.400000	0.002352	-2.480000	2.482352	-0.033104 	0.004055
-74.300000	0.002359	-2.476667	2.479026	-0.032914 	0.004058
-74.200000	0.002367	-2.473333	2.475700	-0.032723 	0.004060
-74.100000	0.002374	-2.470000	2.472374	-0.032530 	0.004063
-74.000000	0.002381	-2.466667	2.469048	-0.032336 	0.004066
-73.900000	0.002388	-2.463333	2.465721	-0.032141 	0.004069
-73.800000	0.002394	-2.460000	2.462394	-0.031944 	0.004071
-73.700000	0.002401	-2.456667	2.459068	-0.031746 	0.004074
-73.600000	0.002408	-2.453333	2.455741	-0.031546 	0.004077
-73.500000	0.002415	-2.450000	2.452415	-0.031345 	0.004080
-73.400000	0.002421	-2.446667	2.449088	-0.031142 	0.004082
-73.300000	0.002428	-2.443333	2.445761	-0.030938 	0.004085
-73.200000	0.002434	-2.440000	2.442434	-0.030733 	0.004088
-73.100000	0.002440	-2.436667	2.439107	-0.030526 	0.004091
-73.000000	0.002447	-2.433333	2.435780	-0.030317 	0.004094
-72.900000	0.002453	-2.430000	2.432453	-0.030108 	0.004096
-72.800000	0.002459	-2.426667	2.429126	-0.029896 	0.004099
-72.700000	0.002465	-2.423333	2.425798	-0.029684 	0.004102
-72.600000	0.002471	-2.420000	2.422471	-0.029470 	0.004105
-72.500000	0.002477	-2.416667	2.419144	-0.029254 	0.004108
-72.400000	0.002482	-2.413333	2.415815	-0.029037 	0.004110
-72.300000	0.002488	-2.410000	2.412488	-0.028819 	0.004113
-72.200000	0.002494	-2.406667	2.409161	-0.028599 	0.004116
-72.100000	0.002499	-2.403333	2.405832	-0.028378 	0.004119
-72.000000	0.002505	-2.400000	2.402505	-0.028155 	0.004122
-71.900000	0.002510	-2.396667	2.399177	-0.027931 	0.004125
-71.800000	0.002516	-2.393333	2.395849	-0.027705 	0.004128
-71.700000	0.002521	-2.390000	2.392521	-0.027478 	0.004130
-71.600000	0.002526	-2.386667	2.389193	-0.027250 	0.004133
-71.500000	0.002531	-2.383333	2.385864	-0.027020 	0.004136
-71.400000	0.002536	-2.380000	2.382536	-0.026789 	0.004139
-71.300000	0.002541	-2.376667	2.379208	-0.026556 	0.004142
-71.200000	0.002546	-2.373333	2.375879	-0.026322 	0.004145
-71.100000	0.002551	-2.370000	2.372551	-0.026086 	0.004148
-71.000000	0.002556	-2.366667	2.369223	-0.025849 	0.004151
-70.900000	0.002561	-2.363333	2.365894	-0.025611 	0.004154
-70.800000	0.002565	-2.360000	2.362565	-0.025371 	0.004156
-70.700000	0.002570	-2.356667	2.359237	-0.025130 	0.004159
-70.600000	0.002574	-2.353333	2.355907	-0.024887 	0.004162
-70.500000	0.002579	-2.350000	2.352579	-0.024643 	0.004165
-70.400000	0.002583	-2.346667	2.349250	-0.024398 	0.004168
-70.300000	0.002587	-2.343333	2.345920	-0.024151 	0.004171
-70.200000	0.002591	-2.340000	2.342591	-0.023903 	0.004174
-70.100000	0.002595	-2.336667	2.339262	-0.023653 	0.004177
-70.000000	0.002600	-2.333333	2.335933	-0.023402 	0.004180
-69.900000	0.002603	-2.330000	2.332603	-0.023150 	0.004183
-69.800000	0.002607	-2.326667	2.329274	-0.022896 	0.004186
-69.700000	0.002611	-2.323333	2.325944	-0.022640 	0.004189
-69.600000	0.002615	-2.320000	2.322615	-0.022384 	0.004192
-69.500000	0.002619	-2.316667	2.319286	-0.022126 	0.004195
-69.400000	0.002622	-2.313333	2.315955	-0.021866 	0.004198
-69.300000	0.002626	-2.310000	2.312626	-0.021605 	0.004201
-69.200000	0.002629	-2.306667	2.309296	-0.021343 	0.004204
-69.100000	0.002633	-2.303333	2.305966	-0.021080 	0.004207
-69.000000	0.002636	-2.300000	2.302636	-0.020815 	0.004210
-68.900000	0.002639	-2.296667	2.299306	-0.020548 	0.004213
-68.800000	0.002642	-2.293333	2.295975	-0.020280 	0.004216
-68.700000	0.002646	-2.290000	2.292646	-0.020011 	0.004219
-68.600000	0.002649	-2.286667	2.289316	-0.019741 	0.004222
-68.500000	0.002652	-2.283333	2.285985	-0.019469 	0.004226
-68.400000	0.002655	-2.280000	2.282655	-0.019196 	0.004229
-68.300000	0.002657	-2.276667	2.279324	-0.018921 	0.004232
-68.200000	0.002660	-2.273333	2.275993	-0.018645 	0.004235
-68.100000	0.002663	-2.270000	2.272663	-0.018368 	0.004238
-68.000000	0.002666	-2.266667	2.269333	-0.018089 	0.004241
-67.900000	0.002668	-2.263333	2.266001	-0.017809 	0.004244
-67.800000	0.002671	-2.260000	2.262671	-0.017527 	0.004247
-67.700000	0.002673	-2.256667	2.259340	-0.017245 	0.004250
-67.600000	0.002676	-2.253333	2.256009	-0.016960 	0.004254
-67.500000	0.002678	-2.250000	2.252678	-0.016675 	0.004257
-67.400000	0.002680	-2.246667	2.249347	-0.016388 	0.004260
-67.300000	0.002682	-2.243333	2.246015	-0.016100 	0.004263
-67.200000	0.002685	-2.240000	2.242685	-0.015811 	0.004266
-67.100000	0.002687	-2.236667	2.239354	-0.015520 	0.004269
-67.000000	0.002689	-2.233333	2.236022	-0.015228 	0.004272
-66.900000	0.002691	-2.230000	2.232691	-0.014934 	0.004276
-66.800000	0.002692	-2.226667	2.229359	-0.014640 	0.004279
-66.700000	0.002694	-2.223333	2.226027	-0.014343 	0.004282
-66.600000	0.002696	-2.220000	2.222696	-0.014046 	0.004285
-66.500000	0.002698	-2.216667	2.219365	-0.013747 	0.004288
-66.400000	0.002699	-2.213333	2.216032	-0.013447 	0.004292
-66.300000	0.002701	-2.210000	2.212701	-0.013146 	0.004295
-66.200000	0.002702	-2.206667	2.209369	-0.012844 	0.004298
-66.100000	0.002704	-2.203333	2.206037	-0.012540 	0.004301
-66.000000	0.002705	-2.200000	2.202705	-0.012235 	0.004305
-65.900000	0.002706	-2.196667	2.199373	-0.011928 	0.004308
-65.800000	0.002708	-2.193333	2.196041	-0.011621 	0.004311
-65.700000	0.002709	-2.190000	2.192709	-0.011312 	0.004314
-65.600000	0.002710	-2.186667	2.189377	-0.011001 	0.004318
-65.500000	0.002711	-2.183333	2.186044	-0.010690 	0.004321
-65.400000	0.002712	-2.180000	2.182712	-0.010377 	0.004324
-65.300000	0.002713	-2.176667	2.179380	-0.010063 	0.004328
-65.200000	0.002714	-2.173333	2.176047	-0.009748 	0.004331
-65.100000	0.002715	-2.170000	2.172715	-0.009431 	0.004334
-65.000000	0.002715	-2.166667	2.169382	-0.009113 	0.004338
-64.900000	0.002716	-2.163333	2.166049	-0.008794 	0.004341
-64.800000	0.002717	-2.160000	2.162717	-0.008474 	0.004344
-64.700000	0.002717	-2.156667	2.159384	-0.008152 	0.004348
-64.600000	0.002718	-2.153333	2.156051	-0.007829 	0.004351
-64.500000	0.002719	-2.150000	2.152719	-0.007505 	0.004354
-64.400000	0.002719	-2.146667	2.149386	-0.007180 	0.004358
-64.300000	0.002719	-2.143333	2.146052	-0.006854 	0.004361
-64.200000	0.002720	-2.140000	2.142720	-0.006526 	0.004364
-64.100000	0.002720	-2.136667	2.139387	-0.006197 	0.004368
-64.000000	0.002720	-2.133333	2.136053	-0.005867 	0.004371
-63.900000	0.002720	-2.130000	2.132720	-0.005535 	0.004375
-63.800000	0.002721	-2.126667	2.129388	-0.005203 	0.004378
-63.700000	0.002721	-2.123333	2.126054	-0.004869 	0.004382
-63.600000	0.002721	-2.120000	2.122721	-0.004534 	0.004385
-63.500000	0.002721	-2.116667	2.119388	-0.004198 	0.004388
-63.400000	0.002721	-2.113333	2.116054	-0.003861 	0.004392
-63.300000	0.002721	-2.110000	2.112721	-0.003522 	0.004395
-63.200000	0.002720	-2.106667	2.109387	-0.003183 	0.004399
-63.100000	0.002720	-2.103333	2.106053	-0.002842 	0.004402
-63.000000	0.002720	-2.100000	2.102720	-0.002500 	0.004406
-62.900000	0.002720	-2.096667	2.099387	-0.002157 	0.004409
-62.800000	0.002719	-2.093333	2.096052	-0.001813 	0.004413
-62.700000	0.002719	-2.090000	2.092719	-0.001467 	0.004416
-62.600000	0.002719	-2.086667	2.089386	-0.001121 	0.004420
-62.500000	0.002718	-2.083333	2.086051	-0.000773 	0.004423
-62.400000	0.002718	-2.080000	2.082718	-0.000425 	0.004427
-62.300000	0.002717	-2.076667	2.079384	-0.000075 	0.004430
-62.200000	0.002716	-2.073333	2.076049	0.000276 	0.004434
-62.100000	0.002716	-2.070000	2.072716	0.000628 	0.004438
-62.000000	0.002715	-2.066667	2.069382	0.000982 	0.004441
-61.900000	0.002714	-2.063333	2.066047	0.001336 	0.004445
-61.800000	0.002714	-2.060000	2.062714	0.001691 	0.004448
-61.700000	0.002713	-2.056667	2.059380	0.002048 	0.004452
-61.600000	0.002712	-2.053333	2.056045	0.002405 	0.004456
-61.500000	0.002711	-2.050000	2.052711	0.002764 	0.004459
-61.400000	0.002710	-2.046667	2.049377	0.003123 	0.004463
-61.300000	0.002709	-2.043333	2.046042	0.003484 	0.004466
-61.200000	0.002708	-2.040000	2.042708	0.003846 	0.004470
-61.100000	0.002707	-2.036667	2.039374	0.004208 	0.004474
-61.000000	0.002706	-2.033333	2.036039	0.004572 	0.004477
-60.900000	0.002705	-2.030000	2.032705	0.004937 	0.004481
-60.800000	0.002704	-2.026667	2.029371	0.005303 	0.004485
-60.700000	0.002703	-2.023333	2.026036	0.005670 	0.004488
-60.600000	0.002701	-2.020000	2.022701	0.006037 	0.004492
-60.500000	0.002700	-2.016667	2.019367	0.006406 	0.004496
-60.400000	0.002699	-2.013333	2.016032	0.006776 	0.004500
-60.300000	0.002698	-2.010000	2.012698	0.007147 	0.004503
-60.200000	0.002696	-2.006667	2.009363	0.007519 	0.004507
-60.100000	0.002695	-2.003333	2.006028	0.007891 	0.004511
-60.000000	0.002693	-2.000000	2.002693	0.008265 	0.004515
-59.900000	0.002692	-1.996667	1.999359	0.008640 	0.004518
-59.800000	0.002690	-1.993333	1.996023	0.009015 	0.004522
-59.700000	0.002689	-1.990000	1.992689	0.009392 	0.004526
-59.600000	0.002687	-1.986667	1.989354	0.009769 	0.004530
-59.500000	0.002686	-1.983333	1.986019	0.010148 	0.004533
-59.400000	0.002684	-1.980000	1.982684	0.010527 	0.004537
-59.300000	0.002683	-1.976667	1.979350	0.010907 	0.004541
-59.200000	0.002681	-1.973333	1.976014	0.011288 	0.004545
-59.100000	0.002679	-1.970000	1.972679	0.011670 	0.004549
-59.000000	0.002678	-1.966667	1.969345	0.012053 	0.004553
-58.900000	0.002676	-1.963333	1.966009	0.012437 	0.004556
-58.800000	0.002674	-1.960000	1.962674	0.012821 	0.004560
-58.700000	0.002672	-1.956667	1.959339	0.013207 	0.004564
-58.600000	0.002671	-1.953333	1.956004	0.013593 	0.004568
-58.500000	0.002669	-1.950000	1.952669	0.013980 	0.004572
-58.400000	0.002667	-1.946667	1.949334	0.014368 	0.004576
-58.300000	0.002665	-1.943333	1.945998	0.014757 	0.004580
-58.200000	0.002663	-1.940000	1.942663	0.015146 	0.004584
-58.100000	0.002662	-1.936667	1.939329	0.015536 	0.004588
-58.000000	0.002660	-1.933333	1.935993	0.015928 	0.004592
-57.900000	0.002658	-1.930000	1.932658	0.016319 	0.004596
-57.800000	0.002656	-1.926667	1.929323	0.016712 	0.004600
-57.700000	0.002654	-1.923333	1.925987	0.017106 	0.004604
-57.600000	0.002652	-1.920000	1.922652	0.017500 	0.004608
-57.500000	0.002650	-1.916667	1.919317	0.017895 	0.004612
-57.400000	0.002648	-1.913333	1.915981	0.018290 	0.004616
-57.300000	0.002646	-1.910000	1.912646	0.018687 	0.004620
-57.200000	0.002644	-1.906667	1.909311	0.019084 	0.004624
-57.100000	0.002642	-1.903333	1.905975	0.019481 	0.004628
-57.000000	0.002640	-1.900000	1.902640	0.019880 	0.004632
-56.900000	0.002638	-1.896667	1.899305	0.020279 	0.004636
-56.800000	0.002636	-1.893333	1.895969	0.020679 	0.004640
-56.700000	0.002634	-1.890000	1.892634	0.021079 	0.004644
-56.600000	0.002632	-1.886667	1.889299	0.021480 	0.004648
-56.500000	0.002630	-1.883333	1.885963	0.021882 	0.004652
-56.400000	0.002628	-1.880000	1.882628	0.022284 	0.004656
-56.300000	0.002626	-1.876667	1.879293	0.022687 	0.004660
-56.200000	0.002624	-1.873333	1.875957	0.023091 	0.004665
-56.100000	0.002622	-1.870000	1.872622	0.023495 	0.004669
-56.000000	0.002620	-1.866667	1.869287	0.023899 	0.004673
-55.900000	0.002618	-1.863333	1.865951	0.024305 	0.004677
-55.800000	0.002616	-1.860000	1.862616	0.024711 	0.004681
-55.700000	0.002614	-1.856667	1.859281	0.025117 	0.004685
-55.600000	0.002612	-1.853333	1.855945	0.025524 	0.004690
-55.500000	0.002610	-1.850000	1.852610	0.025931 	0.004694
-55.400000	0.002608	-1.846667	1.849275	0.026339 	0.004698
-55.300000	0.002605	-1.843333	1.845938	0.026747 	0.004702
-55.200000	0.002603	-1.840000	1.842603	0.027156 	0.004707
-55.100000	0.002601	-1.836667	1.839268	0.027566 	0.004711
-55.000000	0.002600	-1.833333	1.835933	0.027975 	0.004715
-54.900000	0.002598	-1.830000	1.832598	0.028385 	0.004719
-54.800000	0.002596	-1.826667	1.829263	0.028796 	0.004724
-54.700000	0.002594	-1.823333	1.825927	0.029207 	0.004728
-54.600000	0.002592	-1.820000	1.822592	0.029619 	0.004732
-54.500000	0.002590	-1.816667	1.819257	0.030030 	0.004737
-54.400000	0.002588	-1.813333	1.815921	0.030443 	0.004741
-54.300000	0.002586	-1.810000	1.812586	0.030855 	0.004745
-54.200000	0.002584	-1.806667	1.809251	0.031268 	0.004750
-54.100000	0.002582	-1.803333	1.805915	0.031681 	0.004754
-54.000000	0.002581	-1.800000	1.802581	0.032095 	0.004758
-53.900000	0.002579	-1.796667	1.799246	0.032509 	0.004763
-53.800000	0.002577	-1.793333	1.795910	0.032923 	0.004767
-53.700000	0.002575	-1.790000	1.792575	0.033337 	0.004772
-53.600000	0.002574	-1.786667	1.789241	0.033752 	0.004776
-53.500000	0.002572	-1.783333	1.785905	0.034167 	0.004781
-53.400000	0.002570	-1.780000	1.782570	0.034582 	0.004785
-53.300000	0.002569	-1.776667	1.779236	0.034998 	0.004790
-53.200000	0.002567	-1.773333	1.775900	0.035413 	0.004794
-53.100000	0.002565	-1.770000	1.772565	0.035829 	0.004799
-53.000000	0.002564	-1.766667	1.769231	0.036245 	0.004803
-52.900000	0.002562	-1.763333	1.765895	0.036661 	0.004808
-52.800000	0.002561	-1.760000	1.762561	0.037077 	0.004812
-52.700000	0.002560	-1.756667	1.759227	0.037494 	0.004817
-52.600000	0.002558	-1.753333	1.755891	0.037910 	0.004821
-52.500000	0.002557	-1.750000	1.752557	0.038327 	0.004826
-52.400000	0.002556	-1.746667	1.749223	0.038743 	0.004831
-52.300000	0.002554	-1.743333	1.745887	0.039160 	0.004835
-52.200000	0.002553	-1.740000	1.742553	0.039577 	0.004840
-52.100000	0.002552	-1.736667	1.739219	0.039993 	0.004844
-52.000000	0.002551	-1.733333	1.735884	0.040410 	0.004849
-51.900000	0.002550	-1.730000	1.732550	0.040827 	0.004854
-51.800000	0.002549	-1.726667	1.729216	0.041244 	0.004858
-51.700000	0.002548	-1.723333	1.725881	0.041660 	0.004863
-51.600000	0.002547	-1.720000	1.722547	0.042077 	0.004868
-51.500000	0.002546	-1.716667	1.719213	0.042494 	0.004873
-51.400000	0.002545	-1.713333	1.715878	0.042910 	0.004877
-51.300000	0.002545	-1.710000	1.712545	0.043326 	0.004882
-51.200000	0.002544	-1.706667	1.709211	0.043743 	0.004887
-51.100000	0.002543	-1.703333	1.705876	0.044159 	0.004892
-51.000000	0.002543	-1.700000	1.702543	0.044575 	0.004896
-50.900000	0.002542	-1.696667	1.699209	0.044991 	0.004901
-50.800000	0.002542	-1.693333	1.695875	0.045406 	0.004906
-50.700000	0.002542	-1.690000	1.692542	0.045821 	0.004911
-50.600000	0.002541	-1.686667	1.689208	0.046237 	0.004916
-50.500000	0.002541	-1.683333	1.685874	0.046651 	0.004920
-50.400000	0.002541	-1.680000	1.682541	0.047066 	0.004925
-50.300000	0.002541	-1.676667	1.679208	0.047480 	0.004930
-50.200000	0.002541	-1.673333	1.675874	0.047894 	0.004935
-50.100000	0.002541	-1.670000	1.672541	0.048308 	0.004940
-50.000000	0.002541	-1.666667	1.669208	0.048721 	0.004945
-49.900000	0.002541	-1.663333	1.665874	0.049134 	0.004950
-49.800000	0.002541	-1.660000	1.662541	0.049547 	0.004955
-49.700000	0.002542	-1.656667	1.659209	0.049959 	0.004960
-49.600000	0.002542	-1.653333	1.655875	0.050371 	0.004965
-49.500000	0.002543	-1.650000	1.652543	0.050782 	0.004970
-49.400000	0.002543	-1.646667	1.649210	0.051193 	0.004975
-49.300000	0.002544	-1.643333	1.645877	0.051603 	0.004980
-49.200000	0.002545	-1.640000	1.642545	0.052013 	0.004985
-49.100000	0.002545	-1.636667	1.639212	0.052423 	0.004990
-49.000000	0.002546	-1.633333	1.635879	0.052831 	0.004995
-48.900000	0.002547	-1.630000	1.632547	0.053240 	0.005000
-48.800000	0.002548	-1.626667	1.629215	0.053647 	0.005005
-48.700000	0.002549	-1.623333	1.625882	0.054055 	0.005010
-48.600000	0.002551	-1.620000	1.622551	0.054461 	0.005016
-48.500000	0.002552	-1.616667	1.619219	0.054867 	0.005021
-48.400000	0.002553	-1.613333	1.615886	0.055272 	0.005026
-48.300000	0.002555	-1.610000	1.612555	0.055677 	0.005031
-48.200000	0.002556	-1.606667	1.609223	0.056081 	0.005036
-48.100000	0.002558	-1.603333	1.605891	0.056484 	0.005041
-48.000000	0.002560	-1.600000	1.602560	0.056886 	0.005047
-47.900000	0.002561	-1.596667	1.599228	0.057288 	0.005052
-47.800000	0.002563	-1.593333	1.595896	0.057689 	0.005057
-47.700000	0.002565	-1.590000	1.592565	0.058089 	0.005063
-47.600000	0.002567	-1.586667	1.589234	0.058488 	0.005068
-47.500000	0.002570	-1.583333	1.585903	0.058886 	0.005073
-47.400000	0.002572	-1.580000	1.582572	0.059284 	0.005078
-47.300000	0.002574	-1.576667	1.579241	0.059681 	0.005084
-47.200000	0.002577	-1.573333	1.575910	0.060077 	0.005089
-47.100000	0.002579	-1.570000	1.572579	0.060471 	0.005095
-47.000000	0.002582	-1.566667	1.569249	0.060865 	0.005100
-46.900000	0.002584	-1.563333	1.565917	0.061258 	0.005105
-46.800000	0.002587	-1.560000	1.562587	0.061650 	0.005111
-46.700000	0.002590	-1.556667	1.559257	0.062041 	0.005116
-46.600000	0.002593	-1.553333	1.555926	0.062431 	0.005122
-46.500000	0.002596	-1.550000	1.552596	0.062820 	0.005127
-46.400000	0.002599	-1.546667	1.549266	0.063208 	0.005133
-46.300000	0.002602	-1.543333	1.545935	0.063595 	0.005138
-46.200000	0.002605	-1.540000	1.542605	0.063981 	0.005144
-46.100000	0.002609	-1.536667	1.539276	0.064365 	0.005149
-46.000000	0.002612	-1.533333	1.535945	0.064749 	0.005155
-45.900000	0.002616	-1.530000	1.532616	0.065131 	0.005161
-45.800000	0.002619	-1.526667	1.529286	0.065512 	0.005166
-45.700000	0.002623	-1.523333	1.525956	0.065892 	0.005172
-45.600000	0.002627	-1.520000	1.522627	0.066271 	0.005178
-45.500000	0.002631	-1.516667	1.519298	0.066648 	0.005183
-45.400000	0.002634	-1.513333	1.515967	0.067025 	0.005189
-45.300000	0.002638	-1.510000	1.512638	0.067399 	0.005195
-45.200000	0.002642	-1.506667	1.509309	0.067773 	0.005200
-45.100000	0.002647	-1.503333	1.505980	0.068145 	0.005206
-45.000000	0.002651	-1.500000	1.502651	0.068516 	0.005212
-44.900000	0.002655	-1.496667	1.499322	0.068886 	0.005218
-44.800000	0.002659	-1.493333	1.495992	0.069254 	0.005223
-44.700000	0.002664	-1.490000	1.492664	0.069621 	0.005229
-44.600000	0.002668	-1.486667	1.489335	0.069986 	0.005235
-44.500000	0.002673	-1.483333	1.486006	0.070350 	0.005241
-44.400000	0.002677	-1.480000	1.482677	0.070712 	0.005247
-44.300000	0.002682	-1.476667	1.479349	0.071073 	0.005253
-44.200000	0.002687	-1.473333	1.476020	0.071432 	0.005259
-44.100000	0.002692	-1.470000	1.472692	0.071790 	0.005265
-44.000000	0.002696	-1.466667	1.469363	0.072146 	0.005271
-43.900000	0.002701	-1.463333	1.466034	0.072501 	0.005276
-43.800000	0.002706	-1.460000	1.462706	0.072854 	0.005282
-43.700000	0.002711	-1.456667	1.459378	0.073205 	0.005289
-43.600000	0.002716	-1.453333	1.456049	0.073555 	0.005295
-43.500000	0.002721	-1.450000	1.452721	0.073903 	0.005301
-43.400000	0.002727	-1.446667	1.449394	0.074249 	0.005307
-43.300000	0.002732	-1.443333	1.446065	0.074594 	0.005313
-43.200000	0.002737	-1.440000	1.442737	0.074937 	0.005319
-43.100000	0.002742	-1.436667	1.439409	0.075278 	0.005325
-43.000000	0.002747	-1.433333	1.436080	0.075617 	0.005331
-42.900000	0.002753	-1.430000	1.432753	0.075955 	0.005337
-42.800000	0.002758	-1.426667	1.429425	0.076291 	0.005344
-42.700000	0.002763	-1.423333	1.426096	0.076624 	0.005350
-42.600000	0.002769	-1.420000	1.422769	0.076956 	0.005356
-42.500000	0.002774	-1.416667	1.419441	0.077286 	0.005362
-42.400000	0.002780	-1.413333	1.416113	0.077615 	0.005369
-42.300000	0.002785	-1.410000	1.412785	0.077941 	0.005375
-42.200000	0.002791	-1.406667	1.409458	0.078265 	0.005381
-42.100000	0.002796	-1.403333	1.406129	0.078587 	0.005388
-42.000000	0.002802	-1.400000	1.402802	0.078907 	0.005394
-41.900000	0.002807	-1.396667	1.399474	0.079226 	0.005401
-41.800000	0.002813	-1.393333	1.396146	0.079542 	0.005407
-41.700000	0.002818	-1.390000	1.392818	0.079856 	0.005413
-41.600000	0.002824	-1.386667	1.389491	0.080167 	0.005420
-41.500000	0.002829	-1.383333	1.386162	0.080477 	0.005426
-41.400000	0.002835	-1.380000	1.382835	0.080785 	0.005433
-41.300000	0.002840	-1.376667	1.379507	0.081090 	0.005439
-41.200000	0.002846	-1.373333	1.376179	0.081393 	0.005446
-41.100000	0.002851	-1.370000	1.372851	0.081694 	0.005453
-41.000000	0.002857	-1.366667	1.369524	0.081993 	0.005459
-40.900000	0.002862	-1.363333	1.366195	0.082289 	0.005466
-40.800000	0.002867	-1.360000	1.362867	0.082583 	0.005473
-40.700000	0.002873	-1.356667	1.359540	0.082875 	0.005479
-40.600000	0.002878	-1.353333	1.356211	0.083164 	0.005486
-40.500000	0.002884	-1.350000	1.352884	0.083451 	0.005493
-40.400000	0.002889	-1.346667	1.349556	0.083735 	0.005499
-40.300000	0.002894	-1.343333	1.346227	0.084017 	0.005506
-40.200000	0.002899	-1.340000	1.342899	0.084297 	0.005513
-40.100000	0.002905	-1.336667	1.339572	0.084574 	0.005520
-40.000000	0.002910	-1.333333	1.336243	0.084848 	0.005527
-39.900000	0.002915	-1.330000	1.332915	0.085120 	0.005534
-39.800000	0.002920	-1.326667	1.329587	0.085389 	0.005541
-39.700000	0.002925	-1.323333	1.326258	0.085656 	0.005548
-39.600000	0.002930	-1.320000	1.322930	0.085919 	0.005555
-39.500000	0.002935	-1.316667	1.319602	0.086181 	0.005562
-39.400000	0.002940	-1.313333	1.316273	0.086439 	0.005569
-39.300000	0.002945	-1.310000	1.312945	0.086695 	0.005576
-39.200000	0.002949	-1.306667	1.309616	0.086948 	0.005583
-39.100000	0.002954	-1.303333	1.306287	0.087198 	0.005590
-39.000000	0.002959	-1.300000	1.302959	0.087445 	0.005597
-38.900000	0.002963	-1.296667	1.299630	0.087689 	0.005604
-38.800000	0.002968	-1.293333	1.296301	0.087931 	0.005611
-38.700000	0.002972	-1.290000	1.292972	0.088169 	0.005619
-38.600000	0.002977	-1.286667	1.289644	0.088404 	0.005626
-38.500000	0.002981	-1.283333	1.286314	0.088637 	0.005633
-38.400000	0.002985	-1.280000	1.282985	0.088866 	0.005640
-38.300000	0.002989	-1.276667	1.279656	0.089092 	0.005648
-38.200000	0.002993	-1.273333	1.276326	0.089315 	0.005655
-38.100000	0.002997	-1.270000	1.272997	0.089535 	0.005662
-38.000000	0.003001	-1.266667	1.269668	0.089752 	0.005670
-37.900000	0.003005	-1.263333	1.266338	0.089966 	0.005677
-37.800000	0.003009	-1.260000	1.263009	0.090176 	0.005685
-37.700000	0.003012	-1.256667	1.259679	0.090383 	0.005692
-37.600000	0.003016	-1.253333	1.256349	0.090586 	0.005700
-37.500000	0.003019	-1.250000	1.253019	0.090786 	0.005707
-37.400000	0.003023	-1.246667	1.249690	0.090983 	0.005715
-37.300000	0.003026	-1.243333	1.246359	0.091176 	0.005723
-37.200000	0.003029	-1.240000	1.243029	0.091366 	0.005730
-37.100000	0.003032	-1.236667	1.239699	0.091552 	0.005738
-37.000000	0.003035	-1.233333	1.236368	0.091734 	0.005746
-36.900000	0.003038	-1.230000	1.233038	0.091913 	0.005753
-36.800000	0.003041	-1.226667	1.229708	0.092088 	0.005761
-36.700000	0.003044	-1.223333	1.226377	0.092260 	0.005769
-36.600000	0.003046	-1.220000	1.223046	0.092428 	0.005777
-36.500000	0.003049	-1.216667	1.219716	0.092591 	0.005785
-36.400000	0.003051	-1.213333	1.216384	0.092751 	0.005793
-36.300000	0.003053	-1.210000	1.213053	0.092908 	0.005801
-36.200000	0.003055	-1.206667	1.209722	0.093060 	0.005809
-36.100000	0.003057	-1.203333	1.206390	0.093208 	0.005817
-36.000000	0.003059	-1.200000	1.203059	0.093352 	0.005825
-35.900000	0.003061	-1.196667	1.199728	0.093492 	0.005833
-35.800000	0.003063	-1.193333	1.196396	0.093628 	0.005841
-35.700000	0.003064	-1.190000	1.193064	0.093760 	0.005849
-35.600000	0.003065	-1.186667	1.189732	0.093887 	0.005857
-35.500000	0.003067	-1.183333	1.186400	0.094011 	0.005865
-35.400000	0.003068	-1.180000	1.183068	0.094129 	0.005874
-35.300000	0.003069	-1.176667	1.179736	0.094244 	0.005882
-35.200000	0.003070	-1.173333	1.176403	0.094354 	0.005890
-35.100000	0.003071	-1.170000	1.173071	0.094460 	0.005899
-35.000000	0.003071	-1.166667	1.169738	0.094561 	0.005907
-34.900000	0.003072	-1.163333	1.166405	0.094658 	0.005916
-34.800000	0.003072	-1.160000	1.163072	0.094749 	0.005924
-34.700000	0.003073	-1.156667	1.159740	0.094837 	0.005932
-34.600000	0.003073	-1.153333	1.156406	0.094919 	0.005941
-34.500000	0.003073	-1.150000	1.153073	0.094997 	0.005950
-34.400000	0.003073	-1.146667	1.149740	0.095070 	0.005958
-34.300000	0.003072	-1.143333	1.146405	0.095138 	0.005967
-34.200000	0.003072	-1.140000	1.143072	0.095201 	0.005976
-34.100000	0.003072	-1.136667	1.139739	0.095259 	0.005984
-34.000000	0.003071	-1.133333	1.136404	0.095312 	0.005993
-33.900000	0.003070	-1.130000	1.133070	0.095360 	0.006002
-33.800000	0.003069	-1.126667	1.129736	0.095403 	0.006011
-33.700000	0.003068	-1.123333	1.126401	0.095441 	0.006020
-33.600000	0.003067	-1.120000	1.123067	0.095473 	0.006029
-33.500000	0.003066	-1.116667	1.119733	0.095500 	0.006038
-33.400000	0.003064	-1.113333	1.116397	0.095521 	0.006047
-33.300000	0.003063	-1.110000	1.113063	0.095537 	0.006056
-33.200000	0.003061	-1.106667	1.109728	0.095548 	0.006065
-33.100000	0.003059	-1.103333	1.106392	0.095552 	0.006074
-33.000000	0.003057	-1.100000	1.103057	0.095552 	0.006083
-32.900000	0.003055	-1.096667	1.099722	0.095545 	0.006092
-32.800000	0.003052	-1.093333	1.096385	0.095533 	0.006101
-32.700000	0.003050	-1.090000	1.093050	0.095515 	0.006111
-32.600000	0.003047	-1.086667	1.089714	0.095491 	0.006120
-32.500000	0.003045	-1.083333	1.086378	0.095461 	0.006130
-32.400000	0.003042	-1.080000	1.083042	0.095424 	0.006139
-32.300000	0.003039	-1.076667	1.079706	0.095382 	0.006148
-32.200000	0.003036	-1.073333	1.076369	0.095334 	0.006158
-32.100000	0.003033	-1.070000	1.073033	0.095279 	0.006168
-32.000000	0.003029	-1.066667	1.069696	0.095218 	0.006177
-31.900000	0.003026	-1.063333	1.066359	0.095150 	0.006187
-31.800000	0.003022	-1.060000	1.063022	0.095076 	0.006196
-31.700000	0.003019	-1.056667	1.059686	0.094995 	0.006206
-31.600000	0.003015	-1.053333	1.056348	0.094908 	0.006216
-31.500000	0.003011	-1.050000	1.053011	0.094814 	0.006226
-31.400000	0.003007	-1.046667	1.049674	0.094712 	0.006236
-31.300000	0.003003	-1.043333	1.046336	0.094604 	0.006246
-31.200000	0.002999	-1.040000	1.042999	0.094489 	0.006256
-31.100000	0.002994	-1.036667	1.039661	0.094367 	0.006266
-31.000000	0.002990	-1.033333	1.036323	0.094238 	0.006276
-30.900000	0.002985	-1.030000	1.032985	0.094101 	0.006286
-30.800000	0.002981	-1.026667	1.029648	0.093956 	0.006296
-30.700000	0.002976	-1.023333	1.026309	0.093804 	0.006306
-30.600000	0.002972	-1.020000	1.022972	0.093645 	0.006317
-30.500000	0.002967	-1.016667	1.019634	0.093477 	0.006327
-30.400000	0.002963	-1.013333	1.016296	0.093302 	0.006337
-30.300000	0.002958	-1.010000	1.012958	0.093119 	0.006348
-30.200000	0.002953	-1.006667	1.009620	0.092928 	0.006358
-30.100000	0.002949	-1.003333	1.006282	0.092728 	0.006369
-30.000000	0.002944	-1.000000	1.002944	0.092520 	0.006379
-29.900000	0.002940	-0.996667	0.999606	0.092303 	0.006390
-29.800000	0.002935	-0.993333	0.996269	0.092078 	0.006401
-29.700000	0.002931	-0.990000	0.992931	0.091844 	0.006411
-29.600000	0.002927	-0.986667	0.989593	0.091601 	0.006422
-29.500000	0.002923	-0.983333	0.986256	0.091349 	0.006433
-29.400000	0.002918	-0.980000	0.982918	0.091087 	0.006444
-29.300000	0.002915	-0.976667	0.979581	0.090817 	0.006455
-29.200000	0.002911	-0.973333	0.976244	0.090537 	0.006466
-29.100000	0.002907	-0.970000	0.972907	0.090247 	0.006477
-29.000000	0.002904	-0.966667	0.969571	0.089947 	0.006488
-28.900000	0.002901	-0.963333	0.966234	0.089638 	0.006499
-28.800000	0.002898	-0.960000	0.962898	0.089318 	0.006511
-28.700000	0.002895	-0.956667	0.959562	0.088988 	0.006522
-28.600000	0.002893	-0.953333	0.956226	0.088648 	0.006533
-28.500000	0.002891	-0.950000	0.952891	0.088297 	0.006545
-28.400000	0.002889	-0.946667	0.949555	0.087935 	0.006556
-28.300000	0.002887	-0.943333	0.946220	0.087563 	0.006568
-28.200000	0.002886	-0.940000	0.942886	0.087180 	0.006579
-28.100000	0.002885	-0.936667	0.939551	0.086785 	0.006591
-28.000000	0.002884	-0.933333	0.936217	0.086380 	0.006603
-27.900000	0.002883	-0.930000	0.932883	0.085963 	0.006615
-27.800000	0.002883	-0.926667	0.929550	0.085535 	0.006626
-27.700000	0.002883	-0.923333	0.926217	0.085096 	0.006638
-27.600000	0.002884	-0.920000	0.922884	0.084645 	0.006650
-27.500000	0.002884	-0.916667	0.919551	0.084182 	0.006662
-27.400000	0.002885	-0.913333	0.916219	0.083708 	0.006674
-27.300000	0.002887	-0.910000	0.912887	0.083222 	0.006687
-27.200000	0.002888	-0.906667	0.909555	0.082724 	0.006699
-27.100000	0.002889	-0.903333	0.906223	0.082215 	0.006711
-27.000000	0.002891	-0.900000	0.902891	0.081694 	0.006724
-26.900000	0.002893	-0.896667	0.899560	0.081161 	0.006736
-26.800000	0.002895	-0.893333	0.896228	0.080616 	0.006749
-26.700000	0.002897	-0.890000	0.892897	0.080059 	0.006761
-26.600000	0.002899	-0.886667	0.889566	0.079491 	0.006774
-26.500000	0.002901	-0.883333	0.886234	0.078911 	0.006786
-26.400000	0.002903	-0.880000	0.882903	0.078319 	0.006799
-26.300000	0.002904	-0.876667	0.879571	0.077716 	0.006812
-26.200000	0.002906	-0.873333	0.876239	0.077101 	0.006825
-26.100000	0.002907	-0.870000	0.872907	0.076474 	0.006838
-26.000000	0.002908	-0.866667	0.869575	0.075836 	0.006851
-25.900000	0.002909	-0.863333	0.866243	0.075186 	0.006864
-25.800000	0.002910	-0.860000	0.862910	0.074525 	0.006878
-25.700000	0.002910	-0.856667	0.859577	0.073852 	0.006891
-25.600000	0.002910	-0.853333	0.856243	0.073168 	0.006904
-25.500000	0.002909	-0.850000	0.852909	0.072472 	0.006918
-25.400000	0.002908	-0.846667	0.849574	0.071765 	0.006931
-25.300000	0.002906	-0.843333	0.846239	0.071046 	0.006945
-25.200000	0.002904	-0.840000	0.842904	0.070316 	0.006959
-25.100000	0.002901	-0.836667	0.839568	0.069574 	0.006973
-25.000000	0.002898	-0.833333	0.836231	0.068820 	0.006986
-24.900000	0.002894	-0.830000	0.832894	0.068055 	0.007000
-24.800000	0.002889	-0.826667	0.829556	0.067278 	0.007014
-24.700000	0.002884	-0.823333	0.826218	0.066489 	0.007029
-24.600000	0.002879	-0.820000	0.822879	0.065688 	0.007043
-24.500000	0.002872	-0.816667	0.819539	0.064875 	0.007057
-24.400000	0.002866	-0.813333	0.816199	0.064050 	0.007072
-24.300000	0.002858	-0.810000	0.812858	0.063212 	0.007086
-24.200000	0.002851	-0.806667	0.809517	0.062362 	0.007101
-24.100000	0.002842	-0.803333	0.806175	0.061499 	0.007115
-24.000000	0.002833	-0.800000	0.802833	0.060623 	0.007130
-23.900000	0.002824	-0.796667	0.799490	0.059734 	0.007145
-23.800000	0.002814	-0.793333	0.796147	0.058833 	0.007160
-23.700000	0.002803	-0.790000	0.792803	0.057918 	0.007175
-23.600000	0.002792	-0.786667	0.789459	0.056989 	0.007190
-23.500000	0.002780	-0.783333	0.786114	0.056048 	0.007206
-23.400000	0.002768	-0.780000	0.782768	0.055092 	0.007221
-23.300000	0.002755	-0.776667	0.779422	0.054123 	0.007237
-23.200000	0.002742	-0.773333	0.776075	0.053141 	0.007252
-23.100000	0.002728	-0.770000	0.772728	0.052144 	0.007268
-23.000000	0.002714	-0.766667	0.769380	0.051134 	0.007284
-22.900000	0.002699	-0.763333	0.766032	0.050110 	0.007300
-22.800000	0.002683	-0.760000	0.762683	0.049072 	0.007316
-22.700000	0.002667	-0.756667	0.759333	0.048019 	0.007332
-22.600000	0.002649	-0.753333	0.755983	0.046953 	0.007348
-22.500000	0.002632	-0.750000	0.752632	0.045873 	0.007364
-22.400000	0.002613	-0.746667	0.749280	0.044780 	0.007381
-22.300000	0.002594	-0.743333	0.745927	0.043672 	0.007397
-22.200000	0.002574	-0.740000	0.742574	0.042550 	0.007414
-22.100000	0.002553	-0.736667	0.739219	0.041414 	0.007431
-22.000000	0.002531	-0.733333	0.735864	0.040264 	0.007448
-21.900000	0.002508	-0.730000	0.732508	0.039100 	0.007465
-21.800000	0.002484	-0.726667	0.729151	0.037923 	0.007482
-21.700000	0.002460	-0.723333	0.725793	0.036731 	0.007499
-21.600000	0.002434	-0.720000	0.722434	0.035526 	0.007517
-21.500000	0.002407	-0.716667	0.719074	0.034306 	0.007534
-21.400000	0.002379	-0.713333	0.715713	0.033073 	0.007552
-21.300000	0.002351	-0.710000	0.712351	0.031825 	0.007570
-21.200000	0.002321	-0.706667	0.708987	0.030563 	0.007587
-21.100000	0.002290	-0.703333	0.705623	0.029288 	0.007606
-21.000000	0.002257	-0.700000	0.702257	0.027998 	0.007624
-20.900000	0.002224	-0.696667	0.698891	0.026693 	0.007642
-20.800000	0.002190	-0.693333	0.695523	0.025375 	0.007661
-20.700000	0.002154	-0.690000	0.692154	0.024042 	0.007679
-20.600000	0.002118	-0.686667	0.688785	0.022694 	0.007698
-20.500000	0.002080	-0.683333	0.685414	0.021332 	0.007717
-20.400000	0.002041	-0.680000	0.682041	0.019955 	0.007736
-20.300000	0.002002	-0.676667	0.678668	0.018563 	0.007755
-20.200000	0.001961	-0.673333	0.675294	0.017156 	0.007774
-20.100000	0.001918	-0.670000	0.671918	0.015734 	0.007794
-20.000000	0.001875	-0.666667	0.668542	0.014297 	0.007814
-19.900000	0.001831	-0.663333	0.665164	0.012844 	0.007833
-19.800000	0.001786	-0.660000	0.661786	0.011376 	0.007853
-19.700000	0.001739	-0.656667	0.658406	0.009892 	0.007874
-19.600000	0.001692	-0.653333	0.655025	0.008393 	0.007894
-19.500000	0.001644	-0.650000	0.651644	0.006877 	0.007914
-19.400000	0.001594	-0.646667	0.648261	0.005346 	0.007935
-19.300000	0.001544	-0.643333	0.644877	0.003799 	0.007956
-19.200000	0.001492	-0.640000	0.641492	0.002235 	0.007977
-19.100000	0.001440	-0.636667	0.638107	0.000655 	0.007998
-19.000000	0.001387	-0.633333	0.634720	-0.000942 	0.008019
-18.900000	0.001332	-0.630000	0.631332	-0.002555 	0.008041
-18.800000	0.001277	-0.626667	0.627944	-0.004184 	0.008062
-18.700000	0.001221	-0.623333	0.624554	-0.005831 	0.008084
-18.600000	0.001164	-0.620000	0.621164	-0.007494 	0.008106
-18.500000	0.001106	-0.616667	0.617772	-0.009175 	0.008128
-18.400000	0.001047	-0.613333	0.614380	-0.010872 	0.008151
-18.300000	0.000987	-0.610000	0.610987	-0.012587 	0.008173
-18.200000	0.000926	-0.606667	0.607593	-0.014318 	0.008196
-18.100000	0.000864	-0.603333	0.604197	-0.016067 	0.008219
-18.000000	0.000802	-0.600000	0.600802	-0.017834 	0.008242
-17.900000	0.000738	-0.596667	0.597405	-0.019618 	0.008266
-17.800000	0.000674	-0.593333	0.594007	-0.021420 	0.008289
-17.700000	0.000609	-0.590000	0.590609	-0.023239 	0.008313
-17.600000	0.000543	-0.586667	0.587209	-0.025076 	0.008337
-17.500000	0.000476	-0.583333	0.583809	-0.026931 	0.008361
-17.400000	0.000408	-0.580000	0.580408	-0.028804 	0.008386
-17.300000	0.000340	-0.576667	0.577006	-0.030695 	0.008411
-17.200000	0.000270	-0.573333	0.573604	-0.032604 	0.008436
-17.100000	0.000200	-0.570000	0.570200	-0.034531 	0.008461
-17.000000	0.000130	-0.566667	0.566796	-0.036476 	0.008486
-16.900000	0.000058	-0.563333	0.563392	-0.038440 	0.008512
-16.800000	-0.000014	-0.560000	0.559986	-0.040422 	0.008537
-16.700000	-0.000087	-0.556667	0.556580	-0.042423 	0.008564
-16.600000	-0.000160	-0.553333	0.553173	-0.044442 	0.008590
-16.500000	-0.000234	-0.550000	0.549766	-0.046479 	0.008616
-16.400000	-0.000309	-0.546667	0.546358	-0.048536 	0.008643
-16.300000	-0.000385	-0.543333	0.542949	-0.050611 	0.008670
-16.200000	-0.000461	-0.540000	0.539539	-0.052705 	0.008698
-16.100000	-0.000537	-0.536667	0.536130	-0.054817 	0.008725
-16.000000	-0.000614	-0.533333	0.532719	-0.056949 	0.008753
-15.900000	-0.000692	-0.530000	0.529308	-0.059099 	0.008781
-15.800000	-0.000770	-0.526667	0.525897	-0.061269 	0.008810
-15.700000	-0.000848	-0.523333	0.522485	-0.063458 	0.008839
-15.600000	-0.000927	-0.520000	0.519073	-0.065666 	0.008868
-15.500000	-0.001006	-0.516667	0.515660	-0.067892 	0.008897
-15.400000	-0.001086	-0.513333	0.512247	-0.070139 	0.008926
-15.300000	-0.001166	-0.510000	0.508834	-0.072404 	0.008956
-15.200000	-0.001246	-0.506667	0.505420	-0.074689 	0.008987
-15.100000	-0.001327	-0.503333	0.502006	-0.076992 	0.009017
-15.000000	-0.001408	-0.500000	0.498592	-0.079316 	0.009048
-14.900000	-0.001489	-0.496667	0.495178	-0.081658 	0.009079
-14.800000	-0.001570	-0.493333	0.491763	-0.084020 	0.009110
-14.700000	-0.001651	-0.490000	0.488349	-0.086402 	0.009142
-14.600000	-0.001733	-0.486667	0.484934	-0.088802 	0.009174
-14.500000	-0.001814	-0.483333	0.481519	-0.091223 	0.009207
-14.400000	-0.001896	-0.480000	0.478104	-0.093662 	0.009240
-14.300000	-0.001977	-0.476667	0.474690	-0.096122 	0.009273
-14.200000	-0.002058	-0.473333	0.471275	-0.098600 	0.009306
-14.100000	-0.002140	-0.470000	0.467860	-0.101098 	0.009340
-14.000000	-0.002221	-0.466667	0.464446	-0.103616 	0.009375
-13.900000	-0.002301	-0.463333	0.461032	-0.106153 	0.009409
-13.800000	-0.002382	-0.460000	0.457618	-0.108710 	0.009444
-13.700000	-0.002462	-0.456667	0.454205	-0.111286 	0.009480
-13.600000	-0.002542	-0.453333	0.450791	-0.113882 	0.009515
-13.500000	-0.002621	-0.450000	0.447379	-0.116497 	0.009552
-13.400000	-0.002700	-0.446667	0.443966	-0.119131 	0.009588
-13.300000	-0.002779	-0.443333	0.440555	-0.121785 	0.009625
-13.200000	-0.002856	-0.440000	0.437144	-0.124458 	0.009663
-13.100000	-0.002933	-0.436667	0.433733	-0.127151 	0.009701
-13.000000	-0.003010	-0.433333	0.430323	-0.129863 	0.009739
-12.900000	-0.003085	-0.430000	0.426915	-0.132594 	0.009778
-12.800000	-0.003160	-0.426667	0.423506	-0.135344 	0.009817
-12.700000	-0.003234	-0.423333	0.420099	-0.138114 	0.009857
-12.600000	-0.003307	-0.420000	0.416693	-0.140902 	0.009897
-12.500000	-0.003379	-0.416667	0.413288	-0.143710 	0.009938
-12.400000	-0.003450	-0.413333	0.409884	-0.146536 	0.009979
-12.300000	-0.003519	-0.410000	0.406481	-0.149382 	0.010021
-12.200000	-0.003588	-0.406667	0.403079	-0.152246 	0.010063
-12.100000	-0.003655	-0.403333	0.399678	-0.155129 	0.010106
-12.000000	-0.003721	-0.400000	0.396279	-0.158030 	0.010149
-11.900000	-0.003785	-0.396667	0.392882	-0.160950 	0.010193
-11.800000	-0.003848	-0.393333	0.389485	-0.163888 	0.010237
-11.700000	-0.003909	-0.390000	0.386091	-0.166845 	0.010282
-11.600000	-0.003969	-0.386667	0.382698	-0.169820 	0.010327
-11.500000	-0.004026	-0.383333	0.379307	-0.172812 	0.010373
-11.400000	-0.004082	-0.380000	0.375918	-0.175823 	0.010420
-11.300000	-0.004137	-0.376667	0.372530	-0.178852 	0.010467
-11.200000	-0.004189	-0.373333	0.369145	-0.181898 	0.010515
-11.100000	-0.004239	-0.370000	0.365761	-0.184962 	0.010564
-11.000000	-0.004287	-0.366667	0.362380	-0.188043 	0.010613
-10.900000	-0.004332	-0.363333	0.359001	-0.191141 	0.010663
-10.800000	-0.004376	-0.360000	0.355624	-0.194256 	0.010713
-10.700000	-0.004417	-0.356667	0.352250	-0.197389 	0.010764
-10.600000	-0.004455	-0.353333	0.348878	-0.200537 	0.010816
-10.500000	-0.004491	-0.350000	0.345509	-0.203703 	0.010869
-10.400000	-0.004524	-0.346667	0.342143	-0.206885 	0.010922
-10.300000	-0.004555	-0.343333	0.338779	-0.210083 	0.010976
-10.200000	-0.004582	-0.340000	0.335418	-0.213297 	0.011031
-10.100000	-0.004607	-0.336667	0.332060	-0.216526 	0.011087
-10.000000	-0.004628	-0.333333	0.328705	-0.219771 	0.011143
-9.900000	-0.004647	-0.330000	0.325353	-0.223032 	0.011201
-9.800000	-0.004662	-0.326667	0.322005	-0.226307 	0.011259
-9.700000	-0.004674	-0.323333	0.318659	-0.229598 	0.011318
-9.600000	-0.004683	-0.320000	0.315317	-0.232902 	0.011377
-9.500000	-0.004687	-0.316667	0.311979	-0.236222 	0.011438
-9.400000	-0.004689	-0.313333	0.308644	-0.239555 	0.011500
-9.300000	-0.004687	-0.310000	0.305313	-0.242902 	0.011562
-9.200000	-0.004680	-0.306667	0.301986	-0.246263 	0.011626
-9.100000	-0.004670	-0.303333	0.298663	-0.249637 	0.011690
-9.000000	-0.004656	-0.300000	0.295344	-0.253023 	0.011756
-8.900000	-0.004638	-0.296667	0.292029	-0.256423 	0.011822
-8.800000	-0.004616	-0.293333	0.288718	-0.259835 	0.011890
-8.700000	-0.004589	-0.290000	0.285411	-0.263259 	0.011959
-8.600000	-0.004558	-0.286667	0.282109	-0.266695 	0.012028
-8.500000	-0.004522	-0.283333	0.278811	-0.270143 	0.012099
-8.400000	-0.004482	-0.280000	0.275518	-0.273602 	0.012171
-8.300000	-0.004437	-0.276667	0.272230	-0.277071 	0.012245
-8.200000	-0.004387	-0.273333	0.268946	-0.280551 	0.012319
-8.100000	-0.004332	-0.270000	0.265668	-0.284042 	0.012395
-8.000000	-0.004273	-0.266667	0.262394	-0.287542 	0.012472
-7.900000	-0.004208	-0.263333	0.259126	-0.291052 	0.012551
-7.800000	-0.004138	-0.260000	0.255862	-0.294571 	0.012630
-7.700000	-0.004062	-0.256667	0.252605	-0.298098 	0.012711
-7.600000	-0.003981	-0.253333	0.249352	-0.301635 	0.012794
-7.500000	-0.003895	-0.250000	0.246105	-0.305179 	0.012878
-7.400000	-0.003802	-0.246667	0.242864	-0.308731 	0.012964
-7.300000	-0.003704	-0.243333	0.239629	-0.312291 	0.013051
-7.200000	-0.003601	-0.240000	0.236399	-0.315858 	0.013140
-7.100000	-0.003491	-0.236667	0.233176	-0.319431 	0.013230
-7.000000	-0.003375	-0.233333	0.229958	-0.323010 	0.013323
-6.900000	-0.003253	-0.230000	0.226747	-0.326596 	0.013417
-6.800000	-0.003124	-0.226667	0.223542	-0.330186 	0.013513
-6.700000	-0.002990	-0.223333	0.220344	-0.333782 	0.013610
-6.600000	-0.002848	-0.220000	0.217152	-0.337383 	0.013710
-6.500000	-0.002701	-0.216667	0.213966	-0.340987 	0.013812
-6.400000	-0.002546	-0.213333	0.210787	-0.344596 	0.013915
-6.300000	-0.002385	-0.210000	0.207615	-0.348207 	0.014021
-6.200000	-0.002217	-0.206667	0.204450	-0.351822 	0.014129
-6.100000	-0.002042	-0.203333	0.201291	-0.355439 	0.014240
-6.000000	-0.001860	-0.200000	0.198140	-0.359058 	0.014353
-5.900000	-0.001670	-0.196667	0.194996	-0.362679 	0.014468
-5.800000	-0.001474	-0.193333	0.191859	-0.366301 	0.014586
-5.700000	-0.001270	-0.190000	0.188730	-0.369923 	0.014706
-5.600000	-0.001059	-0.186667	0.185608	-0.373546 	0.014829
-5.500000	-0.000840	-0.183333	0.182494	-0.377169 	0.014955
-5.400000	-0.000613	-0.180000	0.179387	-0.380791 	0.015084
-5.300000	-0.000379	-0.176667	0.176288	-0.384411 	0.015216
-5.200000	-0.000137	-0.173333	0.173197	-0.388031 	0.015351
-5.100000	0.000113	-0.170000	0.170113	-0.391648 	0.015490
-5.000000	0.000371	-0.166667	0.167038	-0.395262 	0.015632
-4.900000	0.000637	-0.163333	0.163971	-0.398874 	0.015777
-4.800000	0.000912	-0.160000	0.160912	-0.402482 	0.015927
-4.700000	0.001194	-0.156667	0.157861	-0.406086 	0.016080
-4.600000	0.001485	-0.153333	0.154818	-0.409686 	0.016237
-4.500000	0.001785	-0.150000	0.151785	-0.413280 	0.016398
-4.400000	0.002092	-0.146667	0.148759	-0.416869 	0.016564
-4.300000	0.002409	-0.143333	0.145742	-0.420452 	0.016735
-4.200000	0.002734	-0.140000	0.142734	-0.424028 	0.016910
-4.100000	0.003068	-0.136667	0.139735	-0.427598 	0.017091
-4.000000	0.003411	-0.133333	0.136744	-0.431159 	0.017277
-3.900000	0.003762	-0.130000	0.133762	-0.434712 	0.017468
-3.800000	0.004123	-0.126667	0.130790	-0.438256 	0.017666
-3.700000	0.004493	-0.123333	0.127826	-0.441791 	0.017869
-3.600000	0.004871	-0.120000	0.124871	-0.445315 	0.018079
-3.500000	0.005260	-0.116667	0.121926	-0.448828 	0.018297
-3.400000	0.005657	-0.113333	0.118990	-0.452330 	0.018521
-3.300000	0.006064	-0.110000	0.116064	-0.455818 	0.018753
-3.200000	0.006480	-0.106667	0.113146	-0.459292 	0.018993
-3.100000	0.006905	-0.103333	0.110238	-0.462751 	0.019242
-3.000000	0.007340	-0.100000	0.107340	-0.466193 	0.019500
-2.900000	0.007785	-0.096667	0.104451	-0.469617 	0.019768
-2.800000	0.008239	-0.093333	0.101572	-0.473022 	0.020046
-2.700000	0.008702	-0.090000	0.098702	-0.476404 	0.020335
-2.600000	0.009175	-0.086667	0.095842	-0.479763 	0.020637
-2.500000	0.009657	-0.083333	0.092990	-0.483095 	0.020951
-2.400000	0.010149	-0.080000	0.090149	-0.486397 	0.021278
-2.300000	0.010650	-0.076667	0.087316	-0.489665 	0.021621
-2.200000	0.011160	-0.073333	0.084493	-0.492897 	0.021979
-2.100000	0.011679	-0.070000	0.081679	-0.496087 	0.022354
-2.000000	0.012207	-0.066667	0.078873	-0.499230 	0.022748
-1.900000	0.012744	-0.063333	0.076077	-0.502321 	0.023163
-1.800000	0.013289	-0.060000	0.073289	-0.505352 	0.023599
-1.700000	0.013843	-0.056667	0.070510	-0.508318 	0.024060
-1.600000	0.014406	-0.053333	0.067739	-0.511209 	0.024547
-1.500000	0.014977	-0.050000	0.064977	-0.514017 	0.025063
-1.400000	0.015556	-0.046667	0.062222	-0.516731 	0.025612
-1.300000	0.016143	-0.043333	0.059476	-0.519340 	0.026197
-1.200000	0.016738	-0.040000	0.056738	-0.521830 	0.026821
-1.100000	0.017341	-0.036667	0.054008	-0.524188 	0.027491
-1.000000	0.017953	-0.033333	0.051286	-0.526395 	0.028211
-0.900000	0.018572	-0.030000	0.048572	-0.528430 	0.028988
-0.800000	0.019199	-0.026667	0.045866	-0.530272 	0.029831
-0.700000	0.019834	-0.023333	0.043168	-0.531890 	0.030749
-0.600000	0.020478	-0.020000	0.040478	-0.533250 	0.031755
-0.500000	0.021129	-0.016667	0.037796	-0.534308 	0.032862
-0.400000	0.021789	-0.013333	0.035123	-0.535011 	0.034090
-0.300000	0.022458	-0.010000	0.032458	-0.535288 	0.035461
-0.200000	0.023135	-0.006667	0.029802	-0.535049 	0.037008
-0.100000	0.023821	-0.003333	0.027155	-0.534170 	0.038770
0.000000	0.024516	0.000000	0.024516	-0.532485 	0.040803
0.100000	0.025219	0.003333	0.021886	-0.529756 	0.043185
0.200000	0.025930	0.006667	0.019264	-0.525638 	0.046031
0.300000	0.026648	0.010000	0.016648	-0.519598 	0.049516
0.400000	0.027367	0.013333	0.014034	-0.510781 	0.053930
0.500000	0.028079	0.016667	0.011412	-0.497740 	0.059804
0.600000	0.028760	0.020000	0.008760	-0.478047 	0.068258
0.700000	0.029308	0.023333	0.005974	-0.446950 	0.082656
0.800000	0.029947	0.026667	0.003280	0.000000 	0.000000
0.900000	0.032723	0.030000	0.002723	0.000000 	0.000000
1.000000	0.036051	0.033333	0.002718	0.000000 	0.000000
1.100000	0.039373	0.036667	0.002706	0.000000 	0.000000
1.200000	0.042704	0.040000	0.002704	0.000000 	0.000000
1.300000	0.046028	0.043333	0.002695	0.000000 	0.000000
1.400000	0.049354	0.046667	0.002687	0.000000 	0.000000
1.500000	0.052666	0.050000	0.002666	0.000000 	0.000000
1.600000	0.055994	0.053333	0.002661	0.000000 	0.000000
1.700000	0.059311	0.056667	0.002644	0.000000 	0.000000
1.800000	0.062639	0.060000	0.002639	0.000000 	0.000000
1.900000	0.065962	0.063333	0.002628	0.000000 	0.000000
2.000000	0.069278	0.066667	0.002612	0.000000 	0.000000
2.100000	0.072624	0.070000	0.002624	0.000000 	0.000000
2.200000	0.075895	0.073333	0.002562	0.000000 	0.000000
2.300000	0.079295	0.076667	0.002628	0.000000 	0.000000
2.400000	0.082517	0.080000	0.002517	0.000000 	0.000000
2.500000	0.085934	0.083333	0.002601	0.000000 	0.000000
2.600000	0.089202	0.086667	0.002535	0.000000 	0.000000
2.700000	0.092202	0.090000	0.002202	0.000000 	0.000000
2.800000	0.095877	0.093333	0.002544	0.000000 	0.000000
2.900000	0.098752	0.096667	0.002086	0.000000 	0.000000
3.000000	0.100000	0.100000	0.000000	0.000000 	0.000000
3.100000	0.103333	0.103333	0.000000	0.000000 	0.000000
3.200000	0.106667	0.106667	0.000000	0.000000 	0.000000
3.300000	0.110000	0.110000	0.000000	0.000000 	0.000000
3.400000	0.113333	0.113333	0.000000	0.000000 	0.000000
3.500000	0.116667	0.116667	0.000000	0.000000 	0.000000
3.600000	0.120000	0.120000	0.000000	0.000000 	0.000000
3.700000	0.123333	0.123333	0.000000	0.000000 	0.000000
3.800000	0.126667	0.126667	0.000000	0.000000 	0.000000
3.900000	0.130000	0.130000	0.000000	0.000000 	0.000000
4.000000	0.133333	0.133333	0.000000	0.000000 	0.000000
4.100000	0.136667	0.136667	0.000000	0.000000 	0.000000
4.200000	0.140000	0.140000	0.000000	0.000000 	0.000000
4.300000	0.143333	0.143333	0.000000	0.000000 	0.000000
4.400000	0.146667	0.146667	0.000000	0.000000 	0.000000
4.500000	0.150000	0.150000	0.000000	0.000000 	0.000000
4.600000	0.153333	0.153333	0.000000	0.000000 	0.000000
4.700000	0.156667	0.156667	0.000000	0.000000 	0.000000
4.800000	0.160000	0.160000	0.000000	0.000000 	0.000000
4.900000	0.163333	0.163333	0.000000	0.000000 	0.000000
5.000000	0.166667	0.166667	0.000000	0.000000 	0.000000
5.100000	0.170000	0.170000	0.000000	0.000000 	0.000000
5.200000	0.173333	0.173333	0.000000	0.000000 	0.000000
5.300000	0.176667	0.176667	0.000000	0.000000 	0.000000
5.400000	0.180000	0.180000	0.000000	0.000000 	0.000000
5.500000	0.183333	0.183333	0.000000	0.000000 	0.000000
5.600000	0.186667	0.186667	0.000000	0.000000 	0.000000
5.700000	0.190000	0.190000	0.000000	0.000000 	0.000000
5.800000	0.193333	0.193333	0.000000	0.000000 	0.000000
5.900000	0.196667	0.196667	0.000000	0.000000 	0.000000
6.000000	0.200000	0.200000	0.000000	0.000000 	0.000000
6.100000	0.203333	0.203333	0.000000	0.000000 	0.000000
6.200000	0.206667	0.206667	0.000000	0.000000 	0.000000
6.300000	0.210000	0.210000	0.000000	0.000000 	0.000000
6.400000	0.213333	0.213333	0.000000	0.000000 	0.000000
6.500000	0.216667	0.216667	0.000000	0.000000 	0.000000
6.600000	0.220000	0.220000	0.000000	0.000000 	0.000000
6.700000	0.223333	0.223333	0.000000	0.000000 	0.000000
6.800000	0.226667	0.226667	0.000000	0.000000 	0.000000
6.900000	0.230000	0.230000	0.000000	0.000000 	0.000000
7.000000	0.233333	0.233333	0.000000	0.000000 	0.000000
7.100000	0.236667	0.236667	0.000000	0.000000 	0.000000
7.200000	0.240000	0.240000	0.000000	0.000000 	0.000000
7.300000	0.243333	0.243333	0.000000	0.000000 	0.000000
7.400000	0.246667	0.246667	0.000000	0.000000 	0.000000
7.500000	0.250000	0.250000	0.000000	0.000000 	0.000000
7.600000	0.253333	0.253333	0.000000	0.000000 	0.000000
7.700000	0.256667	0.256667	0.000000	0.000000 	0.000000
7.800000	0.260000	0.260000	0.000000	0.000000 	0.000000
7.900000	0.263333	0.263333	0.000000	0.000000 	0.000000
8.000000	0.266667	0.266667	0.000000	0.000000 	0.000000
8.100000	0.270000	0.270000	0.000000	0.000000 	0.000000
8.200000	0.273333	0.273333	0.000000	0.000000 	0.000000
8.300000	0.276667	0.276667	0.000000	0.000000 	0.000000
8.400000	0.280000	0.280000	0.000000	0.000000 	0.000000
8.500000	0.283333	0.283333	0.000000	0.000000 	0.000000
8.600000	0.286667	0.286667	0.000000	0.000000 	0.000000
8.700000	0.290000	0.290000	0.000000	0.000000 	0.000000
8.800000	0.293333	0.293333	0.000000	0.000000 	0.000000
8.900000	0.296667	0.296667	0.000000	0.000000 	0.000000
9.000000	0.300000	0.300000	0.000000	0.000000 	0.000000
9.100000	0.303333	0.303333	0.000000	0.000000 	0.000000
9.200000	0.306667	0.306667	0.000000	0.000000 	0.000000
9.300000	0.310000	0.310000	0.000000	0.000000 	0.000000
9.400000	0.313333	0.313333	0.000000	0.000000 	0.000000
9.500000	0.316667	0.316667	0.000000	0.000000 	0.000000
9.600000	0.320000	0.320000	0.000000	0.000000 	0.000000
9.700000	0.323333	0.323333	0.000000	0.000000 	0.000000
9.800000	0.326667	0.326667	0.000000	0.000000 	0.000000
9.900000	0.330000	0.330000	0.000000	0.000000 	0.000000
