VARIABLES = X,Ksi,B,H,U,tau 
ZONE T="Time 10.000000", I=1100, DATAPACKING=POINT
-100.000000	0.010206	-3.333333	3.343539	-0.027842 	0.003494
-99.900000	0.006044	-3.330000	3.336044	-0.020934 	0.003498
-99.800000	0.007684	-3.326667	3.334351	-0.023969 	0.003499
-99.700000	0.006848	-3.323333	3.330181	-0.022758 	0.003501
-99.600000	0.007068	-3.320000	3.327068	-0.023360 	0.003503
-99.500000	0.006838	-3.316667	3.323505	-0.023187 	0.003504
-99.400000	0.006799	-3.313333	3.320132	-0.023344 	0.003506
-99.300000	0.006678	-3.310000	3.316678	-0.023360 	0.003508
-99.200000	0.006592	-3.306667	3.313259	-0.023436 	0.003510
-99.100000	0.006491	-3.303333	3.309824	-0.023485 	0.003512
-99.000000	0.006396	-3.300000	3.306396	-0.023545 	0.003513
-98.900000	0.006298	-3.296667	3.302965	-0.023600 	0.003515
-98.800000	0.006201	-3.293333	3.299534	-0.023657 	0.003517
-98.700000	0.006103	-3.290000	3.296103	-0.023712 	0.003519
-98.600000	0.006005	-3.286667	3.292672	-0.023767 	0.003521
-98.500000	0.005907	-3.283333	3.289240	-0.023821 	0.003523
-98.400000	0.005809	-3.280000	3.285809	-0.023876 	0.003524
-98.300000	0.005710	-3.276667	3.282377	-0.023929 	0.003526
-98.200000	0.005612	-3.273333	3.278945	-0.023983 	0.003528
-98.100000	0.005513	-3.270000	3.275513	-0.024035 	0.003530
-98.000000	0.005414	-3.266667	3.272081	-0.024088 	0.003532
-97.900000	0.005315	-3.263333	3.268648	-0.024140 	0.003534
-97.800000	0.005215	-3.260000	3.265215	-0.024191 	0.003536
-97.700000	0.005115	-3.256667	3.261782	-0.024242 	0.003537
-97.600000	0.005016	-3.253333	3.258349	-0.024293 	0.003539
-97.500000	0.004916	-3.250000	3.254916	-0.024343 	0.003541
-97.400000	0.004815	-3.246667	3.251482	-0.024393 	0.003543
-97.300000	0.004715	-3.243333	3.248048	-0.024442 	0.003545
-97.200000	0.004614	-3.240000	3.244614	-0.024491 	0.003547
-97.100000	0.004513	-3.236667	3.241180	-0.024539 	0.003549
-97.000000	0.004412	-3.233333	3.237745	-0.024587 	0.003551
-96.900000	0.004311	-3.230000	3.234311	-0.024634 	0.003552
-96.800000	0.004210	-3.226667	3.230877	-0.024681 	0.003554
-96.700000	0.004108	-3.223333	3.227441	-0.024727 	0.003556
-96.600000	0.004007	-3.220000	3.224007	-0.024773 	0.003558
-96.500000	0.003905	-3.216667	3.220572	-0.024818 	0.003560
-96.400000	0.003803	-3.213333	3.217136	-0.024863 	0.003562
-96.300000	0.003701	-3.210000	3.213701	-0.024908 	0.003564
-96.200000	0.003598	-3.206667	3.210265	-0.024952 	0.003566
-96.100000	0.003496	-3.203333	3.206829	-0.024995 	0.003568
-96.000000	0.003393	-3.200000	3.203393	-0.025038 	0.003570
-95.900000	0.003290	-3.196667	3.199957	-0.025080 	0.003571
-95.800000	0.003187	-3.193333	3.196520	-0.025122 	0.003573
-95.700000	0.003084	-3.190000	3.193084	-0.025164 	0.003575
-95.600000	0.002980	-3.186667	3.189647	-0.025204 	0.003577
-95.500000	0.002877	-3.183333	3.186210	-0.025245 	0.003579
-95.400000	0.002773	-3.180000	3.182773	-0.025285 	0.003581
-95.300000	0.002669	-3.176667	3.179336	-0.025324 	0.003583
-95.200000	0.002565	-3.173333	3.175898	-0.025363 	0.003585
-95.100000	0.002461	-3.170000	3.172461	-0.025401 	0.003587
-95.000000	0.002357	-3.166667	3.169024	-0.025439 	0.003589
-94.900000	0.002253	-3.163333	3.165586	-0.025476 	0.003591
-94.800000	0.002148	-3.160000	3.162148	-0.025512 	0.003593
-94.700000	0.002043	-3.156667	3.158710	-0.025549 	0.003595
-94.600000	0.001939	-3.153333	3.155272	-0.025584 	0.003597
-94.500000	0.001834	-3.150000	3.151834	-0.025619 	0.003599
-94.400000	0.001729	-3.146667	3.148396	-0.025654 	0.003601
-94.300000	0.001623	-3.143333	3.144956	-0.025688 	0.003603
-94.200000	0.001518	-3.140000	3.141518	-0.025721 	0.003605
-94.100000	0.001412	-3.136667	3.138079	-0.025754 	0.003606
-94.000000	0.001307	-3.133333	3.134640	-0.025786 	0.003608
-93.900000	0.001201	-3.130000	3.131201	-0.025818 	0.003610
-93.800000	0.001095	-3.126667	3.127762	-0.025849 	0.003612
-93.700000	0.000989	-3.123333	3.124322	-0.025879 	0.003614
-93.600000	0.000883	-3.120000	3.120883	-0.025909 	0.003616
-93.500000	0.000777	-3.116667	3.117444	-0.025939 	0.003618
-93.400000	0.000671	-3.113333	3.114004	-0.025968 	0.003620
-93.300000	0.000564	-3.110000	3.110564	-0.025996 	0.003622
-93.200000	0.000458	-3.106667	3.107125	-0.026024 	0.003624
-93.100000	0.000351	-3.103333	3.103684	-0.026051 	0.003626
-93.000000	0.000244	-3.100000	3.100244	-0.026077 	0.003628
-92.900000	0.000137	-3.096667	3.096804	-0.026103 	0.003630
-92.800000	0.000030	-3.093333	3.093363	-0.026129 	0.003632
-92.700000	-0.000077	-3.090000	3.089923	-0.026153 	0.003634
-92.600000	-0.000184	-3.086667	3.086483	-0.026177 	0.003637
-92.500000	-0.000291	-3.083333	3.083042	-0.026201 	0.003639
-92.400000	-0.000398	-3.080000	3.079602	-0.026224 	0.003641
-92.300000	-0.000506	-3.076667	3.076161	-0.026246 	0.003643
-92.200000	-0.000613	-3.073333	3.072720	-0.026268 	0.003645
-92.100000	-0.000721	-3.070000	3.069279	-0.026289 	0.003647
-92.000000	-0.000828	-3.066667	3.065839	-0.026310 	0.003649
-91.900000	-0.000936	-3.063333	3.062397	-0.026329 	0.003651
-91.800000	-0.001044	-3.060000	3.058956	-0.026349 	0.003653
-91.700000	-0.001152	-3.056667	3.055515	-0.026367 	0.003655
-91.600000	-0.001260	-3.053333	3.052073	-0.026385 	0.003657
-91.500000	-0.001368	-3.050000	3.048632	-0.026403 	0.003659
-91.400000	-0.001476	-3.046667	3.045191	-0.026420 	0.003661
-91.300000	-0.001584	-3.043333	3.041749	-0.026436 	0.003663
-91.200000	-0.001693	-3.040000	3.038307	-0.026451 	0.003665
-91.100000	-0.001801	-3.036667	3.034866	-0.026466 	0.003667
-91.000000	-0.001909	-3.033333	3.031424	-0.026480 	0.003669
-90.900000	-0.002018	-3.030000	3.027982	-0.026494 	0.003671
-90.800000	-0.002126	-3.026667	3.024541	-0.026507 	0.003674
-90.700000	-0.002235	-3.023333	3.021098	-0.026519 	0.003676
-90.600000	-0.002343	-3.020000	3.017657	-0.026531 	0.003678
-90.500000	-0.002452	-3.016667	3.014215	-0.026542 	0.003680
-90.400000	-0.002561	-3.013333	3.010772	-0.026552 	0.003682
-90.300000	-0.002669	-3.010000	3.007331	-0.026562 	0.003684
-90.200000	-0.002778	-3.006667	3.003889	-0.026571 	0.003686
-90.100000	-0.002887	-3.003333	3.000446	-0.026579 	0.003688
-90.000000	-0.002996	-3.000000	2.997004	-0.026587 	0.003690
-89.900000	-0.003105	-2.996667	2.993562	-0.026594 	0.003693
-89.800000	-0.003214	-2.993333	2.990119	-0.026600 	0.003695
-89.700000	-0.003322	-2.990000	2.986678	-0.026606 	0.003697
-89.600000	-0.003431	-2.986667	2.983236	-0.026611 	0.003699
-89.500000	-0.003540	-2.983333	2.979793	-0.026615 	0.003701
-89.400000	-0.003649	-2.980000	2.976351	-0.026618 	0.003703
-89.300000	-0.003758	-2.976667	2.972909	-0.026621 	0.003705
-89.200000	-0.003867	-2.973333	2.969466	-0.026624 	0.003707
-89.100000	-0.003976	-2.970000	2.966024	-0.026625 	0.003710
-89.000000	-0.004085	-2.966667	2.962582	-0.026626 	0.003712
-88.900000	-0.004194	-2.963333	2.959139	-0.026626 	0.003714
-88.800000	-0.004304	-2.960000	2.955696	-0.026626 	0.003716
-88.700000	-0.004413	-2.956667	2.952254	-0.026624 	0.003718
-88.600000	-0.004522	-2.953333	2.948811	-0.026622 	0.003720
-88.500000	-0.004631	-2.950000	2.945369	-0.026620 	0.003723
-88.400000	-0.004740	-2.946667	2.941927	-0.026616 	0.003725
-88.300000	-0.004849	-2.943333	2.938484	-0.026612 	0.003727
-88.200000	-0.004958	-2.940000	2.935042	-0.026608 	0.003729
-88.100000	-0.005067	-2.936667	2.931600	-0.026602 	0.003731
-88.000000	-0.005176	-2.933333	2.928157	-0.026596 	0.003734
-87.900000	-0.005285	-2.930000	2.924715	-0.026589 	0.003736
-87.800000	-0.005394	-2.926667	2.921273	-0.026581 	0.003738
-87.700000	-0.005503	-2.923333	2.917830	-0.026573 	0.003740
-87.600000	-0.005612	-2.920000	2.914388	-0.026564 	0.003742
-87.500000	-0.005720	-2.916667	2.910947	-0.026554 	0.003745
-87.400000	-0.005829	-2.913333	2.907504	-0.026544 	0.003747
-87.300000	-0.005938	-2.910000	2.904062	-0.026532 	0.003749
-87.200000	-0.006047	-2.906667	2.900620	-0.026520 	0.003751
-87.100000	-0.006156	-2.903333	2.897177	-0.026508 	0.003753
-87.000000	-0.006264	-2.900000	2.893736	-0.026494 	0.003756
-86.900000	-0.006373	-2.896667	2.890294	-0.026480 	0.003758
-86.800000	-0.006482	-2.893333	2.886851	-0.026465 	0.003760
-86.700000	-0.006590	-2.890000	2.883410	-0.026449 	0.003762
-86.600000	-0.006699	-2.886667	2.879968	-0.026433 	0.003765
-86.500000	-0.006807	-2.883333	2.876526	-0.026415 	0.003767
-86.400000	-0.006915	-2.880000	2.873085	-0.026398 	0.003769
-86.300000	-0.007024	-2.876667	2.869643	-0.026379 	0.003771
-86.200000	-0.007132	-2.873333	2.866201	-0.026359 	0.003774
-86.100000	-0.007240	-2.870000	2.862760	-0.026339 	0.003776
-86.000000	-0.007348	-2.866667	2.859319	-0.026318 	0.003778
-85.900000	-0.007456	-2.863333	2.855877	-0.026296 	0.003780
-85.800000	-0.007564	-2.860000	2.852436	-0.026274 	0.003783
-85.700000	-0.007672	-2.856667	2.848995	-0.026250 	0.003785
-85.600000	-0.007780	-2.853333	2.845553	-0.026226 	0.003787
-85.500000	-0.007888	-2.850000	2.842112	-0.026202 	0.003790
-85.400000	-0.007995	-2.846667	2.838672	-0.026176 	0.003792
-85.300000	-0.008103	-2.843333	2.835230	-0.026150 	0.003794
-85.200000	-0.008210	-2.840000	2.831790	-0.026122 	0.003797
-85.100000	-0.008318	-2.836667	2.828349	-0.026095 	0.003799
-85.000000	-0.008425	-2.833333	2.824908	-0.026066 	0.003801
-84.900000	-0.008532	-2.830000	2.821468	-0.026036 	0.003803
-84.800000	-0.008639	-2.826667	2.818028	-0.026006 	0.003806
-84.700000	-0.008746	-2.823333	2.814587	-0.025975 	0.003808
-84.600000	-0.008853	-2.820000	2.811147	-0.025943 	0.003810
-84.500000	-0.008959	-2.816667	2.807708	-0.025911 	0.003813
-84.400000	-0.009066	-2.813333	2.804267	-0.025877 	0.003815
-84.300000	-0.009173	-2.810000	2.800827	-0.025843 	0.003817
-84.200000	-0.009279	-2.806667	2.797388	-0.025808 	0.003820
-84.100000	-0.009385	-2.803333	2.793948	-0.025772 	0.003822
-84.000000	-0.009491	-2.800000	2.790509	-0.025735 	0.003825
-83.900000	-0.009597	-2.796667	2.787070	-0.025698 	0.003827
-83.800000	-0.009703	-2.793333	2.783630	-0.025660 	0.003829
-83.700000	-0.009809	-2.790000	2.780191	-0.025621 	0.003832
-83.600000	-0.009914	-2.786667	2.776753	-0.025581 	0.003834
-83.500000	-0.010020	-2.783333	2.773313	-0.025540 	0.003836
-83.400000	-0.010125	-2.780000	2.769875	-0.025499 	0.003839
-83.300000	-0.010230	-2.776667	2.766437	-0.025456 	0.003841
-83.200000	-0.010335	-2.773333	2.762998	-0.025413 	0.003843
-83.100000	-0.010440	-2.770000	2.759560	-0.025369 	0.003846
-83.000000	-0.010545	-2.766667	2.756122	-0.025325 	0.003848
-82.900000	-0.010649	-2.763333	2.752684	-0.025279 	0.003851
-82.800000	-0.010753	-2.760000	2.749247	-0.025233 	0.003853
-82.700000	-0.010858	-2.756667	2.745809	-0.025186 	0.003856
-82.600000	-0.010962	-2.753333	2.742371	-0.025138 	0.003858
-82.500000	-0.011065	-2.750000	2.738935	-0.025089 	0.003860
-82.400000	-0.011169	-2.746667	2.735498	-0.025039 	0.003863
-82.300000	-0.011273	-2.743333	2.732060	-0.024989 	0.003865
-82.200000	-0.011376	-2.740000	2.728624	-0.024937 	0.003868
-82.100000	-0.011479	-2.736667	2.725188	-0.024885 	0.003870
-82.000000	-0.011582	-2.733333	2.721751	-0.024832 	0.003873
-81.900000	-0.011685	-2.730000	2.718315	-0.024778 	0.003875
-81.800000	-0.011787	-2.726667	2.714880	-0.024724 	0.003877
-81.700000	-0.011889	-2.723333	2.711444	-0.024668 	0.003880
-81.600000	-0.011992	-2.720000	2.708008	-0.024612 	0.003882
-81.500000	-0.012094	-2.716667	2.704573	-0.024555 	0.003885
-81.400000	-0.012195	-2.713333	2.701138	-0.024497 	0.003887
-81.300000	-0.012297	-2.710000	2.697703	-0.024438 	0.003890
-81.200000	-0.012398	-2.706667	2.694269	-0.024378 	0.003892
-81.100000	-0.012499	-2.703333	2.690834	-0.024318 	0.003895
-81.000000	-0.012600	-2.700000	2.687400	-0.024257 	0.003897
-80.900000	-0.012701	-2.696667	2.683966	-0.024194 	0.003900
-80.800000	-0.012801	-2.693333	2.680532	-0.024131 	0.003902
-80.700000	-0.012901	-2.690000	2.677099	-0.024067 	0.003905
-80.600000	-0.013001	-2.686667	2.673666	-0.024003 	0.003907
-80.500000	-0.013101	-2.683333	2.670232	-0.023937 	0.003910
-80.400000	-0.013200	-2.680000	2.666800	-0.023871 	0.003912
-80.300000	-0.013300	-2.676667	2.663367	-0.023803 	0.003915
-80.200000	-0.013399	-2.673333	2.659934	-0.023735 	0.003917
-80.100000	-0.013497	-2.670000	2.656503	-0.023666 	0.003920
-80.000000	-0.013596	-2.666667	2.653071	-0.023597 	0.003922
-79.900000	-0.013694	-2.663333	2.649639	-0.023526 	0.003925
-79.800000	-0.013792	-2.660000	2.646208	-0.023454 	0.003927
-79.700000	-0.013890	-2.656667	2.642777	-0.023382 	0.003930
-79.600000	-0.013987	-2.653333	2.639346	-0.023309 	0.003933
-79.500000	-0.014084	-2.650000	2.635916	-0.023235 	0.003935
-79.400000	-0.014181	-2.646667	2.632486	-0.023160 	0.003938
-79.300000	-0.014278	-2.643333	2.629055	-0.023084 	0.003940
-79.200000	-0.014374	-2.640000	2.625626	-0.023007 	0.003943
-79.100000	-0.014471	-2.636667	2.622196	-0.022929 	0.003945
-79.000000	-0.014566	-2.633333	2.618767	-0.022851 	0.003948
-78.900000	-0.014662	-2.630000	2.615338	-0.022772 	0.003951
-78.800000	-0.014757	-2.626667	2.611910	-0.022692 	0.003953
-78.700000	-0.014852	-2.623333	2.608481	-0.022611 	0.003956
-78.600000	-0.014947	-2.620000	2.605053	-0.022529 	0.003958
-78.500000	-0.015041	-2.616667	2.601626	-0.022446 	0.003961
-78.400000	-0.015135	-2.613333	2.598198	-0.022362 	0.003964
-78.300000	-0.015229	-2.610000	2.594771	-0.022278 	0.003966
-78.200000	-0.015322	-2.606667	2.591345	-0.022193 	0.003969
-78.100000	-0.015415	-2.603333	2.587918	-0.022106 	0.003971
-78.000000	-0.015508	-2.600000	2.584492	-0.022019 	0.003974
-77.900000	-0.015601	-2.596667	2.581066	-0.021931 	0.003977
-77.800000	-0.015693	-2.593333	2.577640	-0.021842 	0.003979
-77.700000	-0.015785	-2.590000	2.574215	-0.021753 	0.003982
-77.600000	-0.015876	-2.586667	2.570791	-0.021662 	0.003985
-77.500000	-0.015967	-2.583333	2.567366	-0.021571 	0.003987
-77.400000	-0.016058	-2.580000	2.563942	-0.021478 	0.003990
-77.300000	-0.016149	-2.576667	2.560518	-0.021385 	0.003993
-77.200000	-0.016239	-2.573333	2.557094	-0.021291 	0.003995
-77.100000	-0.016329	-2.570000	2.553671	-0.021196 	0.003998
-77.000000	-0.016418	-2.566667	2.550249	-0.021101 	0.004001
-76.900000	-0.016507	-2.563333	2.546826	-0.021004 	0.004003
-76.800000	-0.016596	-2.560000	2.543404	-0.020906 	0.004006
-76.700000	-0.016684	-2.556667	2.539983	-0.020808 	0.004009
-76.600000	-0.016772	-2.553333	2.536561	-0.020709 	0.004011
-76.500000	-0.016860	-2.550000	2.533140	-0.020609 	0.004014
-76.400000	-0.016947	-2.546667	2.529720	-0.020508 	0.004017
-76.300000	-0.017034	-2.543333	2.526299	-0.020406 	0.004020
-76.200000	-0.017121	-2.540000	2.522879	-0.020303 	0.004022
-76.100000	-0.017207	-2.536667	2.519460	-0.020199 	0.004025
-76.000000	-0.017293	-2.533333	2.516040	-0.020095 	0.004028
-75.900000	-0.017378	-2.530000	2.512622	-0.019990 	0.004030
-75.800000	-0.017463	-2.526667	2.509204	-0.019883 	0.004033
-75.700000	-0.017548	-2.523333	2.505785	-0.019776 	0.004036
-75.600000	-0.017632	-2.520000	2.502368	-0.019668 	0.004039
-75.500000	-0.017716	-2.516667	2.498951	-0.019560 	0.004041
-75.400000	-0.017800	-2.513333	2.495533	-0.019450 	0.004044
-75.300000	-0.017883	-2.510000	2.492117	-0.019339 	0.004047
-75.200000	-0.017965	-2.506667	2.488702	-0.019228 	0.004050
-75.100000	-0.018048	-2.503333	2.485285	-0.019116 	0.004053
-75.000000	-0.018129	-2.500000	2.481871	-0.019003 	0.004055
-74.900000	-0.018211	-2.496667	2.478456	-0.018889 	0.004058
-74.800000	-0.018292	-2.493333	2.475041	-0.018774 	0.004061
-74.700000	-0.018372	-2.490000	2.471628	-0.018658 	0.004064
-74.600000	-0.018452	-2.486667	2.468215	-0.018541 	0.004067
-74.500000	-0.018532	-2.483333	2.464801	-0.018424 	0.004069
-74.400000	-0.018611	-2.480000	2.461389	-0.018306 	0.004072
-74.300000	-0.018690	-2.476667	2.457977	-0.018186 	0.004075
-74.200000	-0.018768	-2.473333	2.454565	-0.018066 	0.004078
-74.100000	-0.018846	-2.470000	2.451154	-0.017945 	0.004081
-74.000000	-0.018924	-2.466667	2.447743	-0.017824 	0.004084
-73.900000	-0.019001	-2.463333	2.444332	-0.017701 	0.004086
-73.800000	-0.019078	-2.460000	2.440922	-0.017578 	0.004089
-73.700000	-0.019154	-2.456667	2.437513	-0.017453 	0.004092
-73.600000	-0.019229	-2.453333	2.434104	-0.017328 	0.004095
-73.500000	-0.019304	-2.450000	2.430696	-0.017202 	0.004098
-73.400000	-0.019379	-2.446667	2.427288	-0.017075 	0.004101
-73.300000	-0.019453	-2.443333	2.423880	-0.016947 	0.004104
-73.200000	-0.019527	-2.440000	2.420473	-0.016819 	0.004106
-73.100000	-0.019601	-2.436667	2.417066	-0.016689 	0.004109
-73.000000	-0.019673	-2.433333	2.413660	-0.016559 	0.004112
-72.900000	-0.019746	-2.430000	2.410254	-0.016428 	0.004115
-72.800000	-0.019818	-2.426667	2.406849	-0.016296 	0.004118
-72.700000	-0.019889	-2.423333	2.403444	-0.016163 	0.004121
-72.600000	-0.019960	-2.420000	2.400040	-0.016029 	0.004124
-72.500000	-0.020030	-2.416667	2.396637	-0.015894 	0.004127
-72.400000	-0.020100	-2.413333	2.393233	-0.015759 	0.004130
-72.300000	-0.020169	-2.410000	2.389831	-0.015623 	0.004133
-72.200000	-0.020238	-2.406667	2.386429	-0.015486 	0.004136
-72.100000	-0.020307	-2.403333	2.383026	-0.015348 	0.004139
-72.000000	-0.020374	-2.400000	2.379626	-0.015209 	0.004142
-71.900000	-0.020442	-2.396667	2.376225	-0.015069 	0.004145
-71.800000	-0.020509	-2.393333	2.372824	-0.014929 	0.004147
-71.700000	-0.020575	-2.390000	2.369425	-0.014788 	0.004150
-71.600000	-0.020641	-2.386667	2.366026	-0.014646 	0.004153
-71.500000	-0.020706	-2.383333	2.362627	-0.014503 	0.004156
-71.400000	-0.020771	-2.380000	2.359229	-0.014359 	0.004159
-71.300000	-0.020835	-2.376667	2.355832	-0.014214 	0.004162
-71.200000	-0.020898	-2.373333	2.352435	-0.014069 	0.004165
-71.100000	-0.020961	-2.370000	2.349039	-0.013923 	0.004168
-71.000000	-0.021024	-2.366667	2.345643	-0.013776 	0.004171
-70.900000	-0.021086	-2.363333	2.342247	-0.013628 	0.004174
-70.800000	-0.021147	-2.360000	2.338853	-0.013479 	0.004177
-70.700000	-0.021208	-2.356667	2.335459	-0.013330 	0.004181
-70.600000	-0.021268	-2.353333	2.332065	-0.013179 	0.004184
-70.500000	-0.021328	-2.350000	2.328672	-0.013028 	0.004187
-70.400000	-0.021387	-2.346667	2.325280	-0.012876 	0.004190
-70.300000	-0.021446	-2.343333	2.321887	-0.012724 	0.004193
-70.200000	-0.021504	-2.340000	2.318496	-0.012570 	0.004196
-70.100000	-0.021561	-2.336667	2.315106	-0.012416 	0.004199
-70.000000	-0.021618	-2.333333	2.311715	-0.012261 	0.004202
-69.900000	-0.021675	-2.330000	2.308325	-0.012105 	0.004205
-69.800000	-0.021730	-2.326667	2.304937	-0.011948 	0.004208
-69.700000	-0.021785	-2.323333	2.301548	-0.011790 	0.004211
-69.600000	-0.021840	-2.320000	2.298160	-0.011632 	0.004214
-69.500000	-0.021894	-2.316667	2.294773	-0.011473 	0.004217
-69.400000	-0.021947	-2.313333	2.291386	-0.011313 	0.004221
-69.300000	-0.022000	-2.310000	2.288000	-0.011152 	0.004224
-69.200000	-0.022052	-2.306667	2.284615	-0.010991 	0.004227
-69.100000	-0.022104	-2.303333	2.281229	-0.010829 	0.004230
-69.000000	-0.022154	-2.300000	2.277846	-0.010666 	0.004233
-68.900000	-0.022205	-2.296667	2.274462	-0.010502 	0.004236
-68.800000	-0.022254	-2.293333	2.271079	-0.010337 	0.004239
-68.700000	-0.022304	-2.290000	2.267696	-0.010172 	0.004243
-68.600000	-0.022352	-2.286667	2.264315	-0.010006 	0.004246
-68.500000	-0.022400	-2.283333	2.260933	-0.009839 	0.004249
-68.400000	-0.022447	-2.280000	2.257553	-0.009671 	0.004252
-68.300000	-0.022493	-2.276667	2.254174	-0.009503 	0.004255
-68.200000	-0.022539	-2.273333	2.250794	-0.009333 	0.004258
-68.100000	-0.022585	-2.270000	2.247415	-0.009164 	0.004262
-68.000000	-0.022629	-2.266667	2.244038	-0.008993 	0.004265
-67.900000	-0.022673	-2.263333	2.240660	-0.008821 	0.004268
-67.800000	-0.022717	-2.260000	2.237283	-0.008649 	0.004271
-67.700000	-0.022759	-2.256667	2.233908	-0.008476 	0.004274
-67.600000	-0.022801	-2.253333	2.230532	-0.008303 	0.004278
-67.500000	-0.022843	-2.250000	2.227157	-0.008128 	0.004281
-67.400000	-0.022883	-2.246667	2.223784	-0.007953 	0.004284
-67.300000	-0.022923	-2.243333	2.220410	-0.007777 	0.004287
-67.200000	-0.022963	-2.240000	2.217037	-0.007601 	0.004291
-67.100000	-0.023002	-2.236667	2.213665	-0.007423 	0.004294
-67.000000	-0.023040	-2.233333	2.210293	-0.007245 	0.004297
-66.900000	-0.023077	-2.230000	2.206923	-0.007067 	0.004301
-66.800000	-0.023114	-2.226667	2.203553	-0.006887 	0.004304
-66.700000	-0.023150	-2.223333	2.200183	-0.006707 	0.004307
-66.600000	-0.023185	-2.220000	2.196815	-0.006526 	0.004310
-66.500000	-0.023220	-2.216667	2.193447	-0.006344 	0.004314
-66.400000	-0.023254	-2.213333	2.190079	-0.006162 	0.004317
-66.300000	-0.023287	-2.210000	2.186713	-0.005979 	0.004320
-66.200000	-0.023319	-2.206667	2.183348	-0.005795 	0.004324
-66.100000	-0.023351	-2.203333	2.179982	-0.005611 	0.004327
-66.000000	-0.023382	-2.200000	2.176618	-0.005426 	0.004330
-65.900000	-0.023413	-2.196667	2.173254	-0.005240 	0.004334
-65.800000	-0.023443	-2.193333	2.169890	-0.005054 	0.004337
-65.700000	-0.023472	-2.190000	2.166528	-0.004866 	0.004340
-65.600000	-0.023500	-2.186667	2.163167	-0.004679 	0.004344
-65.500000	-0.023528	-2.183333	2.159805	-0.004490 	0.004347
-65.400000	-0.023554	-2.180000	2.156446	-0.004301 	0.004351
-65.300000	-0.023581	-2.176667	2.153086	-0.004111 	0.004354
-65.200000	-0.023606	-2.173333	2.149727	-0.003921 	0.004357
-65.100000	-0.023631	-2.170000	2.146369	-0.003730 	0.004361
-65.000000	-0.023655	-2.166667	2.143012	-0.003538 	0.004364
-64.900000	-0.023678	-2.163333	2.139655	-0.003346 	0.004368
-64.800000	-0.023701	-2.160000	2.136299	-0.003152 	0.004371
-64.700000	-0.023722	-2.156667	2.132945	-0.002959 	0.004374
-64.600000	-0.023743	-2.153333	2.129590	-0.002764 	0.004378
-64.500000	-0.023764	-2.150000	2.126236	-0.002569 	0.004381
-64.400000	-0.023783	-2.146667	2.122884	-0.002374 	0.004385
-64.300000	-0.023802	-2.143333	2.119531	-0.002178 	0.004388
-64.200000	-0.023820	-2.140000	2.116180	-0.001981 	0.004392
-64.100000	-0.023837	-2.136667	2.112830	-0.001783 	0.004395
-64.000000	-0.023854	-2.133333	2.109479	-0.001585 	0.004399
-63.900000	-0.023870	-2.130000	2.106130	-0.001387 	0.004402
-63.800000	-0.023885	-2.126667	2.102782	-0.001187 	0.004406
-63.700000	-0.023899	-2.123333	2.099434	-0.000987 	0.004409
-63.600000	-0.023912	-2.120000	2.096088	-0.000787 	0.004413
-63.500000	-0.023925	-2.116667	2.092742	-0.000586 	0.004416
-63.400000	-0.023937	-2.113333	2.089396	-0.000384 	0.004420
-63.300000	-0.023948	-2.110000	2.086052	-0.000182 	0.004423
-63.200000	-0.023959	-2.106667	2.082708	0.000021 	0.004427
-63.100000	-0.023968	-2.103333	2.079365	0.000224 	0.004430
-63.000000	-0.023977	-2.100000	2.076023	0.000428 	0.004434
-62.900000	-0.023985	-2.096667	2.072682	0.000633 	0.004438
-62.800000	-0.023992	-2.093333	2.069341	0.000838 	0.004441
-62.700000	-0.023999	-2.090000	2.066001	0.001043 	0.004445
-62.600000	-0.024004	-2.086667	2.062663	0.001249 	0.004448
-62.500000	-0.024009	-2.083333	2.059324	0.001456 	0.004452
-62.400000	-0.024013	-2.080000	2.055987	0.001663 	0.004456
-62.300000	-0.024017	-2.076667	2.052650	0.001871 	0.004459
-62.200000	-0.024019	-2.073333	2.049314	0.002079 	0.004463
-62.100000	-0.024021	-2.070000	2.045979	0.002288 	0.004466
-62.000000	-0.024022	-2.066667	2.042645	0.002498 	0.004470
-61.900000	-0.024022	-2.063333	2.039311	0.002707 	0.004474
-61.800000	-0.024021	-2.060000	2.035979	0.002918 	0.004477
-61.700000	-0.024019	-2.056667	2.032648	0.003129 	0.004481
-61.600000	-0.024017	-2.053333	2.029316	0.003340 	0.004485
-61.500000	-0.024014	-2.050000	2.025986	0.003552 	0.004488
-61.400000	-0.024010	-2.046667	2.022657	0.003764 	0.004492
-61.300000	-0.024005	-2.043333	2.019328	0.003977 	0.004496
-61.200000	-0.023999	-2.040000	2.016001	0.004190 	0.004500
-61.100000	-0.023993	-2.036667	2.012674	0.004404 	0.004503
-61.000000	-0.023985	-2.033333	2.009348	0.004619 	0.004507
-60.900000	-0.023977	-2.030000	2.006023	0.004833 	0.004511
-60.800000	-0.023968	-2.026667	2.002699	0.005048 	0.004514
-60.700000	-0.023958	-2.023333	1.999375	0.005264 	0.004518
-60.600000	-0.023948	-2.020000	1.996052	0.005480 	0.004522
-60.500000	-0.023936	-2.016667	1.992731	0.005697 	0.004526
-60.400000	-0.023924	-2.013333	1.989409	0.005914 	0.004530
-60.300000	-0.023911	-2.010000	1.986089	0.006131 	0.004533
-60.200000	-0.023897	-2.006667	1.982770	0.006349 	0.004537
-60.100000	-0.023882	-2.003333	1.979451	0.006567 	0.004541
-60.000000	-0.023866	-2.000000	1.976134	0.006786 	0.004545
-59.900000	-0.023849	-1.996667	1.972818	0.007005 	0.004549
-59.800000	-0.023832	-1.993333	1.969501	0.007224 	0.004552
-59.700000	-0.023813	-1.990000	1.966187	0.007444 	0.004556
-59.600000	-0.023794	-1.986667	1.962873	0.007665 	0.004560
-59.500000	-0.023774	-1.983333	1.959559	0.007885 	0.004564
-59.400000	-0.023753	-1.980000	1.956247	0.008106 	0.004568
-59.300000	-0.023732	-1.976667	1.952935	0.008328 	0.004572
-59.200000	-0.023709	-1.973333	1.949624	0.008550 	0.004576
-59.100000	-0.023686	-1.970000	1.946314	0.008772 	0.004579
-59.000000	-0.023661	-1.966667	1.943006	0.008994 	0.004583
-58.900000	-0.023636	-1.963333	1.939697	0.009217 	0.004587
-58.800000	-0.023610	-1.960000	1.936390	0.009440 	0.004591
-58.700000	-0.023583	-1.956667	1.933084	0.009664 	0.004595
-58.600000	-0.023555	-1.953333	1.929778	0.009888 	0.004599
-58.500000	-0.023526	-1.950000	1.926474	0.010112 	0.004603
-58.400000	-0.023497	-1.946667	1.923170	0.010336 	0.004607
-58.300000	-0.023466	-1.943333	1.919867	0.010561 	0.004611
-58.200000	-0.023435	-1.940000	1.916565	0.010786 	0.004615
-58.100000	-0.023403	-1.936667	1.913264	0.011012 	0.004619
-58.000000	-0.023369	-1.933333	1.909964	0.011238 	0.004623
-57.900000	-0.023335	-1.930000	1.906665	0.011464 	0.004627
-57.800000	-0.023301	-1.926667	1.903366	0.011690 	0.004631
-57.700000	-0.023265	-1.923333	1.900068	0.011917 	0.004635
-57.600000	-0.023228	-1.920000	1.896772	0.012144 	0.004639
-57.500000	-0.023190	-1.916667	1.893477	0.012371 	0.004643
-57.400000	-0.023152	-1.913333	1.890181	0.012598 	0.004647
-57.300000	-0.023113	-1.910000	1.886887	0.012826 	0.004651
-57.200000	-0.023072	-1.906667	1.883595	0.013054 	0.004655
-57.100000	-0.023031	-1.903333	1.880302	0.013282 	0.004659
-57.000000	-0.022989	-1.900000	1.877011	0.013510 	0.004663
-56.900000	-0.022946	-1.896667	1.873721	0.013739 	0.004667
-56.800000	-0.022902	-1.893333	1.870431	0.013968 	0.004671
-56.700000	-0.022857	-1.890000	1.867143	0.014197 	0.004676
-56.600000	-0.022812	-1.886667	1.863855	0.014426 	0.004680
-56.500000	-0.022765	-1.883333	1.860568	0.014656 	0.004684
-56.400000	-0.022718	-1.880000	1.857282	0.014885 	0.004688
-56.300000	-0.022669	-1.876667	1.853998	0.015115 	0.004692
-56.200000	-0.022620	-1.873333	1.850713	0.015345 	0.004696
-56.100000	-0.022570	-1.870000	1.847430	0.015575 	0.004700
-56.000000	-0.022519	-1.866667	1.844148	0.015806 	0.004705
-55.900000	-0.022467	-1.863333	1.840866	0.016036 	0.004709
-55.800000	-0.022414	-1.860000	1.837586	0.016267 	0.004713
-55.700000	-0.022360	-1.856667	1.834307	0.016498 	0.004717
-55.600000	-0.022305	-1.853333	1.831028	0.016729 	0.004721
-55.500000	-0.022249	-1.850000	1.827751	0.016960 	0.004726
-55.400000	-0.022193	-1.846667	1.824474	0.017191 	0.004730
-55.300000	-0.022135	-1.843333	1.821198	0.017422 	0.004734
-55.200000	-0.022077	-1.840000	1.817923	0.017654 	0.004738
-55.100000	-0.022017	-1.836667	1.814650	0.017885 	0.004743
-55.000000	-0.021957	-1.833333	1.811376	0.018117 	0.004747
-54.900000	-0.021896	-1.830000	1.808104	0.018349 	0.004751
-54.800000	-0.021834	-1.826667	1.804833	0.018581 	0.004756
-54.700000	-0.021771	-1.823333	1.801562	0.018813 	0.004760
-54.600000	-0.021707	-1.820000	1.798293	0.019044 	0.004764
-54.500000	-0.021642	-1.816667	1.795025	0.019277 	0.004768
-54.400000	-0.021576	-1.813333	1.791757	0.019509 	0.004773
-54.300000	-0.021509	-1.810000	1.788491	0.019741 	0.004777
-54.200000	-0.021442	-1.806667	1.785225	0.019973 	0.004782
-54.100000	-0.021373	-1.803333	1.781960	0.020205 	0.004786
-54.000000	-0.021304	-1.800000	1.778696	0.020436 	0.004790
-53.900000	-0.021234	-1.796667	1.775433	0.020668 	0.004795
-53.800000	-0.021163	-1.793333	1.772170	0.020899 	0.004799
-53.700000	-0.021092	-1.790000	1.768908	0.021129 	0.004804
-53.600000	-0.021020	-1.786667	1.765647	0.021359 	0.004808
-53.500000	-0.020947	-1.783333	1.762386	0.021587 	0.004812
-53.400000	-0.020874	-1.780000	1.759126	0.021814 	0.004817
-53.300000	-0.020801	-1.776667	1.755866	0.022040 	0.004821
-53.200000	-0.020728	-1.773333	1.752605	0.022263 	0.004826
-53.100000	-0.020655	-1.770000	1.749345	0.022484 	0.004830
-53.000000	-0.020582	-1.766667	1.746085	0.022702 	0.004835
-52.900000	-0.020509	-1.763333	1.742824	0.022917 	0.004839
-52.800000	-0.020437	-1.760000	1.739563	0.023128 	0.004844
-52.700000	-0.020366	-1.756667	1.736301	0.023335 	0.004848
-52.600000	-0.020296	-1.753333	1.733037	0.023538 	0.004853
-52.500000	-0.020227	-1.750000	1.729773	0.023735 	0.004858
-52.400000	-0.020159	-1.746667	1.726508	0.023928 	0.004862
-52.300000	-0.020092	-1.743333	1.723241	0.024115 	0.004867
-52.200000	-0.020026	-1.740000	1.719974	0.024297 	0.004871
-52.100000	-0.019962	-1.736667	1.716705	0.024473 	0.004876
-52.000000	-0.019899	-1.733333	1.713434	0.024644 	0.004881
-51.900000	-0.019837	-1.730000	1.710163	0.024810 	0.004885
-51.800000	-0.019776	-1.726667	1.706891	0.024971 	0.004890
-51.700000	-0.019716	-1.723333	1.703617	0.025127 	0.004895
-51.600000	-0.019656	-1.720000	1.700344	0.025280 	0.004899
-51.500000	-0.019597	-1.716667	1.697070	0.025429 	0.004904
-51.400000	-0.019537	-1.713333	1.693796	0.025575 	0.004909
-51.300000	-0.019478	-1.710000	1.690522	0.025720 	0.004914
-51.200000	-0.019417	-1.706667	1.687250	0.025864 	0.004918
-51.100000	-0.019356	-1.703333	1.683977	0.026007 	0.004923
-51.000000	-0.019294	-1.700000	1.680706	0.026150 	0.004928
-50.900000	-0.019230	-1.696667	1.677437	0.026294 	0.004933
-50.800000	-0.019164	-1.693333	1.674169	0.026440 	0.004938
-50.700000	-0.019097	-1.690000	1.670903	0.026588 	0.004942
-50.600000	-0.019027	-1.686667	1.667640	0.026739 	0.004947
-50.500000	-0.018954	-1.683333	1.664379	0.026894 	0.004952
-50.400000	-0.018879	-1.680000	1.661121	0.027051 	0.004957
-50.300000	-0.018802	-1.676667	1.657865	0.027213 	0.004962
-50.200000	-0.018721	-1.673333	1.654612	0.027379 	0.004967
-50.100000	-0.018638	-1.670000	1.651362	0.027549 	0.004972
-50.000000	-0.018552	-1.666667	1.648115	0.027723 	0.004976
-49.900000	-0.018463	-1.663333	1.644870	0.027901 	0.004981
-49.800000	-0.018371	-1.660000	1.641629	0.028084 	0.004986
-49.700000	-0.018277	-1.656667	1.638390	0.028270 	0.004991
-49.600000	-0.018180	-1.653333	1.635153	0.028460 	0.004996
-49.500000	-0.018081	-1.650000	1.631919	0.028653 	0.005001
-49.400000	-0.017979	-1.646667	1.628688	0.028849 	0.005006
-49.300000	-0.017875	-1.643333	1.625458	0.029048 	0.005011
-49.200000	-0.017769	-1.640000	1.622231	0.029250 	0.005016
-49.100000	-0.017661	-1.636667	1.619006	0.029454 	0.005021
-49.000000	-0.017551	-1.633333	1.615782	0.029660 	0.005026
-48.900000	-0.017440	-1.630000	1.612560	0.029868 	0.005031
-48.800000	-0.017326	-1.626667	1.609341	0.030077 	0.005036
-48.700000	-0.017212	-1.623333	1.606121	0.030287 	0.005041
-48.600000	-0.017095	-1.620000	1.602905	0.030498 	0.005046
-48.500000	-0.016977	-1.616667	1.599690	0.030710 	0.005051
-48.400000	-0.016858	-1.613333	1.596475	0.030923 	0.005056
-48.300000	-0.016738	-1.610000	1.593262	0.031136 	0.005061
-48.200000	-0.016617	-1.606667	1.590050	0.031349 	0.005067
-48.100000	-0.016494	-1.603333	1.586839	0.031562 	0.005072
-48.000000	-0.016370	-1.600000	1.583630	0.031775 	0.005077
-47.900000	-0.016245	-1.596667	1.580422	0.031989 	0.005082
-47.800000	-0.016120	-1.593333	1.577213	0.032202 	0.005087
-47.700000	-0.015993	-1.590000	1.574007	0.032415 	0.005092
-47.600000	-0.015865	-1.586667	1.570802	0.032627 	0.005097
-47.500000	-0.015736	-1.583333	1.567597	0.032839 	0.005103
-47.400000	-0.015607	-1.580000	1.564393	0.033051 	0.005108
-47.300000	-0.015476	-1.576667	1.561191	0.033262 	0.005113
-47.200000	-0.015345	-1.573333	1.557988	0.033473 	0.005118
-47.100000	-0.015212	-1.570000	1.554788	0.033684 	0.005124
-47.000000	-0.015079	-1.566667	1.551588	0.033893 	0.005129
-46.900000	-0.014945	-1.563333	1.548388	0.034103 	0.005134
-46.800000	-0.014810	-1.560000	1.545190	0.034311 	0.005140
-46.700000	-0.014674	-1.556667	1.541993	0.034519 	0.005145
-46.600000	-0.014537	-1.553333	1.538796	0.034727 	0.005150
-46.500000	-0.014399	-1.550000	1.535601	0.034934 	0.005156
-46.400000	-0.014261	-1.546667	1.532406	0.035140 	0.005161
-46.300000	-0.014121	-1.543333	1.529212	0.035346 	0.005166
-46.200000	-0.013981	-1.540000	1.526019	0.035551 	0.005172
-46.100000	-0.013840	-1.536667	1.522827	0.035755 	0.005177
-46.000000	-0.013698	-1.533333	1.519635	0.035958 	0.005183
-45.900000	-0.013555	-1.530000	1.516445	0.036161 	0.005188
-45.800000	-0.013412	-1.526667	1.513255	0.036364 	0.005194
-45.700000	-0.013267	-1.523333	1.510066	0.036565 	0.005199
-45.600000	-0.013122	-1.520000	1.506878	0.036766 	0.005204
-45.500000	-0.012976	-1.516667	1.503691	0.036966 	0.005210
-45.400000	-0.012829	-1.513333	1.500504	0.037165 	0.005216
-45.300000	-0.012681	-1.510000	1.497319	0.037364 	0.005221
-45.200000	-0.012533	-1.506667	1.494134	0.037562 	0.005227
-45.100000	-0.012383	-1.503333	1.490950	0.037759 	0.005232
-45.000000	-0.012233	-1.500000	1.487767	0.037955 	0.005238
-44.900000	-0.012082	-1.496667	1.484585	0.038150 	0.005243
-44.800000	-0.011930	-1.493333	1.481403	0.038345 	0.005249
-44.700000	-0.011777	-1.490000	1.478223	0.038539 	0.005255
-44.600000	-0.011624	-1.486667	1.475043	0.038732 	0.005260
-44.500000	-0.011469	-1.483333	1.471864	0.038924 	0.005266
-44.400000	-0.011314	-1.480000	1.468686	0.039115 	0.005272
-44.300000	-0.011158	-1.476667	1.465509	0.039306 	0.005277
-44.200000	-0.011002	-1.473333	1.462331	0.039495 	0.005283
-44.100000	-0.010844	-1.470000	1.459156	0.039684 	0.005289
-44.000000	-0.010686	-1.466667	1.455981	0.039872 	0.005295
-43.900000	-0.010527	-1.463333	1.452806	0.040059 	0.005300
-43.800000	-0.010367	-1.460000	1.449633	0.040245 	0.005306
-43.700000	-0.010206	-1.456667	1.446461	0.040430 	0.005312
-43.600000	-0.010045	-1.453333	1.443288	0.040614 	0.005318
-43.500000	-0.009883	-1.450000	1.440117	0.040798 	0.005324
-43.400000	-0.009720	-1.446667	1.436947	0.040980 	0.005330
-43.300000	-0.009556	-1.443333	1.433777	0.041161 	0.005336
-43.200000	-0.009392	-1.440000	1.430608	0.041342 	0.005341
-43.100000	-0.009227	-1.436667	1.427440	0.041521 	0.005347
-43.000000	-0.009061	-1.433333	1.424272	0.041700 	0.005353
-42.900000	-0.008894	-1.430000	1.421106	0.041877 	0.005359
-42.800000	-0.008726	-1.426667	1.417941	0.042053 	0.005365
-42.700000	-0.008558	-1.423333	1.414775	0.042229 	0.005371
-42.600000	-0.008389	-1.420000	1.411611	0.042403 	0.005377
-42.500000	-0.008220	-1.416667	1.408447	0.042576 	0.005383
-42.400000	-0.008049	-1.413333	1.405284	0.042749 	0.005389
-42.300000	-0.007878	-1.410000	1.402122	0.042920 	0.005395
-42.200000	-0.007706	-1.406667	1.398961	0.043090 	0.005401
-42.100000	-0.007534	-1.403333	1.395799	0.043259 	0.005408
-42.000000	-0.007360	-1.400000	1.392640	0.043426 	0.005414
-41.900000	-0.007186	-1.396667	1.389481	0.043593 	0.005420
-41.800000	-0.007012	-1.393333	1.386321	0.043759 	0.005426
-41.700000	-0.006836	-1.390000	1.383164	0.043923 	0.005432
-41.600000	-0.006660	-1.386667	1.380007	0.044086 	0.005438
-41.500000	-0.006484	-1.383333	1.376849	0.044249 	0.005445
-41.400000	-0.006306	-1.380000	1.373694	0.044409 	0.005451
-41.300000	-0.006128	-1.376667	1.370539	0.044569 	0.005457
-41.200000	-0.005949	-1.373333	1.367384	0.044728 	0.005464
-41.100000	-0.005770	-1.370000	1.364230	0.044885 	0.005470
-41.000000	-0.005590	-1.366667	1.361077	0.045041 	0.005476
-40.900000	-0.005409	-1.363333	1.357924	0.045196 	0.005483
-40.800000	-0.005228	-1.360000	1.354772	0.045349 	0.005489
-40.700000	-0.005046	-1.356667	1.351621	0.045502 	0.005495
-40.600000	-0.004863	-1.353333	1.348470	0.045653 	0.005502
-40.500000	-0.004680	-1.350000	1.345320	0.045802 	0.005508
-40.400000	-0.004496	-1.346667	1.342171	0.045951 	0.005515
-40.300000	-0.004311	-1.343333	1.339022	0.046098 	0.005521
-40.200000	-0.004126	-1.340000	1.335874	0.046243 	0.005528
-40.100000	-0.003940	-1.336667	1.332727	0.046388 	0.005534
-40.000000	-0.003754	-1.333333	1.329579	0.046531 	0.005541
-39.900000	-0.003567	-1.330000	1.326433	0.046673 	0.005547
-39.800000	-0.003379	-1.326667	1.323288	0.046813 	0.005554
-39.700000	-0.003191	-1.323333	1.320142	0.046952 	0.005560
-39.600000	-0.003002	-1.320000	1.316998	0.047089 	0.005567
-39.500000	-0.002813	-1.316667	1.313854	0.047225 	0.005574
-39.400000	-0.002623	-1.313333	1.310710	0.047360 	0.005580
-39.300000	-0.002433	-1.310000	1.307567	0.047493 	0.005587
-39.200000	-0.002241	-1.306667	1.304426	0.047625 	0.005594
-39.100000	-0.002050	-1.303333	1.301283	0.047755 	0.005601
-39.000000	-0.001858	-1.300000	1.298142	0.047883 	0.005607
-38.900000	-0.001665	-1.296667	1.295002	0.048011 	0.005614
-38.800000	-0.001472	-1.293333	1.291861	0.048136 	0.005621
-38.700000	-0.001278	-1.290000	1.288722	0.048260 	0.005628
-38.600000	-0.001084	-1.286667	1.285583	0.048383 	0.005635
-38.500000	-0.000889	-1.283333	1.282444	0.048504 	0.005642
-38.400000	-0.000693	-1.280000	1.279307	0.048624 	0.005648
-38.300000	-0.000498	-1.276667	1.276169	0.048741 	0.005655
-38.200000	-0.000301	-1.273333	1.273032	0.048858 	0.005662
-38.100000	-0.000104	-1.270000	1.269896	0.048972 	0.005669
-38.000000	0.000093	-1.266667	1.266760	0.049085 	0.005676
-37.900000	0.000291	-1.263333	1.263624	0.049197 	0.005683
-37.800000	0.000489	-1.260000	1.260489	0.049307 	0.005690
-37.700000	0.000688	-1.256667	1.257355	0.049415 	0.005698
-37.600000	0.000887	-1.253333	1.254220	0.049521 	0.005705
-37.500000	0.001087	-1.250000	1.251087	0.049626 	0.005712
-37.400000	0.001287	-1.246667	1.247954	0.049728 	0.005719
-37.300000	0.001487	-1.243333	1.244820	0.049830 	0.005726
-37.200000	0.001688	-1.240000	1.241688	0.049929 	0.005733
-37.100000	0.001889	-1.236667	1.238556	0.050027 	0.005741
-37.000000	0.002091	-1.233333	1.235424	0.050123 	0.005748
-36.900000	0.002293	-1.230000	1.232293	0.050217 	0.005755
-36.800000	0.002496	-1.226667	1.229163	0.050309 	0.005763
-36.700000	0.002699	-1.223333	1.226032	0.050399 	0.005770
-36.600000	0.002902	-1.220000	1.222902	0.050488 	0.005777
-36.500000	0.003106	-1.216667	1.219773	0.050575 	0.005785
-36.400000	0.003310	-1.213333	1.216643	0.050660 	0.005792
-36.300000	0.003515	-1.210000	1.213515	0.050743 	0.005800
-36.200000	0.003719	-1.206667	1.210386	0.050824 	0.005807
-36.100000	0.003924	-1.203333	1.207257	0.050903 	0.005815
-36.000000	0.004130	-1.200000	1.204130	0.050980 	0.005822
-35.900000	0.004336	-1.196667	1.201003	0.051055 	0.005830
-35.800000	0.004542	-1.193333	1.197875	0.051128 	0.005837
-35.700000	0.004748	-1.190000	1.194748	0.051199 	0.005845
-35.600000	0.004955	-1.186667	1.191622	0.051269 	0.005853
-35.500000	0.005162	-1.183333	1.188495	0.051336 	0.005860
-35.400000	0.005369	-1.180000	1.185369	0.051401 	0.005868
-35.300000	0.005577	-1.176667	1.182244	0.051464 	0.005876
-35.200000	0.005785	-1.173333	1.179118	0.051525 	0.005884
-35.100000	0.005993	-1.170000	1.175993	0.051584 	0.005891
-35.000000	0.006201	-1.166667	1.172868	0.051641 	0.005899
-34.900000	0.006410	-1.163333	1.169743	0.051695 	0.005907
-34.800000	0.006619	-1.160000	1.166619	0.051748 	0.005915
-34.700000	0.006828	-1.156667	1.163495	0.051798 	0.005923
-34.600000	0.007037	-1.153333	1.160370	0.051846 	0.005931
-34.500000	0.007246	-1.150000	1.157246	0.051892 	0.005939
-34.400000	0.007456	-1.146667	1.154123	0.051936 	0.005947
-34.300000	0.007666	-1.143333	1.150999	0.051977 	0.005955
-34.200000	0.007876	-1.140000	1.147876	0.052016 	0.005963
-34.100000	0.008086	-1.136667	1.144753	0.052053 	0.005971
-34.000000	0.008296	-1.133333	1.141629	0.052088 	0.005979
-33.900000	0.008506	-1.130000	1.138506	0.052120 	0.005988
-33.800000	0.008717	-1.126667	1.135384	0.052150 	0.005996
-33.700000	0.008928	-1.123333	1.132261	0.052178 	0.006004
-33.600000	0.009139	-1.120000	1.129139	0.052203 	0.006012
-33.500000	0.009349	-1.116667	1.126016	0.052225 	0.006021
-33.400000	0.009560	-1.113333	1.122893	0.052246 	0.006029
-33.300000	0.009771	-1.110000	1.119771	0.052263 	0.006037
-33.200000	0.009983	-1.106667	1.116650	0.052279 	0.006046
-33.100000	0.010194	-1.103333	1.113527	0.052292 	0.006054
-33.000000	0.010405	-1.100000	1.110405	0.052302 	0.006063
-32.900000	0.010616	-1.096667	1.107283	0.052310 	0.006071
-32.800000	0.010828	-1.093333	1.104161	0.052315 	0.006080
-32.700000	0.011039	-1.090000	1.101039	0.052318 	0.006089
-32.600000	0.011250	-1.086667	1.097917	0.052318 	0.006097
-32.500000	0.011462	-1.083333	1.094795	0.052316 	0.006106
-32.400000	0.011673	-1.080000	1.091673	0.052310 	0.006115
-32.300000	0.011884	-1.076667	1.088551	0.052303 	0.006123
-32.200000	0.012095	-1.073333	1.085428	0.052292 	0.006132
-32.100000	0.012307	-1.070000	1.082307	0.052279 	0.006141
-32.000000	0.012518	-1.066667	1.079185	0.052263 	0.006150
-31.900000	0.012729	-1.063333	1.076062	0.052244 	0.006159
-31.800000	0.012940	-1.060000	1.072940	0.052223 	0.006168
-31.700000	0.013150	-1.056667	1.069817	0.052198 	0.006177
-31.600000	0.013361	-1.053333	1.066694	0.052171 	0.006186
-31.500000	0.013572	-1.050000	1.063572	0.052141 	0.006195
-31.400000	0.013782	-1.046667	1.060449	0.052109 	0.006204
-31.300000	0.013993	-1.043333	1.057326	0.052073 	0.006213
-31.200000	0.014203	-1.040000	1.054203	0.052034 	0.006222
-31.100000	0.014413	-1.036667	1.051080	0.051993 	0.006232
-31.000000	0.014622	-1.033333	1.047955	0.051948 	0.006241
-30.900000	0.014832	-1.030000	1.044832	0.051900 	0.006250
-30.800000	0.015041	-1.026667	1.041708	0.051850 	0.006260
-30.700000	0.015250	-1.023333	1.038583	0.051796 	0.006269
-30.600000	0.015459	-1.020000	1.035459	0.051739 	0.006278
-30.500000	0.015668	-1.016667	1.032335	0.051679 	0.006288
-30.400000	0.015876	-1.013333	1.029209	0.051616 	0.006297
-30.300000	0.016084	-1.010000	1.026084	0.051550 	0.006307
-30.200000	0.016292	-1.006667	1.022959	0.051481 	0.006317
-30.100000	0.016500	-1.003333	1.019833	0.051408 	0.006326
-30.000000	0.016707	-1.000000	1.016707	0.051332 	0.006336
-29.900000	0.016914	-0.996667	1.013580	0.051253 	0.006346
-29.800000	0.017120	-0.993333	1.010453	0.051171 	0.006356
-29.700000	0.017326	-0.990000	1.007326	0.051085 	0.006365
-29.600000	0.017532	-0.986667	1.004199	0.050996 	0.006375
-29.500000	0.017737	-0.983333	1.001070	0.050903 	0.006385
-29.400000	0.017942	-0.980000	0.997942	0.050807 	0.006395
-29.300000	0.018147	-0.976667	0.994813	0.050708 	0.006405
-29.200000	0.018351	-0.973333	0.991684	0.050605 	0.006415
-29.100000	0.018554	-0.970000	0.988554	0.050499 	0.006426
-29.000000	0.018757	-0.966667	0.985424	0.050389 	0.006436
-28.900000	0.018960	-0.963333	0.982293	0.050275 	0.006446
-28.800000	0.019162	-0.960000	0.979162	0.050158 	0.006456
-28.700000	0.019363	-0.956667	0.976030	0.050037 	0.006467
-28.600000	0.019564	-0.953333	0.972898	0.049912 	0.006477
-28.500000	0.019765	-0.950000	0.969765	0.049784 	0.006488
-28.400000	0.019965	-0.946667	0.966632	0.049652 	0.006498
-28.300000	0.020164	-0.943333	0.963497	0.049516 	0.006509
-28.200000	0.020363	-0.940000	0.960363	0.049377 	0.006519
-28.100000	0.020561	-0.936667	0.957228	0.049233 	0.006530
-28.000000	0.020758	-0.933333	0.954092	0.049086 	0.006541
-27.900000	0.020955	-0.930000	0.950955	0.048935 	0.006551
-27.800000	0.021151	-0.926667	0.947818	0.048780 	0.006562
-27.700000	0.021347	-0.923333	0.944680	0.048620 	0.006573
-27.600000	0.021542	-0.920000	0.941542	0.048457 	0.006584
-27.500000	0.021736	-0.916667	0.938402	0.048290 	0.006595
-27.400000	0.021929	-0.913333	0.935262	0.048119 	0.006606
-27.300000	0.022121	-0.910000	0.932121	0.047943 	0.006617
-27.200000	0.022313	-0.906667	0.928980	0.047763 	0.006628
-27.100000	0.022504	-0.903333	0.925837	0.047579 	0.006640
-27.000000	0.022694	-0.900000	0.922694	0.047391 	0.006651
-26.900000	0.022883	-0.896667	0.919550	0.047198 	0.006662
-26.800000	0.023072	-0.893333	0.916405	0.047002 	0.006674
-26.700000	0.023259	-0.890000	0.913259	0.046800 	0.006685
-26.600000	0.023446	-0.886667	0.910113	0.046594 	0.006697
-26.500000	0.023632	-0.883333	0.906965	0.046384 	0.006708
-26.400000	0.023817	-0.880000	0.903817	0.046169 	0.006720
-26.300000	0.024000	-0.876667	0.900667	0.045950 	0.006732
-26.200000	0.024183	-0.873333	0.897517	0.045726 	0.006744
-26.100000	0.024365	-0.870000	0.894365	0.045498 	0.006756
-26.000000	0.024546	-0.866667	0.891213	0.045264 	0.006767
-25.900000	0.024726	-0.863333	0.888059	0.045026 	0.006779
-25.800000	0.024905	-0.860000	0.884905	0.044784 	0.006792
-25.700000	0.025082	-0.856667	0.881749	0.044536 	0.006804
-25.600000	0.025259	-0.853333	0.878592	0.044283 	0.006816
-25.500000	0.025435	-0.850000	0.875435	0.044026 	0.006828
-25.400000	0.025609	-0.846667	0.872276	0.043763 	0.006841
-25.300000	0.025782	-0.843333	0.869115	0.043496 	0.006853
-25.200000	0.025954	-0.840000	0.865954	0.043223 	0.006865
-25.100000	0.026125	-0.836667	0.862792	0.042946 	0.006878
-25.000000	0.026294	-0.833333	0.859628	0.042663 	0.006891
-24.900000	0.026463	-0.830000	0.856463	0.042375 	0.006903
-24.800000	0.026630	-0.826667	0.853297	0.042081 	0.006916
-24.700000	0.026796	-0.823333	0.850129	0.041782 	0.006929
-24.600000	0.026960	-0.820000	0.846960	0.041478 	0.006942
-24.500000	0.027123	-0.816667	0.843790	0.041168 	0.006955
-24.400000	0.027285	-0.813333	0.840618	0.040853 	0.006968
-24.300000	0.027445	-0.810000	0.837445	0.040533 	0.006981
-24.200000	0.027604	-0.806667	0.834271	0.040206 	0.006995
-24.100000	0.027761	-0.803333	0.831095	0.039874 	0.007008
-24.000000	0.027917	-0.800000	0.827917	0.039536 	0.007021
-23.900000	0.028072	-0.796667	0.824738	0.039193 	0.007035
-23.800000	0.028225	-0.793333	0.821558	0.038843 	0.007049
-23.700000	0.028376	-0.790000	0.818376	0.038488 	0.007062
-23.600000	0.028526	-0.786667	0.815193	0.038126 	0.007076
-23.500000	0.028674	-0.783333	0.812007	0.037759 	0.007090
-23.400000	0.028821	-0.780000	0.808821	0.037385 	0.007104
-23.300000	0.028966	-0.776667	0.805632	0.037005 	0.007118
-23.200000	0.029109	-0.773333	0.802442	0.036619 	0.007132
-23.100000	0.029251	-0.770000	0.799251	0.036227 	0.007146
-23.000000	0.029390	-0.766667	0.796057	0.035828 	0.007161
-22.900000	0.029528	-0.763333	0.792862	0.035422 	0.007175
-22.800000	0.029665	-0.760000	0.789665	0.035010 	0.007189
-22.700000	0.029799	-0.756667	0.786466	0.034592 	0.007204
-22.600000	0.029932	-0.753333	0.783265	0.034167 	0.007219
-22.500000	0.030062	-0.750000	0.780062	0.033735 	0.007234
-22.400000	0.030191	-0.746667	0.776858	0.033296 	0.007248
-22.300000	0.030318	-0.743333	0.773651	0.032850 	0.007263
-22.200000	0.030443	-0.740000	0.770443	0.032397 	0.007279
-22.100000	0.030566	-0.736667	0.767232	0.031938 	0.007294
-22.000000	0.030686	-0.733333	0.764020	0.031471 	0.007309
-21.900000	0.030805	-0.730000	0.760805	0.030996 	0.007325
-21.800000	0.030922	-0.726667	0.757589	0.030515 	0.007340
-21.700000	0.031036	-0.723333	0.754370	0.030026 	0.007356
-21.600000	0.031149	-0.720000	0.751149	0.029529 	0.007371
-21.500000	0.031259	-0.716667	0.747926	0.029025 	0.007387
-21.400000	0.031367	-0.713333	0.744700	0.028514 	0.007403
-21.300000	0.031473	-0.710000	0.741473	0.027994 	0.007419
-21.200000	0.031576	-0.706667	0.738243	0.027467 	0.007436
-21.100000	0.031677	-0.703333	0.735010	0.026931 	0.007452
-21.000000	0.031776	-0.700000	0.731776	0.026388 	0.007468
-20.900000	0.031872	-0.696667	0.728539	0.025836 	0.007485
-20.800000	0.031966	-0.693333	0.725299	0.025277 	0.007502
-20.700000	0.032057	-0.690000	0.722057	0.024709 	0.007519
-20.600000	0.032146	-0.686667	0.718812	0.024132 	0.007535
-20.500000	0.032232	-0.683333	0.715565	0.023547 	0.007553
-20.400000	0.032316	-0.680000	0.712316	0.022953 	0.007570
-20.300000	0.032397	-0.676667	0.709063	0.022350 	0.007587
-20.200000	0.032475	-0.673333	0.705808	0.021739 	0.007605
-20.100000	0.032551	-0.670000	0.702551	0.021119 	0.007622
-20.000000	0.032624	-0.666667	0.699290	0.020489 	0.007640
-19.900000	0.032694	-0.663333	0.696027	0.019850 	0.007658
-19.800000	0.032761	-0.660000	0.692761	0.019202 	0.007676
-19.700000	0.032826	-0.656667	0.689492	0.018545 	0.007694
-19.600000	0.032887	-0.653333	0.686221	0.017877 	0.007712
-19.500000	0.032946	-0.650000	0.682946	0.017201 	0.007731
-19.400000	0.033001	-0.646667	0.679668	0.016514 	0.007749
-19.300000	0.033054	-0.643333	0.676387	0.015817 	0.007768
-19.200000	0.033103	-0.640000	0.673103	0.015111 	0.007787
-19.100000	0.033150	-0.636667	0.669817	0.014394 	0.007806
-19.000000	0.033193	-0.633333	0.666526	0.013667 	0.007825
-18.900000	0.033233	-0.630000	0.663233	0.012929 	0.007845
-18.800000	0.033270	-0.626667	0.659936	0.012180 	0.007864
-18.700000	0.033303	-0.623333	0.656636	0.011421 	0.007884
-18.600000	0.033333	-0.620000	0.653333	0.010651 	0.007904
-18.500000	0.033360	-0.616667	0.650027	0.009870 	0.007924
-18.400000	0.033383	-0.613333	0.646716	0.009078 	0.007944
-18.300000	0.033403	-0.610000	0.643403	0.008274 	0.007965
-18.200000	0.033419	-0.606667	0.640086	0.007459 	0.007985
-18.100000	0.033431	-0.603333	0.636765	0.006632 	0.008006
-18.000000	0.033440	-0.600000	0.633440	0.005793 	0.008027
-17.900000	0.033446	-0.596667	0.630112	0.004942 	0.008048
-17.800000	0.033447	-0.593333	0.626780	0.004079 	0.008070
-17.700000	0.033445	-0.590000	0.623445	0.003204 	0.008091
-17.600000	0.033438	-0.586667	0.620105	0.002316 	0.008113
-17.500000	0.033428	-0.583333	0.616762	0.001415 	0.008135
-17.400000	0.033414	-0.580000	0.613414	0.000502 	0.008157
-17.300000	0.033396	-0.576667	0.610063	-0.000425 	0.008180
-17.200000	0.033374	-0.573333	0.606707	-0.001365 	0.008202
-17.100000	0.033347	-0.570000	0.603347	-0.002318 	0.008225
-17.000000	0.033317	-0.566667	0.599984	-0.003285 	0.008248
-16.900000	0.033282	-0.563333	0.596615	-0.004266 	0.008271
-16.800000	0.033243	-0.560000	0.593243	-0.005261 	0.008295
-16.700000	0.033199	-0.556667	0.589866	-0.006271 	0.008318
-16.600000	0.033151	-0.553333	0.586485	-0.007294 	0.008342
-16.500000	0.033099	-0.550000	0.583099	-0.008333 	0.008367
-16.400000	0.033042	-0.546667	0.579708	-0.009386 	0.008391
-16.300000	0.032980	-0.543333	0.576313	-0.010455 	0.008416
-16.200000	0.032914	-0.540000	0.572914	-0.011539 	0.008441
-16.100000	0.032842	-0.536667	0.569509	-0.012639 	0.008466
-16.000000	0.032766	-0.533333	0.566100	-0.013755 	0.008491
-15.900000	0.032686	-0.530000	0.562686	-0.014886 	0.008517
-15.800000	0.032600	-0.526667	0.559266	-0.016034 	0.008543
-15.700000	0.032509	-0.523333	0.555842	-0.017199 	0.008569
-15.600000	0.032413	-0.520000	0.552413	-0.018381 	0.008596
-15.500000	0.032311	-0.516667	0.548978	-0.019580 	0.008623
-15.400000	0.032205	-0.513333	0.545538	-0.020796 	0.008650
-15.300000	0.032093	-0.510000	0.542093	-0.022031 	0.008677
-15.200000	0.031976	-0.506667	0.538642	-0.023283 	0.008705
-15.100000	0.031853	-0.503333	0.535186	-0.024553 	0.008733
-15.000000	0.031725	-0.500000	0.531725	-0.025843 	0.008761
-14.900000	0.031591	-0.496667	0.528257	-0.027151 	0.008790
-14.800000	0.031451	-0.493333	0.524784	-0.028478 	0.008819
-14.700000	0.031305	-0.490000	0.521305	-0.029825 	0.008849
-14.600000	0.031154	-0.486667	0.517821	-0.031192 	0.008878
-14.500000	0.030997	-0.483333	0.514330	-0.032579 	0.008908
-14.400000	0.030833	-0.480000	0.510833	-0.033987 	0.008939
-14.300000	0.030663	-0.476667	0.507330	-0.035415 	0.008970
-14.200000	0.030487	-0.473333	0.503821	-0.036865 	0.009001
-14.100000	0.030305	-0.470000	0.500305	-0.038337 	0.009032
-14.000000	0.030116	-0.466667	0.496783	-0.039831 	0.009064
-13.900000	0.029921	-0.463333	0.493254	-0.041347 	0.009097
-13.800000	0.029719	-0.460000	0.489719	-0.042885 	0.009129
-13.700000	0.029511	-0.456667	0.486177	-0.044447 	0.009163
-13.600000	0.029295	-0.453333	0.482629	-0.046033 	0.009196
-13.500000	0.029073	-0.450000	0.479073	-0.047642 	0.009230
-13.400000	0.028844	-0.446667	0.475510	-0.049276 	0.009265
-13.300000	0.028607	-0.443333	0.471940	-0.050935 	0.009300
-13.200000	0.028363	-0.440000	0.468363	-0.052619 	0.009335
-13.100000	0.028112	-0.436667	0.464779	-0.054329 	0.009371
-13.000000	0.027853	-0.433333	0.461187	-0.056064 	0.009408
-12.900000	0.027587	-0.430000	0.457587	-0.057827 	0.009445
-12.800000	0.027313	-0.426667	0.453980	-0.059616 	0.009482
-12.700000	0.027031	-0.423333	0.450365	-0.061433 	0.009520
-12.600000	0.026742	-0.420000	0.446742	-0.063277 	0.009558
-12.500000	0.026444	-0.416667	0.443111	-0.065151 	0.009598
-12.400000	0.026138	-0.413333	0.439471	-0.067053 	0.009637
-12.300000	0.025823	-0.410000	0.435823	-0.068984 	0.009677
-12.200000	0.025500	-0.406667	0.432167	-0.070945 	0.009718
-12.100000	0.025169	-0.403333	0.428502	-0.072937 	0.009760
-12.000000	0.024828	-0.400000	0.424828	-0.074959 	0.009802
-11.900000	0.024479	-0.396667	0.421146	-0.077012 	0.009845
-11.800000	0.024121	-0.393333	0.417454	-0.079098 	0.009888
-11.700000	0.023753	-0.390000	0.413753	-0.081215 	0.009932
-11.600000	0.023376	-0.386667	0.410042	-0.083366 	0.009977
-11.500000	0.022989	-0.383333	0.406322	-0.085549 	0.010023
-11.400000	0.022592	-0.380000	0.402592	-0.087767 	0.010069
-11.300000	0.022186	-0.376667	0.398852	-0.090018 	0.010116
-11.200000	0.021769	-0.373333	0.395102	-0.092304 	0.010164
-11.100000	0.021342	-0.370000	0.391342	-0.094626 	0.010213
-11.000000	0.020904	-0.366667	0.387571	-0.096983 	0.010262
-10.900000	0.020456	-0.363333	0.383789	-0.099376 	0.010313
-10.800000	0.019997	-0.360000	0.379997	-0.101806 	0.010364
-10.700000	0.019526	-0.356667	0.376193	-0.104274 	0.010416
-10.600000	0.019045	-0.353333	0.372378	-0.106779 	0.010469
-10.500000	0.018551	-0.350000	0.368551	-0.109323 	0.010524
-10.400000	0.018046	-0.346667	0.364713	-0.111907 	0.010579
-10.300000	0.017530	-0.343333	0.360863	-0.114530 	0.010635
-10.200000	0.017001	-0.340000	0.357001	-0.117193 	0.010693
-10.100000	0.016460	-0.336667	0.353126	-0.119898 	0.010751
-10.000000	0.015906	-0.333333	0.349239	-0.122645 	0.010811
-9.900000	0.015340	-0.330000	0.345340	-0.125434 	0.010872
-9.800000	0.014760	-0.326667	0.341427	-0.128267 	0.010934
-9.700000	0.014168	-0.323333	0.337502	-0.131145 	0.010997
-9.600000	0.013563	-0.320000	0.333563	-0.134068 	0.011062
-9.500000	0.012944	-0.316667	0.329611	-0.137038 	0.011128
-9.400000	0.012312	-0.313333	0.325645	-0.140055 	0.011196
-9.300000	0.011666	-0.310000	0.321666	-0.143122 	0.011265
-9.200000	0.011006	-0.306667	0.317672	-0.146238 	0.011335
-9.100000	0.010332	-0.303333	0.313665	-0.149405 	0.011407
-9.000000	0.009644	-0.300000	0.309644	-0.152625 	0.011481
-8.900000	0.008942	-0.296667	0.305608	-0.155899 	0.011557
-8.800000	0.008225	-0.293333	0.301558	-0.159229 	0.011634
-8.700000	0.007494	-0.290000	0.297494	-0.162615 	0.011713
-8.600000	0.006748	-0.286667	0.293415	-0.166060 	0.011794
-8.500000	0.005987	-0.283333	0.289321	-0.169566 	0.011878
-8.400000	0.005212	-0.280000	0.285212	-0.173134 	0.011963
-8.300000	0.004422	-0.276667	0.281088	-0.176765 	0.012050
-8.200000	0.003616	-0.273333	0.276950	-0.180463 	0.012140
-8.100000	0.002796	-0.270000	0.272796	-0.184228 	0.012232
-8.000000	0.001960	-0.266667	0.268627	-0.188063 	0.012327
-7.900000	0.001110	-0.263333	0.264443	-0.191970 	0.012424
-7.800000	0.000243	-0.260000	0.260243	-0.195950 	0.012524
-7.700000	-0.000638	-0.256667	0.256028	-0.200006 	0.012626
-7.600000	-0.001535	-0.253333	0.251798	-0.204141 	0.012732
-7.500000	-0.002448	-0.250000	0.247552	-0.208356 	0.012841
-7.400000	-0.003376	-0.246667	0.243291	-0.212654 	0.012953
-7.300000	-0.004320	-0.243333	0.239014	-0.217036 	0.013068
-7.200000	-0.005279	-0.240000	0.234721	-0.221506 	0.013187
-7.100000	-0.006254	-0.236667	0.230413	-0.226065 	0.013310
-7.000000	-0.007244	-0.233333	0.226089	-0.230716 	0.013436
-6.900000	-0.008251	-0.230000	0.221749	-0.235462 	0.013567
-6.800000	-0.009273	-0.226667	0.217394	-0.240303 	0.013702
-6.700000	-0.010310	-0.223333	0.213023	-0.245245 	0.013842
-6.600000	-0.011364	-0.220000	0.208636	-0.250287 	0.013987
-6.500000	-0.012432	-0.216667	0.204234	-0.255433 	0.014137
-6.400000	-0.013517	-0.213333	0.199817	-0.260685 	0.014292
-6.300000	-0.014616	-0.210000	0.195384	-0.266045 	0.014453
-6.200000	-0.015731	-0.206667	0.190935	-0.271516 	0.014621
-6.100000	-0.016862	-0.203333	0.186472	-0.277100 	0.014795
-6.000000	-0.018007	-0.200000	0.181993	-0.282799 	0.014976
-5.900000	-0.019167	-0.196667	0.177500	-0.288615 	0.015164
-5.800000	-0.020342	-0.193333	0.172992	-0.294551 	0.015360
-5.700000	-0.021531	-0.190000	0.168469	-0.300607 	0.015565
-5.600000	-0.022734	-0.186667	0.163933	-0.306786 	0.015779
-5.500000	-0.023950	-0.183333	0.159383	-0.313089 	0.016003
-5.400000	-0.025180	-0.180000	0.154820	-0.319519 	0.016237
-5.300000	-0.026423	-0.176667	0.150243	-0.326075 	0.016482
-5.200000	-0.027679	-0.173333	0.145654	-0.332759 	0.016740
-5.100000	-0.028946	-0.170000	0.141054	-0.339572 	0.017011
-5.000000	-0.030225	-0.166667	0.136442	-0.346514 	0.017296
-4.900000	-0.031514	-0.163333	0.131819	-0.353585 	0.017597
-4.800000	-0.032813	-0.160000	0.127187	-0.360785 	0.017914
-4.700000	-0.034122	-0.156667	0.122545	-0.368112 	0.018250
-4.600000	-0.035438	-0.153333	0.117895	-0.375565 	0.018607
-4.500000	-0.036762	-0.150000	0.113238	-0.383141 	0.018985
-4.400000	-0.038092	-0.146667	0.108575	-0.390837 	0.019389
-4.300000	-0.039427	-0.143333	0.103907	-0.398650 	0.019820
-4.200000	-0.040765	-0.140000	0.099235	-0.406573 	0.020281
-4.100000	-0.042106	-0.136667	0.094560	-0.414600 	0.020776
-4.000000	-0.043448	-0.133333	0.089885	-0.422724 	0.021310
-3.900000	-0.044790	-0.130000	0.085210	-0.430933 	0.021886
-3.800000	-0.046128	-0.126667	0.080538	-0.439214 	0.022512
-3.700000	-0.047463	-0.123333	0.075871	-0.447555 	0.023194
-3.600000	-0.048791	-0.120000	0.071209	-0.455933 	0.023941
-3.500000	-0.050110	-0.116667	0.066557	-0.464327 	0.024764
-3.400000	-0.051418	-0.113333	0.061916	-0.472708 	0.025675
-3.300000	-0.052712	-0.110000	0.057288	-0.481037 	0.026692
-3.200000	-0.053989	-0.106667	0.052678	-0.489268 	0.027836
-3.100000	-0.055246	-0.103333	0.048087	-0.497344 	0.029134
-3.000000	-0.056479	-0.100000	0.043521	-0.505179 	0.030624
-2.900000	-0.057683	-0.096667	0.038984	-0.512669 	0.032358
-2.800000	-0.058854	-0.093333	0.034479	-0.519663 	0.034406
-2.700000	-0.059986	-0.090000	0.030014	-0.525942 	0.036877
-2.600000	-0.061071	-0.086667	0.025596	-0.531184 	0.039933
-2.500000	-0.062101	-0.083333	0.021232	-0.534878 	0.043845
-2.400000	-0.063067	-0.080000	0.016933	-0.536179 	0.049097
-2.300000	-0.063966	-0.076667	0.012701	-0.533603 	0.056689
-2.200000	-0.064812	-0.073333	0.008522	-0.524461 	0.069207
-2.100000	-0.065473	-0.070000	0.004527	-0.499972 	0.094950
-2.000000	-0.063804	-0.066667	0.002863	0.000000 	0.000000
-1.900000	-0.060590	-0.063333	0.002743	0.000000 	0.000000
-1.800000	-0.057250	-0.060000	0.002750	0.000000 	0.000000
-1.700000	-0.053896	-0.056667	0.002771	0.000000 	0.000000
-1.600000	-0.050554	-0.053333	0.002779	0.000000 	0.000000
-1.500000	-0.047213	-0.050000	0.002787	0.000000 	0.000000
-1.400000	-0.043876	-0.046667	0.002791	0.000000 	0.000000
-1.300000	-0.040532	-0.043333	0.002801	0.000000 	0.000000
-1.200000	-0.037190	-0.040000	0.002810	0.000000 	0.000000
-1.100000	-0.033861	-0.036667	0.002806	0.000000 	0.000000
-1.000000	-0.030516	-0.033333	0.002817	0.000000 	0.000000
-0.900000	-0.027189	-0.030000	0.002811	0.000000 	0.000000
-0.800000	-0.023850	-0.026667	0.002816	0.000000 	0.000000
-0.700000	-0.020519	-0.023333	0.002815	0.000000 	0.000000
-0.600000	-0.017191	-0.020000	0.002809	0.000000 	0.000000
-0.500000	-0.013853	-0.016667	0.002814	0.000000 	0.000000
-0.400000	-0.010532	-0.013333	0.002801	0.000000 	0.000000
-0.300000	-0.007203	-0.010000	0.002797	0.000000 	0.000000
-0.200000	-0.003870	-0.006667	0.002797	0.000000 	0.000000
-0.100000	-0.000541	-0.003333	0.002792	0.000000 	0.000000
0.000000	0.002788	0.000000	0.002788	0.000000 	0.000000
0.100000	0.006123	0.003333	0.002790	0.000000 	0.000000
0.200000	0.009446	0.006667	0.002779	0.000000 	0.000000
0.300000	0.012770	0.010000	0.002770	0.000000 	0.000000
0.400000	0.016097	0.013333	0.002763	0.000000 	0.000000
0.500000	0.019426	0.016667	0.002759	0.000000 	0.000000
0.600000	0.022759	0.020000	0.002759	0.000000 	0.000000
0.700000	0.026081	0.023333	0.002748	0.000000 	0.000000
0.800000	0.029401	0.026667	0.002734	0.000000 	0.000000
0.900000	0.032735	0.030000	0.002735	0.000000 	0.000000
1.000000	0.036059	0.033333	0.002725	0.000000 	0.000000
1.100000	0.039383	0.036667	0.002717	0.000000 	0.000000
1.200000	0.042704	0.040000	0.002704	0.000000 	0.000000
1.300000	0.046025	0.043333	0.002692	0.000000 	0.000000
1.400000	0.049351	0.046667	0.002685	0.000000 	0.000000
1.500000	0.052679	0.050000	0.002679	0.000000 	0.000000
1.600000	0.055998	0.053333	0.002665	0.000000 	0.000000
1.700000	0.059321	0.056667	0.002655	0.000000 	0.000000
1.800000	0.062640	0.060000	0.002640	0.000000 	0.000000
1.900000	0.065968	0.063333	0.002635	0.000000 	0.000000
2.000000	0.069288	0.066667	0.002622	0.000000 	0.000000
2.100000	0.072611	0.070000	0.002611	0.000000 	0.000000
2.200000	0.075927	0.073333	0.002593	0.000000 	0.000000
2.300000	0.079249	0.076667	0.002582	0.000000 	0.000000
2.400000	0.082577	0.080000	0.002577	0.000000 	0.000000
2.500000	0.085889	0.083333	0.002555	0.000000 	0.000000
2.600000	0.089210	0.086667	0.002544	0.000000 	0.000000
2.700000	0.092518	0.090000	0.002518	0.000000 	0.000000
2.800000	0.095877	0.093333	0.002544	0.000000 	0.000000
2.900000	0.098752	0.096667	0.002086	0.000000 	0.000000
3.000000	0.100000	0.100000	0.000000	0.000000 	0.000000
3.100000	0.103333	0.103333	0.000000	0.000000 	0.000000
3.200000	0.106667	0.106667	0.000000	0.000000 	0.000000
3.300000	0.110000	0.110000	0.000000	0.000000 	0.000000
3.400000	0.113333	0.113333	0.000000	0.000000 	0.000000
3.500000	0.116667	0.116667	0.000000	0.000000 	0.000000
3.600000	0.120000	0.120000	0.000000	0.000000 	0.000000
3.700000	0.123333	0.123333	0.000000	0.000000 	0.000000
3.800000	0.126667	0.126667	0.000000	0.000000 	0.000000
3.900000	0.130000	0.130000	0.000000	0.000000 	0.000000
4.000000	0.133333	0.133333	0.000000	0.000000 	0.000000
4.100000	0.136667	0.136667	0.000000	0.000000 	0.000000
4.200000	0.140000	0.140000	0.000000	0.000000 	0.000000
4.300000	0.143333	0.143333	0.000000	0.000000 	0.000000
4.400000	0.146667	0.146667	0.000000	0.000000 	0.000000
4.500000	0.150000	0.150000	0.000000	0.000000 	0.000000
4.600000	0.153333	0.153333	0.000000	0.000000 	0.000000
4.700000	0.156667	0.156667	0.000000	0.000000 	0.000000
4.800000	0.160000	0.160000	0.000000	0.000000 	0.000000
4.900000	0.163333	0.163333	0.000000	0.000000 	0.000000
5.000000	0.166667	0.166667	0.000000	0.000000 	0.000000
5.100000	0.170000	0.170000	0.000000	0.000000 	0.000000
5.200000	0.173333	0.173333	0.000000	0.000000 	0.000000
5.300000	0.176667	0.176667	0.000000	0.000000 	0.000000
5.400000	0.180000	0.180000	0.000000	0.000000 	0.000000
5.500000	0.183333	0.183333	0.000000	0.000000 	0.000000
5.600000	0.186667	0.186667	0.000000	0.000000 	0.000000
5.700000	0.190000	0.190000	0.000000	0.000000 	0.000000
5.800000	0.193333	0.193333	0.000000	0.000000 	0.000000
5.900000	0.196667	0.196667	0.000000	0.000000 	0.000000
6.000000	0.200000	0.200000	0.000000	0.000000 	0.000000
6.100000	0.203333	0.203333	0.000000	0.000000 	0.000000
6.200000	0.206667	0.206667	0.000000	0.000000 	0.000000
6.300000	0.210000	0.210000	0.000000	0.000000 	0.000000
6.400000	0.213333	0.213333	0.000000	0.000000 	0.000000
6.500000	0.216667	0.216667	0.000000	0.000000 	0.000000
6.600000	0.220000	0.220000	0.000000	0.000000 	0.000000
6.700000	0.223333	0.223333	0.000000	0.000000 	0.000000
6.800000	0.226667	0.226667	0.000000	0.000000 	0.000000
6.900000	0.230000	0.230000	0.000000	0.000000 	0.000000
7.000000	0.233333	0.233333	0.000000	0.000000 	0.000000
7.100000	0.236667	0.236667	0.000000	0.000000 	0.000000
7.200000	0.240000	0.240000	0.000000	0.000000 	0.000000
7.300000	0.243333	0.243333	0.000000	0.000000 	0.000000
7.400000	0.246667	0.246667	0.000000	0.000000 	0.000000
7.500000	0.250000	0.250000	0.000000	0.000000 	0.000000
7.600000	0.253333	0.253333	0.000000	0.000000 	0.000000
7.700000	0.256667	0.256667	0.000000	0.000000 	0.000000
7.800000	0.260000	0.260000	0.000000	0.000000 	0.000000
7.900000	0.263333	0.263333	0.000000	0.000000 	0.000000
8.000000	0.266667	0.266667	0.000000	0.000000 	0.000000
8.100000	0.270000	0.270000	0.000000	0.000000 	0.000000
8.200000	0.273333	0.273333	0.000000	0.000000 	0.000000
8.300000	0.276667	0.276667	0.000000	0.000000 	0.000000
8.400000	0.280000	0.280000	0.000000	0.000000 	0.000000
8.500000	0.283333	0.283333	0.000000	0.000000 	0.000000
8.600000	0.286667	0.286667	0.000000	0.000000 	0.000000
8.700000	0.290000	0.290000	0.000000	0.000000 	0.000000
8.800000	0.293333	0.293333	0.000000	0.000000 	0.000000
8.900000	0.296667	0.296667	0.000000	0.000000 	0.000000
9.000000	0.300000	0.300000	0.000000	0.000000 	0.000000
9.100000	0.303333	0.303333	0.000000	0.000000 	0.000000
9.200000	0.306667	0.306667	0.000000	0.000000 	0.000000
9.300000	0.310000	0.310000	0.000000	0.000000 	0.000000
9.400000	0.313333	0.313333	0.000000	0.000000 	0.000000
9.500000	0.316667	0.316667	0.000000	0.000000 	0.000000
9.600000	0.320000	0.320000	0.000000	0.000000 	0.000000
9.700000	0.323333	0.323333	0.000000	0.000000 	0.000000
9.800000	0.326667	0.326667	0.000000	0.000000 	0.000000
9.900000	0.330000	0.330000	0.000000	0.000000 	0.000000
