VARIABLES = X,Ksi,B,H,U,tau 
ZONE T="Time 70.000000", I=1100, DATAPACKING=POINT
-100.000000	-0.006639	-3.333333	3.326694	0.041099 	0.003503
-99.900000	0.000950	-3.330000	3.330950	0.028263 	0.003501
-99.800000	-0.002230	-3.326667	3.324437	0.033909 	0.003504
-99.700000	-0.000767	-3.323333	3.322566	0.031584 	0.003505
-99.600000	-0.001304	-3.320000	3.318696	0.032695 	0.003507
-99.500000	-0.000979	-3.316667	3.315688	0.032323 	0.003509
-99.400000	-0.001026	-3.313333	3.312307	0.032590 	0.003510
-99.300000	-0.000912	-3.310000	3.309088	0.032581 	0.003512
-99.200000	-0.000867	-3.306667	3.305800	0.032690 	0.003514
-99.100000	-0.000792	-3.303333	3.302541	0.032747 	0.003516
-99.000000	-0.000730	-3.300000	3.299270	0.032827 	0.003517
-98.900000	-0.000663	-3.296667	3.296004	0.032896 	0.003519
-98.800000	-0.000597	-3.293333	3.292736	0.032968 	0.003521
-98.700000	-0.000531	-3.290000	3.289469	0.033039 	0.003523
-98.600000	-0.000464	-3.286667	3.286203	0.033109 	0.003524
-98.500000	-0.000398	-3.283333	3.282935	0.033179 	0.003526
-98.400000	-0.000331	-3.280000	3.279669	0.033248 	0.003528
-98.300000	-0.000264	-3.276667	3.276403	0.033317 	0.003530
-98.200000	-0.000197	-3.273333	3.273136	0.033386 	0.003531
-98.100000	-0.000130	-3.270000	3.269870	0.033453 	0.003533
-98.000000	-0.000063	-3.266667	3.266604	0.033521 	0.003535
-97.900000	0.000004	-3.263333	3.263337	0.033587 	0.003537
-97.800000	0.000071	-3.260000	3.260071	0.033654 	0.003538
-97.700000	0.000139	-3.256667	3.256806	0.033719 	0.003540
-97.600000	0.000207	-3.253333	3.253540	0.033784 	0.003542
-97.500000	0.000274	-3.250000	3.250274	0.033849 	0.003544
-97.400000	0.000342	-3.246667	3.247009	0.033913 	0.003545
-97.300000	0.000410	-3.243333	3.243743	0.033976 	0.003547
-97.200000	0.000478	-3.240000	3.240478	0.034039 	0.003549
-97.100000	0.000547	-3.236667	3.237214	0.034101 	0.003551
-97.000000	0.000615	-3.233333	3.233948	0.034163 	0.003553
-96.900000	0.000684	-3.230000	3.230684	0.034224 	0.003554
-96.800000	0.000752	-3.226667	3.227419	0.034284 	0.003556
-96.700000	0.000821	-3.223333	3.224154	0.034344 	0.003558
-96.600000	0.000890	-3.220000	3.220890	0.034403 	0.003560
-96.500000	0.000959	-3.216667	3.217626	0.034462 	0.003562
-96.400000	0.001028	-3.213333	3.214361	0.034520 	0.003563
-96.300000	0.001097	-3.210000	3.211097	0.034577 	0.003565
-96.200000	0.001167	-3.206667	3.207834	0.034634 	0.003567
-96.100000	0.001236	-3.203333	3.204569	0.034690 	0.003569
-96.000000	0.001306	-3.200000	3.201306	0.034746 	0.003571
-95.900000	0.001376	-3.196667	3.198043	0.034800 	0.003573
-95.800000	0.001446	-3.193333	3.194779	0.034855 	0.003574
-95.700000	0.001516	-3.190000	3.191516	0.034908 	0.003576
-95.600000	0.001586	-3.186667	3.188253	0.034961 	0.003578
-95.500000	0.001656	-3.183333	3.184989	0.035013 	0.003580
-95.400000	0.001727	-3.180000	3.181727	0.035065 	0.003582
-95.300000	0.001797	-3.176667	3.178464	0.035115 	0.003584
-95.200000	0.001868	-3.173333	3.175201	0.035165 	0.003585
-95.100000	0.001939	-3.170000	3.171939	0.035215 	0.003587
-95.000000	0.002010	-3.166667	3.168677	0.035263 	0.003589
-94.900000	0.002081	-3.163333	3.165414	0.035311 	0.003591
-94.800000	0.002152	-3.160000	3.162152	0.035359 	0.003593
-94.700000	0.002224	-3.156667	3.158891	0.035405 	0.003595
-94.600000	0.002295	-3.153333	3.155628	0.035451 	0.003596
-94.500000	0.002367	-3.150000	3.152367	0.035496 	0.003598
-94.400000	0.002439	-3.146667	3.149106	0.035541 	0.003600
-94.300000	0.002511	-3.143333	3.145844	0.035584 	0.003602
-94.200000	0.002583	-3.140000	3.142583	0.035627 	0.003604
-94.100000	0.002655	-3.136667	3.139322	0.035669 	0.003606
-94.000000	0.002728	-3.133333	3.136061	0.035710 	0.003608
-93.900000	0.002800	-3.130000	3.132800	0.035751 	0.003610
-93.800000	0.002873	-3.126667	3.129540	0.035790 	0.003611
-93.700000	0.002946	-3.123333	3.126279	0.035829 	0.003613
-93.600000	0.003019	-3.120000	3.123019	0.035867 	0.003615
-93.500000	0.003092	-3.116667	3.119759	0.035905 	0.003617
-93.400000	0.003165	-3.113333	3.116498	0.035941 	0.003619
-93.300000	0.003238	-3.110000	3.113238	0.035977 	0.003621
-93.200000	0.003312	-3.106667	3.109979	0.036012 	0.003623
-93.100000	0.003386	-3.103333	3.106719	0.036046 	0.003625
-93.000000	0.003460	-3.100000	3.103460	0.036079 	0.003627
-92.900000	0.003534	-3.096667	3.100201	0.036111 	0.003628
-92.800000	0.003608	-3.093333	3.096941	0.036143 	0.003630
-92.700000	0.003682	-3.090000	3.093682	0.036173 	0.003632
-92.600000	0.003757	-3.086667	3.090424	0.036203 	0.003634
-92.500000	0.003831	-3.083333	3.087164	0.036232 	0.003636
-92.400000	0.003906	-3.080000	3.083906	0.036260 	0.003638
-92.300000	0.003981	-3.076667	3.080648	0.036287 	0.003640
-92.200000	0.004056	-3.073333	3.077389	0.036313 	0.003642
-92.100000	0.004131	-3.070000	3.074131	0.036338 	0.003644
-92.000000	0.004207	-3.066667	3.070874	0.036363 	0.003646
-91.900000	0.004282	-3.063333	3.067615	0.036386 	0.003648
-91.800000	0.004358	-3.060000	3.064358	0.036409 	0.003650
-91.700000	0.004434	-3.056667	3.061101	0.036430 	0.003652
-91.600000	0.004510	-3.053333	3.057843	0.036451 	0.003654
-91.500000	0.004586	-3.050000	3.054586	0.036471 	0.003655
-91.400000	0.004662	-3.046667	3.051329	0.036490 	0.003657
-91.300000	0.004739	-3.043333	3.048072	0.036508 	0.003659
-91.200000	0.004815	-3.040000	3.044815	0.036525 	0.003661
-91.100000	0.004892	-3.036667	3.041559	0.036541 	0.003663
-91.000000	0.004969	-3.033333	3.038302	0.036556 	0.003665
-90.900000	0.005046	-3.030000	3.035046	0.036570 	0.003667
-90.800000	0.005123	-3.026667	3.031790	0.036583 	0.003669
-90.700000	0.005200	-3.023333	3.028533	0.036596 	0.003671
-90.600000	0.005278	-3.020000	3.025278	0.036607 	0.003673
-90.500000	0.005356	-3.016667	3.022023	0.036617 	0.003675
-90.400000	0.005433	-3.013333	3.018766	0.036627 	0.003677
-90.300000	0.005511	-3.010000	3.015511	0.036635 	0.003679
-90.200000	0.005589	-3.006667	3.012256	0.036642 	0.003681
-90.100000	0.005667	-3.003333	3.009000	0.036649 	0.003683
-90.000000	0.005745	-3.000000	3.005745	0.036654 	0.003685
-89.900000	0.005824	-2.996667	3.002491	0.036659 	0.003687
-89.800000	0.005902	-2.993333	2.999235	0.036662 	0.003689
-89.700000	0.005981	-2.990000	2.995981	0.036665 	0.003691
-89.600000	0.006060	-2.986667	2.992727	0.036666 	0.003693
-89.500000	0.006138	-2.983333	2.989471	0.036667 	0.003695
-89.400000	0.006217	-2.980000	2.986217	0.036666 	0.003697
-89.300000	0.006296	-2.976667	2.982963	0.036665 	0.003699
-89.200000	0.006376	-2.973333	2.979709	0.036663 	0.003701
-89.100000	0.006455	-2.970000	2.976455	0.036659 	0.003703
-89.000000	0.006534	-2.966667	2.973201	0.036655 	0.003705
-88.900000	0.006614	-2.963333	2.969947	0.036650 	0.003707
-88.800000	0.006693	-2.960000	2.966693	0.036644 	0.003709
-88.700000	0.006773	-2.956667	2.963440	0.036636 	0.003711
-88.600000	0.006852	-2.953333	2.960185	0.036628 	0.003713
-88.500000	0.006932	-2.950000	2.956932	0.036619 	0.003715
-88.400000	0.007012	-2.946667	2.953679	0.036609 	0.003717
-88.300000	0.007092	-2.943333	2.950425	0.036598 	0.003719
-88.200000	0.007171	-2.940000	2.947171	0.036586 	0.003721
-88.100000	0.007251	-2.936667	2.943918	0.036573 	0.003724
-88.000000	0.007331	-2.933333	2.940664	0.036559 	0.003726
-87.900000	0.007411	-2.930000	2.937411	0.036544 	0.003728
-87.800000	0.007491	-2.926667	2.934158	0.036528 	0.003730
-87.700000	0.007572	-2.923333	2.930905	0.036511 	0.003732
-87.600000	0.007652	-2.920000	2.927652	0.036493 	0.003734
-87.500000	0.007732	-2.916667	2.924399	0.036474 	0.003736
-87.400000	0.007812	-2.913333	2.921145	0.036455 	0.003738
-87.300000	0.007892	-2.910000	2.917892	0.036434 	0.003740
-87.200000	0.007972	-2.906667	2.914639	0.036413 	0.003742
-87.100000	0.008053	-2.903333	2.911386	0.036390 	0.003744
-87.000000	0.008133	-2.900000	2.908133	0.036367 	0.003746
-86.900000	0.008213	-2.896667	2.904880	0.036342 	0.003748
-86.800000	0.008293	-2.893333	2.901626	0.036317 	0.003751
-86.700000	0.008373	-2.890000	2.898373	0.036291 	0.003753
-86.600000	0.008454	-2.886667	2.895121	0.036264 	0.003755
-86.500000	0.008534	-2.883333	2.891867	0.036236 	0.003757
-86.400000	0.008614	-2.880000	2.888614	0.036207 	0.003759
-86.300000	0.008694	-2.876667	2.885361	0.036177 	0.003761
-86.200000	0.008774	-2.873333	2.882107	0.036146 	0.003763
-86.100000	0.008854	-2.870000	2.878854	0.036114 	0.003765
-86.000000	0.008934	-2.866667	2.875601	0.036082 	0.003767
-85.900000	0.009014	-2.863333	2.872347	0.036048 	0.003770
-85.800000	0.009094	-2.860000	2.869094	0.036013 	0.003772
-85.700000	0.009174	-2.856667	2.865841	0.035978 	0.003774
-85.600000	0.009253	-2.853333	2.862586	0.035942 	0.003776
-85.500000	0.009333	-2.850000	2.859333	0.035904 	0.003778
-85.400000	0.009413	-2.846667	2.856080	0.035866 	0.003780
-85.300000	0.009492	-2.843333	2.852825	0.035827 	0.003783
-85.200000	0.009572	-2.840000	2.849572	0.035787 	0.003785
-85.100000	0.009651	-2.836667	2.846318	0.035746 	0.003787
-85.000000	0.009731	-2.833333	2.843064	0.035704 	0.003789
-84.900000	0.009810	-2.830000	2.839810	0.035662 	0.003791
-84.800000	0.009889	-2.826667	2.836556	0.035618 	0.003793
-84.700000	0.009968	-2.823333	2.833301	0.035573 	0.003796
-84.600000	0.010047	-2.820000	2.830047	0.035528 	0.003798
-84.500000	0.010126	-2.816667	2.826793	0.035481 	0.003800
-84.400000	0.010205	-2.813333	2.823538	0.035434 	0.003802
-84.300000	0.010284	-2.810000	2.820284	0.035386 	0.003804
-84.200000	0.010362	-2.806667	2.817029	0.035336 	0.003806
-84.100000	0.010441	-2.803333	2.813774	0.035286 	0.003809
-84.000000	0.010519	-2.800000	2.810519	0.035235 	0.003811
-83.900000	0.010598	-2.796667	2.807265	0.035183 	0.003813
-83.800000	0.010676	-2.793333	2.804009	0.035130 	0.003815
-83.700000	0.010754	-2.790000	2.800754	0.035076 	0.003818
-83.600000	0.010832	-2.786667	2.797499	0.035021 	0.003820
-83.500000	0.010910	-2.783333	2.794243	0.034965 	0.003822
-83.400000	0.010988	-2.780000	2.790988	0.034909 	0.003824
-83.300000	0.011065	-2.776667	2.787732	0.034851 	0.003826
-83.200000	0.011143	-2.773333	2.784476	0.034792 	0.003829
-83.100000	0.011220	-2.770000	2.781220	0.034733 	0.003831
-83.000000	0.011298	-2.766667	2.777965	0.034672 	0.003833
-82.900000	0.011375	-2.763333	2.774708	0.034611 	0.003835
-82.800000	0.011452	-2.760000	2.771452	0.034548 	0.003838
-82.700000	0.011528	-2.756667	2.768195	0.034485 	0.003840
-82.600000	0.011605	-2.753333	2.764938	0.034421 	0.003842
-82.500000	0.011682	-2.750000	2.761682	0.034355 	0.003844
-82.400000	0.011758	-2.746667	2.758425	0.034289 	0.003847
-82.300000	0.011834	-2.743333	2.755167	0.034222 	0.003849
-82.200000	0.011910	-2.740000	2.751910	0.034154 	0.003851
-82.100000	0.011986	-2.736667	2.748653	0.034085 	0.003854
-82.000000	0.012062	-2.733333	2.745395	0.034015 	0.003856
-81.900000	0.012138	-2.730000	2.742138	0.033944 	0.003858
-81.800000	0.012213	-2.726667	2.738880	0.033872 	0.003860
-81.700000	0.012288	-2.723333	2.735621	0.033799 	0.003863
-81.600000	0.012364	-2.720000	2.732364	0.033725 	0.003865
-81.500000	0.012438	-2.716667	2.729105	0.033651 	0.003867
-81.400000	0.012513	-2.713333	2.725846	0.033575 	0.003870
-81.300000	0.012588	-2.710000	2.722588	0.033498 	0.003872
-81.200000	0.012662	-2.706667	2.719329	0.033421 	0.003874
-81.100000	0.012736	-2.703333	2.716069	0.033342 	0.003877
-81.000000	0.012810	-2.700000	2.712810	0.033262 	0.003879
-80.900000	0.012884	-2.696667	2.709551	0.033182 	0.003881
-80.800000	0.012957	-2.693333	2.706290	0.033101 	0.003884
-80.700000	0.013031	-2.690000	2.703031	0.033018 	0.003886
-80.600000	0.013104	-2.686667	2.699771	0.032935 	0.003888
-80.500000	0.013177	-2.683333	2.696510	0.032851 	0.003891
-80.400000	0.013249	-2.680000	2.693249	0.032766 	0.003893
-80.300000	0.013322	-2.676667	2.689989	0.032680 	0.003895
-80.200000	0.013394	-2.673333	2.686727	0.032593 	0.003898
-80.100000	0.013466	-2.670000	2.683466	0.032505 	0.003900
-80.000000	0.013538	-2.666667	2.680205	0.032416 	0.003902
-79.900000	0.013609	-2.663333	2.676942	0.032326 	0.003905
-79.800000	0.013680	-2.660000	2.673680	0.032235 	0.003907
-79.700000	0.013751	-2.656667	2.670418	0.032144 	0.003910
-79.600000	0.013822	-2.653333	2.667155	0.032051 	0.003912
-79.500000	0.013892	-2.650000	2.663892	0.031958 	0.003914
-79.400000	0.013963	-2.646667	2.660630	0.031863 	0.003917
-79.300000	0.014033	-2.643333	2.657366	0.031768 	0.003919
-79.200000	0.014102	-2.640000	2.654102	0.031672 	0.003922
-79.100000	0.014171	-2.636667	2.650838	0.031574 	0.003924
-79.000000	0.014241	-2.633333	2.647574	0.031476 	0.003926
-78.900000	0.014309	-2.630000	2.644309	0.031377 	0.003929
-78.800000	0.014378	-2.626667	2.641045	0.031277 	0.003931
-78.700000	0.014446	-2.623333	2.637779	0.031177 	0.003934
-78.600000	0.014514	-2.620000	2.634514	0.031075 	0.003936
-78.500000	0.014581	-2.616667	2.631248	0.030972 	0.003939
-78.400000	0.014649	-2.613333	2.627982	0.030869 	0.003941
-78.300000	0.014716	-2.610000	2.624716	0.030764 	0.003943
-78.200000	0.014782	-2.606667	2.621449	0.030659 	0.003946
-78.100000	0.014849	-2.603333	2.618182	0.030552 	0.003948
-78.000000	0.014915	-2.600000	2.614915	0.030445 	0.003951
-77.900000	0.014980	-2.596667	2.611647	0.030337 	0.003953
-77.800000	0.015046	-2.593333	2.608379	0.030228 	0.003956
-77.700000	0.015111	-2.590000	2.605111	0.030118 	0.003958
-77.600000	0.015176	-2.586667	2.601843	0.030007 	0.003961
-77.500000	0.015240	-2.583333	2.598573	0.029895 	0.003963
-77.400000	0.015304	-2.580000	2.595304	0.029783 	0.003966
-77.300000	0.015368	-2.576667	2.592035	0.029669 	0.003968
-77.200000	0.015431	-2.573333	2.588764	0.029555 	0.003971
-77.100000	0.015494	-2.570000	2.585494	0.029439 	0.003973
-77.000000	0.015557	-2.566667	2.582224	0.029323 	0.003976
-76.900000	0.015619	-2.563333	2.578952	0.029205 	0.003978
-76.800000	0.015681	-2.560000	2.575681	0.029087 	0.003981
-76.700000	0.015743	-2.556667	2.572410	0.028968 	0.003983
-76.600000	0.015804	-2.553333	2.569137	0.028848 	0.003986
-76.500000	0.015865	-2.550000	2.565865	0.028727 	0.003988
-76.400000	0.015926	-2.546667	2.562593	0.028605 	0.003991
-76.300000	0.015986	-2.543333	2.559319	0.028482 	0.003994
-76.200000	0.016046	-2.540000	2.556046	0.028358 	0.003996
-76.100000	0.016105	-2.536667	2.552772	0.028233 	0.003999
-76.000000	0.016164	-2.533333	2.549497	0.028108 	0.004001
-75.900000	0.016223	-2.530000	2.546223	0.027981 	0.004004
-75.800000	0.016282	-2.526667	2.542949	0.027853 	0.004006
-75.700000	0.016340	-2.523333	2.539673	0.027725 	0.004009
-75.600000	0.016397	-2.520000	2.536397	0.027595 	0.004012
-75.500000	0.016455	-2.516667	2.533122	0.027465 	0.004014
-75.400000	0.016511	-2.513333	2.529844	0.027333 	0.004017
-75.300000	0.016568	-2.510000	2.526568	0.027201 	0.004019
-75.200000	0.016624	-2.506667	2.523291	0.027067 	0.004022
-75.100000	0.016680	-2.503333	2.520013	0.026933 	0.004025
-75.000000	0.016735	-2.500000	2.516735	0.026798 	0.004027
-74.900000	0.016790	-2.496667	2.513457	0.026661 	0.004030
-74.800000	0.016845	-2.493333	2.510178	0.026524 	0.004032
-74.700000	0.016899	-2.490000	2.506899	0.026386 	0.004035
-74.600000	0.016953	-2.486667	2.503620	0.026247 	0.004038
-74.500000	0.017006	-2.483333	2.500339	0.026107 	0.004040
-74.400000	0.017059	-2.480000	2.497059	0.025965 	0.004043
-74.300000	0.017112	-2.476667	2.493779	0.025823 	0.004046
-74.200000	0.017164	-2.473333	2.490497	0.025680 	0.004048
-74.100000	0.017216	-2.470000	2.487216	0.025536 	0.004051
-74.000000	0.017267	-2.466667	2.483934	0.025391 	0.004054
-73.900000	0.017318	-2.463333	2.480651	0.025245 	0.004056
-73.800000	0.017369	-2.460000	2.477369	0.025098 	0.004059
-73.700000	0.017419	-2.456667	2.474086	0.024950 	0.004062
-73.600000	0.017469	-2.453333	2.470802	0.024801 	0.004064
-73.500000	0.017518	-2.450000	2.467518	0.024650 	0.004067
-73.400000	0.017567	-2.446667	2.464234	0.024499 	0.004070
-73.300000	0.017616	-2.443333	2.460949	0.024347 	0.004073
-73.200000	0.017664	-2.440000	2.457664	0.024194 	0.004075
-73.100000	0.017711	-2.436667	2.454378	0.024040 	0.004078
-73.000000	0.017759	-2.433333	2.451092	0.023885 	0.004081
-72.900000	0.017805	-2.430000	2.447805	0.023729 	0.004083
-72.800000	0.017852	-2.426667	2.444519	0.023572 	0.004086
-72.700000	0.017898	-2.423333	2.441231	0.023413 	0.004089
-72.600000	0.017943	-2.420000	2.437943	0.023254 	0.004092
-72.500000	0.017988	-2.416667	2.434655	0.023094 	0.004094
-72.400000	0.018033	-2.413333	2.431366	0.022933 	0.004097
-72.300000	0.018077	-2.410000	2.428077	0.022771 	0.004100
-72.200000	0.018121	-2.406667	2.424788	0.022607 	0.004103
-72.100000	0.018164	-2.403333	2.421497	0.022443 	0.004106
-72.000000	0.018207	-2.400000	2.418207	0.022278 	0.004108
-71.900000	0.018250	-2.396667	2.414917	0.022112 	0.004111
-71.800000	0.018292	-2.393333	2.411625	0.021944 	0.004114
-71.700000	0.018333	-2.390000	2.408333	0.021776 	0.004117
-71.600000	0.018374	-2.386667	2.405041	0.021607 	0.004120
-71.500000	0.018415	-2.383333	2.401748	0.021436 	0.004122
-71.400000	0.018455	-2.380000	2.398455	0.021265 	0.004125
-71.300000	0.018495	-2.376667	2.395162	0.021092 	0.004128
-71.200000	0.018534	-2.373333	2.391867	0.020919 	0.004131
-71.100000	0.018573	-2.370000	2.388573	0.020744 	0.004134
-71.000000	0.018611	-2.366667	2.385278	0.020569 	0.004137
-70.900000	0.018649	-2.363333	2.381982	0.020392 	0.004139
-70.800000	0.018686	-2.360000	2.378686	0.020214 	0.004142
-70.700000	0.018723	-2.356667	2.375390	0.020036 	0.004145
-70.600000	0.018759	-2.353333	2.372092	0.019856 	0.004148
-70.500000	0.018795	-2.350000	2.368795	0.019675 	0.004151
-70.400000	0.018831	-2.346667	2.365498	0.019493 	0.004154
-70.300000	0.018866	-2.343333	2.362199	0.019310 	0.004157
-70.200000	0.018900	-2.340000	2.358900	0.019127 	0.004160
-70.100000	0.018934	-2.336667	2.355601	0.018942 	0.004163
-70.000000	0.018968	-2.333333	2.352301	0.018756 	0.004166
-69.900000	0.019001	-2.330000	2.349001	0.018569 	0.004168
-69.800000	0.019033	-2.326667	2.345700	0.018381 	0.004171
-69.700000	0.019065	-2.323333	2.342398	0.018192 	0.004174
-69.600000	0.019097	-2.320000	2.339097	0.018001 	0.004177
-69.500000	0.019128	-2.316667	2.335795	0.017810 	0.004180
-69.400000	0.019158	-2.313333	2.332491	0.017618 	0.004183
-69.300000	0.019188	-2.310000	2.329188	0.017425 	0.004186
-69.200000	0.019217	-2.306667	2.325884	0.017230 	0.004189
-69.100000	0.019246	-2.303333	2.322579	0.017035 	0.004192
-69.000000	0.019275	-2.300000	2.319275	0.016839 	0.004195
-68.900000	0.019303	-2.296667	2.315970	0.016641 	0.004198
-68.800000	0.019330	-2.293333	2.312663	0.016443 	0.004201
-68.700000	0.019357	-2.290000	2.309357	0.016243 	0.004204
-68.600000	0.019383	-2.286667	2.306050	0.016043 	0.004207
-68.500000	0.019409	-2.283333	2.302742	0.015841 	0.004210
-68.400000	0.019435	-2.280000	2.299435	0.015638 	0.004213
-68.300000	0.019459	-2.276667	2.296126	0.015434 	0.004216
-68.200000	0.019484	-2.273333	2.292817	0.015230 	0.004219
-68.100000	0.019507	-2.270000	2.289507	0.015024 	0.004222
-68.000000	0.019530	-2.266667	2.286197	0.014817 	0.004225
-67.900000	0.019553	-2.263333	2.282886	0.014609 	0.004228
-67.800000	0.019575	-2.260000	2.279575	0.014400 	0.004231
-67.700000	0.019597	-2.256667	2.276264	0.014190 	0.004235
-67.600000	0.019618	-2.253333	2.272951	0.013979 	0.004238
-67.500000	0.019638	-2.250000	2.269638	0.013767 	0.004241
-67.400000	0.019658	-2.246667	2.266325	0.013553 	0.004244
-67.300000	0.019678	-2.243333	2.263011	0.013339 	0.004247
-67.200000	0.019696	-2.240000	2.259696	0.013124 	0.004250
-67.100000	0.019715	-2.236667	2.256382	0.012908 	0.004253
-67.000000	0.019733	-2.233333	2.253066	0.012690 	0.004256
-66.900000	0.019750	-2.230000	2.249750	0.012472 	0.004259
-66.800000	0.019766	-2.226667	2.246433	0.012252 	0.004263
-66.700000	0.019782	-2.223333	2.243115	0.012032 	0.004266
-66.600000	0.019798	-2.220000	2.239798	0.011810 	0.004269
-66.500000	0.019813	-2.216667	2.236480	0.011587 	0.004272
-66.400000	0.019827	-2.213333	2.233160	0.011364 	0.004275
-66.300000	0.019841	-2.210000	2.229841	0.011139 	0.004278
-66.200000	0.019854	-2.206667	2.226521	0.010913 	0.004282
-66.100000	0.019867	-2.203333	2.223200	0.010686 	0.004285
-66.000000	0.019879	-2.200000	2.219879	0.010458 	0.004288
-65.900000	0.019890	-2.196667	2.216557	0.010229 	0.004291
-65.800000	0.019901	-2.193333	2.213234	0.009999 	0.004294
-65.700000	0.019912	-2.190000	2.209912	0.009768 	0.004298
-65.600000	0.019922	-2.186667	2.206589	0.009536 	0.004301
-65.500000	0.019931	-2.183333	2.203264	0.009303 	0.004304
-65.400000	0.019939	-2.180000	2.199939	0.009069 	0.004307
-65.300000	0.019947	-2.176667	2.196614	0.008834 	0.004311
-65.200000	0.019955	-2.173333	2.193288	0.008597 	0.004314
-65.100000	0.019962	-2.170000	2.189962	0.008360 	0.004317
-65.000000	0.019968	-2.166667	2.186635	0.008122 	0.004320
-64.900000	0.019974	-2.163333	2.183307	0.007882 	0.004324
-64.800000	0.019979	-2.160000	2.179979	0.007642 	0.004327
-64.700000	0.019983	-2.156667	2.176650	0.007400 	0.004330
-64.600000	0.019987	-2.153333	2.173320	0.007158 	0.004334
-64.500000	0.019990	-2.150000	2.169990	0.006914 	0.004337
-64.400000	0.019993	-2.146667	2.166660	0.006670 	0.004340
-64.300000	0.019995	-2.143333	2.163328	0.006424 	0.004344
-64.200000	0.019997	-2.140000	2.159997	0.006177 	0.004347
-64.100000	0.019997	-2.136667	2.156664	0.005929 	0.004350
-64.000000	0.019998	-2.133333	2.153331	0.005681 	0.004354
-63.900000	0.019997	-2.130000	2.149997	0.005431 	0.004357
-63.800000	0.019996	-2.126667	2.146663	0.005180 	0.004360
-63.700000	0.019995	-2.123333	2.143328	0.004928 	0.004364
-63.600000	0.019993	-2.120000	2.139993	0.004675 	0.004367
-63.500000	0.019990	-2.116667	2.136657	0.004421 	0.004371
-63.400000	0.019987	-2.113333	2.133320	0.004166 	0.004374
-63.300000	0.019983	-2.110000	2.129983	0.003910 	0.004378
-63.200000	0.019978	-2.106667	2.126645	0.003653 	0.004381
-63.100000	0.019973	-2.103333	2.123306	0.003395 	0.004384
-63.000000	0.019967	-2.100000	2.119967	0.003136 	0.004388
-62.900000	0.019960	-2.096667	2.116627	0.002876 	0.004391
-62.800000	0.019953	-2.093333	2.113286	0.002615 	0.004395
-62.700000	0.019946	-2.090000	2.109946	0.002353 	0.004398
-62.600000	0.019937	-2.086667	2.106604	0.002090 	0.004402
-62.500000	0.019928	-2.083333	2.103261	0.001826 	0.004405
-62.400000	0.019919	-2.080000	2.099919	0.001561 	0.004409
-62.300000	0.019908	-2.076667	2.096575	0.001294 	0.004412
-62.200000	0.019897	-2.073333	2.093230	0.001027 	0.004416
-62.100000	0.019886	-2.070000	2.089886	0.000759 	0.004419
-62.000000	0.019874	-2.066667	2.086541	0.000490 	0.004423
-61.900000	0.019861	-2.063333	2.083194	0.000220 	0.004426
-61.800000	0.019848	-2.060000	2.079848	-0.000052 	0.004430
-61.700000	0.019834	-2.056667	2.076501	-0.000324 	0.004434
-61.600000	0.019819	-2.053333	2.073152	-0.000597 	0.004437
-61.500000	0.019804	-2.050000	2.069804	-0.000871 	0.004441
-61.400000	0.019788	-2.046667	2.066455	-0.001147 	0.004444
-61.300000	0.019771	-2.043333	2.063104	-0.001423 	0.004448
-61.200000	0.019754	-2.040000	2.059754	-0.001700 	0.004452
-61.100000	0.019736	-2.036667	2.056403	-0.001978 	0.004455
-61.000000	0.019718	-2.033333	2.053051	-0.002257 	0.004459
-60.900000	0.019698	-2.030000	2.049698	-0.002537 	0.004462
-60.800000	0.019679	-2.026667	2.046346	-0.002819 	0.004466
-60.700000	0.019658	-2.023333	2.042991	-0.003101 	0.004470
-60.600000	0.019637	-2.020000	2.039637	-0.003384 	0.004473
-60.500000	0.019615	-2.016667	2.036282	-0.003668 	0.004477
-60.400000	0.019593	-2.013333	2.032926	-0.003953 	0.004481
-60.300000	0.019570	-2.010000	2.029570	-0.004239 	0.004485
-60.200000	0.019546	-2.006667	2.026213	-0.004526 	0.004488
-60.100000	0.019522	-2.003333	2.022855	-0.004814 	0.004492
-60.000000	0.019497	-2.000000	2.019497	-0.005103 	0.004496
-59.900000	0.019471	-1.996667	2.016138	-0.005392 	0.004499
-59.800000	0.019445	-1.993333	2.012778	-0.005683 	0.004503
-59.700000	0.019418	-1.990000	2.009418	-0.005975 	0.004507
-59.600000	0.019391	-1.986667	2.006058	-0.006268 	0.004511
-59.500000	0.019362	-1.983333	2.002695	-0.006561 	0.004514
-59.400000	0.019333	-1.980000	1.999333	-0.006856 	0.004518
-59.300000	0.019304	-1.976667	1.995971	-0.007151 	0.004522
-59.200000	0.019274	-1.973333	1.992607	-0.007448 	0.004526
-59.100000	0.019243	-1.970000	1.989243	-0.007745 	0.004530
-59.000000	0.019211	-1.966667	1.985878	-0.008043 	0.004534
-58.900000	0.019179	-1.963333	1.982512	-0.008342 	0.004537
-58.800000	0.019146	-1.960000	1.979146	-0.008642 	0.004541
-58.700000	0.019113	-1.956667	1.975780	-0.008943 	0.004545
-58.600000	0.019079	-1.953333	1.972412	-0.009245 	0.004549
-58.500000	0.019044	-1.950000	1.969044	-0.009548 	0.004553
-58.400000	0.019008	-1.946667	1.965675	-0.009852 	0.004557
-58.300000	0.018972	-1.943333	1.962305	-0.010157 	0.004561
-58.200000	0.018935	-1.940000	1.958935	-0.010462 	0.004565
-58.100000	0.018898	-1.936667	1.955565	-0.010768 	0.004569
-58.000000	0.018860	-1.933333	1.952193	-0.011076 	0.004573
-57.900000	0.018821	-1.930000	1.948821	-0.011384 	0.004576
-57.800000	0.018781	-1.926667	1.945448	-0.011693 	0.004580
-57.700000	0.018741	-1.923333	1.942074	-0.012003 	0.004584
-57.600000	0.018701	-1.920000	1.938701	-0.012313 	0.004588
-57.500000	0.018659	-1.916667	1.935326	-0.012625 	0.004592
-57.400000	0.018617	-1.913333	1.931950	-0.012937 	0.004596
-57.300000	0.018574	-1.910000	1.928574	-0.013251 	0.004600
-57.200000	0.018531	-1.906667	1.925198	-0.013565 	0.004604
-57.100000	0.018487	-1.903333	1.921820	-0.013880 	0.004609
-57.000000	0.018442	-1.900000	1.918442	-0.014196 	0.004613
-56.900000	0.018397	-1.896667	1.915064	-0.014512 	0.004617
-56.800000	0.018351	-1.893333	1.911684	-0.014830 	0.004621
-56.700000	0.018304	-1.890000	1.908304	-0.015148 	0.004625
-56.600000	0.018257	-1.886667	1.904924	-0.015467 	0.004629
-56.500000	0.018208	-1.883333	1.901541	-0.015787 	0.004633
-56.400000	0.018160	-1.880000	1.898160	-0.016108 	0.004637
-56.300000	0.018110	-1.876667	1.894777	-0.016429 	0.004641
-56.200000	0.018060	-1.873333	1.891393	-0.016751 	0.004645
-56.100000	0.018010	-1.870000	1.888010	-0.017074 	0.004650
-56.000000	0.017958	-1.866667	1.884625	-0.017398 	0.004654
-55.900000	0.017906	-1.863333	1.881239	-0.017723 	0.004658
-55.800000	0.017854	-1.860000	1.877854	-0.018048 	0.004662
-55.700000	0.017800	-1.856667	1.874467	-0.018374 	0.004666
-55.600000	0.017746	-1.853333	1.871079	-0.018701 	0.004671
-55.500000	0.017692	-1.850000	1.867692	-0.019028 	0.004675
-55.400000	0.017636	-1.846667	1.864303	-0.019357 	0.004679
-55.300000	0.017580	-1.843333	1.860913	-0.019686 	0.004683
-55.200000	0.017524	-1.840000	1.857524	-0.020015 	0.004688
-55.100000	0.017466	-1.836667	1.854133	-0.020346 	0.004692
-55.000000	0.017408	-1.833333	1.850741	-0.020677 	0.004696
-54.900000	0.017350	-1.830000	1.847350	-0.021009 	0.004700
-54.800000	0.017290	-1.826667	1.843957	-0.021341 	0.004705
-54.700000	0.017231	-1.823333	1.840564	-0.021675 	0.004709
-54.600000	0.017170	-1.820000	1.837170	-0.022009 	0.004713
-54.500000	0.017109	-1.816667	1.833776	-0.022343 	0.004718
-54.400000	0.017047	-1.813333	1.830380	-0.022678 	0.004722
-54.300000	0.016984	-1.810000	1.826984	-0.023014 	0.004727
-54.200000	0.016921	-1.806667	1.823588	-0.023351 	0.004731
-54.100000	0.016857	-1.803333	1.820190	-0.023688 	0.004735
-54.000000	0.016793	-1.800000	1.816793	-0.024026 	0.004740
-53.900000	0.016728	-1.796667	1.813395	-0.024364 	0.004744
-53.800000	0.016662	-1.793333	1.809995	-0.024703 	0.004749
-53.700000	0.016595	-1.790000	1.806595	-0.025043 	0.004753
-53.600000	0.016528	-1.786667	1.803195	-0.025383 	0.004758
-53.500000	0.016460	-1.783333	1.799793	-0.025723 	0.004762
-53.400000	0.016392	-1.780000	1.796392	-0.026065 	0.004767
-53.300000	0.016323	-1.776667	1.792990	-0.026407 	0.004771
-53.200000	0.016253	-1.773333	1.789586	-0.026749 	0.004776
-53.100000	0.016183	-1.770000	1.786183	-0.027092 	0.004780
-53.000000	0.016112	-1.766667	1.782779	-0.027436 	0.004785
-52.900000	0.016041	-1.763333	1.779374	-0.027780 	0.004789
-52.800000	0.015968	-1.760000	1.775968	-0.028124 	0.004794
-52.700000	0.015895	-1.756667	1.772562	-0.028469 	0.004799
-52.600000	0.015822	-1.753333	1.769155	-0.028815 	0.004803
-52.500000	0.015748	-1.750000	1.765748	-0.029161 	0.004808
-52.400000	0.015673	-1.746667	1.762340	-0.029507 	0.004813
-52.300000	0.015598	-1.743333	1.758931	-0.029854 	0.004817
-52.200000	0.015522	-1.740000	1.755522	-0.030202 	0.004822
-52.100000	0.015445	-1.736667	1.752112	-0.030549 	0.004827
-52.000000	0.015368	-1.733333	1.748701	-0.030898 	0.004831
-51.900000	0.015290	-1.730000	1.745290	-0.031246 	0.004836
-51.800000	0.015211	-1.726667	1.741878	-0.031595 	0.004841
-51.700000	0.015132	-1.723333	1.738465	-0.031945 	0.004845
-51.600000	0.015052	-1.720000	1.735052	-0.032295 	0.004850
-51.500000	0.014972	-1.716667	1.731639	-0.032645 	0.004855
-51.400000	0.014891	-1.713333	1.728224	-0.032996 	0.004860
-51.300000	0.014809	-1.710000	1.724809	-0.033347 	0.004865
-51.200000	0.014727	-1.706667	1.721394	-0.033698 	0.004869
-51.100000	0.014644	-1.703333	1.717977	-0.034049 	0.004874
-51.000000	0.014561	-1.700000	1.714561	-0.034401 	0.004879
-50.900000	0.014476	-1.696667	1.711143	-0.034754 	0.004884
-50.800000	0.014392	-1.693333	1.707725	-0.035106 	0.004889
-50.700000	0.014306	-1.690000	1.704306	-0.035459 	0.004894
-50.600000	0.014221	-1.686667	1.700888	-0.035812 	0.004899
-50.500000	0.014134	-1.683333	1.697467	-0.036165 	0.004904
-50.400000	0.014047	-1.680000	1.694047	-0.036519 	0.004909
-50.300000	0.013959	-1.676667	1.690626	-0.036872 	0.004914
-50.200000	0.013871	-1.673333	1.687204	-0.037226 	0.004919
-50.100000	0.013782	-1.670000	1.683782	-0.037580 	0.004924
-50.000000	0.013692	-1.666667	1.680359	-0.037935 	0.004929
-49.900000	0.013602	-1.663333	1.676935	-0.038289 	0.004934
-49.800000	0.013512	-1.660000	1.673512	-0.038644 	0.004939
-49.700000	0.013420	-1.656667	1.670087	-0.038998 	0.004944
-49.600000	0.013329	-1.653333	1.666662	-0.039353 	0.004949
-49.500000	0.013236	-1.650000	1.663236	-0.039708 	0.004954
-49.400000	0.013143	-1.646667	1.659810	-0.040063 	0.004959
-49.300000	0.013050	-1.643333	1.656383	-0.040418 	0.004964
-49.200000	0.012955	-1.640000	1.652955	-0.040774 	0.004969
-49.100000	0.012861	-1.636667	1.649528	-0.041129 	0.004974
-49.000000	0.012765	-1.633333	1.646098	-0.041484 	0.004980
-48.900000	0.012670	-1.630000	1.642670	-0.041839 	0.004985
-48.800000	0.012573	-1.626667	1.639240	-0.042194 	0.004990
-48.700000	0.012476	-1.623333	1.635809	-0.042550 	0.004995
-48.600000	0.012379	-1.620000	1.632379	-0.042905 	0.005000
-48.500000	0.012281	-1.616667	1.628948	-0.043260 	0.005006
-48.400000	0.012182	-1.613333	1.625515	-0.043615 	0.005011
-48.300000	0.012083	-1.610000	1.622083	-0.043970 	0.005016
-48.200000	0.011983	-1.606667	1.618650	-0.044325 	0.005022
-48.100000	0.011883	-1.603333	1.615216	-0.044680 	0.005027
-48.000000	0.011782	-1.600000	1.611782	-0.045034 	0.005032
-47.900000	0.011680	-1.596667	1.608347	-0.045389 	0.005038
-47.800000	0.011579	-1.593333	1.604912	-0.045743 	0.005043
-47.700000	0.011476	-1.590000	1.601476	-0.046097 	0.005048
-47.600000	0.011373	-1.586667	1.598040	-0.046451 	0.005054
-47.500000	0.011270	-1.583333	1.594603	-0.046804 	0.005059
-47.400000	0.011166	-1.580000	1.591166	-0.047158 	0.005065
-47.300000	0.011061	-1.576667	1.587728	-0.047511 	0.005070
-47.200000	0.010956	-1.573333	1.584289	-0.047864 	0.005076
-47.100000	0.010850	-1.570000	1.580850	-0.048216 	0.005081
-47.000000	0.010744	-1.566667	1.577411	-0.048568 	0.005087
-46.900000	0.010638	-1.563333	1.573971	-0.048920 	0.005092
-46.800000	0.010530	-1.560000	1.570530	-0.049271 	0.005098
-46.700000	0.010423	-1.556667	1.567090	-0.049622 	0.005104
-46.600000	0.010315	-1.553333	1.563648	-0.049973 	0.005109
-46.500000	0.010206	-1.550000	1.560206	-0.050323 	0.005115
-46.400000	0.010097	-1.546667	1.556764	-0.050673 	0.005120
-46.300000	0.009987	-1.543333	1.553320	-0.051022 	0.005126
-46.200000	0.009877	-1.540000	1.549877	-0.051371 	0.005132
-46.100000	0.009767	-1.536667	1.546434	-0.051719 	0.005137
-46.000000	0.009656	-1.533333	1.542989	-0.052067 	0.005143
-45.900000	0.009544	-1.530000	1.539544	-0.052414 	0.005149
-45.800000	0.009432	-1.526667	1.536099	-0.052761 	0.005155
-45.700000	0.009319	-1.523333	1.532652	-0.053107 	0.005161
-45.600000	0.009206	-1.520000	1.529206	-0.053452 	0.005166
-45.500000	0.009093	-1.516667	1.525760	-0.053797 	0.005172
-45.400000	0.008979	-1.513333	1.522312	-0.054141 	0.005178
-45.300000	0.008865	-1.510000	1.518865	-0.054484 	0.005184
-45.200000	0.008750	-1.506667	1.515417	-0.054827 	0.005190
-45.100000	0.008635	-1.503333	1.511968	-0.055168 	0.005196
-45.000000	0.008519	-1.500000	1.508519	-0.055510 	0.005202
-44.900000	0.008403	-1.496667	1.505070	-0.055850 	0.005208
-44.800000	0.008286	-1.493333	1.501619	-0.056189 	0.005214
-44.700000	0.008169	-1.490000	1.498169	-0.056528 	0.005220
-44.600000	0.008052	-1.486667	1.494719	-0.056866 	0.005226
-44.500000	0.007934	-1.483333	1.491267	-0.057202 	0.005232
-44.400000	0.007816	-1.480000	1.487816	-0.057538 	0.005238
-44.300000	0.007697	-1.476667	1.484364	-0.057873 	0.005244
-44.200000	0.007578	-1.473333	1.480911	-0.058207 	0.005250
-44.100000	0.007458	-1.470000	1.477458	-0.058540 	0.005256
-44.000000	0.007338	-1.466667	1.474005	-0.058872 	0.005262
-43.900000	0.007218	-1.463333	1.470551	-0.059203 	0.005268
-43.800000	0.007097	-1.460000	1.467097	-0.059533 	0.005275
-43.700000	0.006976	-1.456667	1.463643	-0.059862 	0.005281
-43.600000	0.006854	-1.453333	1.460187	-0.060189 	0.005287
-43.500000	0.006732	-1.450000	1.456732	-0.060516 	0.005293
-43.400000	0.006610	-1.446667	1.453277	-0.060841 	0.005300
-43.300000	0.006487	-1.443333	1.449820	-0.061165 	0.005306
-43.200000	0.006364	-1.440000	1.446364	-0.061487 	0.005312
-43.100000	0.006240	-1.436667	1.442907	-0.061809 	0.005319
-43.000000	0.006116	-1.433333	1.439449	-0.062129 	0.005325
-42.900000	0.005992	-1.430000	1.435992	-0.062447 	0.005331
-42.800000	0.005867	-1.426667	1.432534	-0.062765 	0.005338
-42.700000	0.005742	-1.423333	1.429075	-0.063081 	0.005344
-42.600000	0.005617	-1.420000	1.425617	-0.063395 	0.005351
-42.500000	0.005491	-1.416667	1.422158	-0.063708 	0.005357
-42.400000	0.005365	-1.413333	1.418698	-0.064019 	0.005364
-42.300000	0.005238	-1.410000	1.415238	-0.064329 	0.005370
-42.200000	0.005111	-1.406667	1.411778	-0.064637 	0.005377
-42.100000	0.004984	-1.403333	1.408317	-0.064944 	0.005384
-42.000000	0.004856	-1.400000	1.404856	-0.065249 	0.005390
-41.900000	0.004729	-1.396667	1.401396	-0.065552 	0.005397
-41.800000	0.004600	-1.393333	1.397933	-0.065854 	0.005403
-41.700000	0.004472	-1.390000	1.394472	-0.066153 	0.005410
-41.600000	0.004343	-1.386667	1.391010	-0.066451 	0.005417
-41.500000	0.004213	-1.383333	1.387546	-0.066748 	0.005424
-41.400000	0.004084	-1.380000	1.384084	-0.067042 	0.005430
-41.300000	0.003954	-1.376667	1.380621	-0.067334 	0.005437
-41.200000	0.003824	-1.373333	1.377157	-0.067624 	0.005444
-41.100000	0.003693	-1.370000	1.373693	-0.067913 	0.005451
-41.000000	0.003562	-1.366667	1.370229	-0.068199 	0.005458
-40.900000	0.003431	-1.363333	1.366764	-0.068483 	0.005465
-40.800000	0.003299	-1.360000	1.363299	-0.068765 	0.005472
-40.700000	0.003168	-1.356667	1.359835	-0.069045 	0.005479
-40.600000	0.003035	-1.353333	1.356368	-0.069323 	0.005486
-40.500000	0.002903	-1.350000	1.352903	-0.069598 	0.005493
-40.400000	0.002770	-1.346667	1.349437	-0.069872 	0.005500
-40.300000	0.002637	-1.343333	1.345970	-0.070143 	0.005507
-40.200000	0.002504	-1.340000	1.342504	-0.070411 	0.005514
-40.100000	0.002370	-1.336667	1.339037	-0.070677 	0.005521
-40.000000	0.002236	-1.333333	1.335569	-0.070941 	0.005528
-39.900000	0.002102	-1.330000	1.332102	-0.071202 	0.005535
-39.800000	0.001967	-1.326667	1.328634	-0.071460 	0.005543
-39.700000	0.001832	-1.323333	1.325165	-0.071716 	0.005550
-39.600000	0.001697	-1.320000	1.321697	-0.071970 	0.005557
-39.500000	0.001561	-1.316667	1.318228	-0.072220 	0.005564
-39.400000	0.001426	-1.313333	1.314759	-0.072468 	0.005572
-39.300000	0.001290	-1.310000	1.311290	-0.072713 	0.005579
-39.200000	0.001153	-1.306667	1.307820	-0.072955 	0.005587
-39.100000	0.001017	-1.303333	1.304350	-0.073195 	0.005594
-39.000000	0.000880	-1.300000	1.300880	-0.073431 	0.005601
-38.900000	0.000743	-1.296667	1.297410	-0.073665 	0.005609
-38.800000	0.000606	-1.293333	1.293939	-0.073895 	0.005616
-38.700000	0.000468	-1.290000	1.290468	-0.074123 	0.005624
-38.600000	0.000330	-1.286667	1.286997	-0.074347 	0.005632
-38.500000	0.000192	-1.283333	1.283525	-0.074568 	0.005639
-38.400000	0.000053	-1.280000	1.280053	-0.074786 	0.005647
-38.300000	-0.000085	-1.276667	1.276582	-0.075001 	0.005654
-38.200000	-0.000224	-1.273333	1.273109	-0.075213 	0.005662
-38.100000	-0.000363	-1.270000	1.269637	-0.075421 	0.005670
-38.000000	-0.000503	-1.266667	1.266164	-0.075625 	0.005678
-37.900000	-0.000642	-1.263333	1.262691	-0.075827 	0.005685
-37.800000	-0.000782	-1.260000	1.259218	-0.076024 	0.005693
-37.700000	-0.000923	-1.256667	1.255744	-0.076218 	0.005701
-37.600000	-0.001063	-1.253333	1.252270	-0.076409 	0.005709
-37.500000	-0.001203	-1.250000	1.248797	-0.076596 	0.005717
-37.400000	-0.001344	-1.246667	1.245323	-0.076779 	0.005725
-37.300000	-0.001485	-1.243333	1.241848	-0.076959 	0.005733
-37.200000	-0.001626	-1.240000	1.238374	-0.077135 	0.005741
-37.100000	-0.001768	-1.236667	1.234899	-0.077306 	0.005749
-37.000000	-0.001910	-1.233333	1.231423	-0.077475 	0.005757
-36.900000	-0.002051	-1.230000	1.227949	-0.077639 	0.005765
-36.800000	-0.002193	-1.226667	1.224474	-0.077799 	0.005774
-36.700000	-0.002336	-1.223333	1.220997	-0.077955 	0.005782
-36.600000	-0.002478	-1.220000	1.217522	-0.078107 	0.005790
-36.500000	-0.002621	-1.216667	1.214046	-0.078255 	0.005798
-36.400000	-0.002763	-1.213333	1.210570	-0.078398 	0.005807
-36.300000	-0.002906	-1.210000	1.207094	-0.078538 	0.005815
-36.200000	-0.003049	-1.206667	1.203618	-0.078673 	0.005823
-36.100000	-0.003193	-1.203333	1.200140	-0.078804 	0.005832
-36.000000	-0.003336	-1.200000	1.196664	-0.078930 	0.005840
-35.900000	-0.003480	-1.196667	1.193187	-0.079052 	0.005849
-35.800000	-0.003623	-1.193333	1.189710	-0.079170 	0.005857
-35.700000	-0.003767	-1.190000	1.186233	-0.079283 	0.005866
-35.600000	-0.003911	-1.186667	1.182756	-0.079392 	0.005874
-35.500000	-0.004055	-1.183333	1.179278	-0.079496 	0.005883
-35.400000	-0.004199	-1.180000	1.175801	-0.079595 	0.005892
-35.300000	-0.004344	-1.176667	1.172323	-0.079690 	0.005901
-35.200000	-0.004488	-1.173333	1.168845	-0.079779 	0.005909
-35.100000	-0.004633	-1.170000	1.165367	-0.079864 	0.005918
-35.000000	-0.004777	-1.166667	1.161890	-0.079945 	0.005927
-34.900000	-0.004922	-1.163333	1.158411	-0.080020 	0.005936
-34.800000	-0.005066	-1.160000	1.154934	-0.080090 	0.005945
-34.700000	-0.005211	-1.156667	1.151456	-0.080156 	0.005954
-34.600000	-0.005356	-1.153333	1.147977	-0.080216 	0.005963
-34.500000	-0.005501	-1.150000	1.144499	-0.080271 	0.005972
-34.400000	-0.005646	-1.146667	1.141021	-0.080321 	0.005981
-34.300000	-0.005791	-1.143333	1.137542	-0.080366 	0.005990
-34.200000	-0.005936	-1.140000	1.134064	-0.080406 	0.005999
-34.100000	-0.006081	-1.136667	1.130586	-0.080440 	0.006008
-34.000000	-0.006226	-1.133333	1.127107	-0.080470 	0.006018
-33.900000	-0.006371	-1.130000	1.123629	-0.080493 	0.006027
-33.800000	-0.006516	-1.126667	1.120151	-0.080512 	0.006036
-33.700000	-0.006661	-1.123333	1.116672	-0.080525 	0.006046
-33.600000	-0.006806	-1.120000	1.113194	-0.080532 	0.006055
-33.500000	-0.006950	-1.116667	1.109717	-0.080534 	0.006065
-33.400000	-0.007095	-1.113333	1.106238	-0.080530 	0.006074
-33.300000	-0.007240	-1.110000	1.102760	-0.080521 	0.006084
-33.200000	-0.007385	-1.106667	1.099282	-0.080506 	0.006093
-33.100000	-0.007529	-1.103333	1.095804	-0.080485 	0.006103
-33.000000	-0.007674	-1.100000	1.092326	-0.080458 	0.006113
-32.900000	-0.007818	-1.096667	1.088849	-0.080426 	0.006123
-32.800000	-0.007963	-1.093333	1.085370	-0.080388 	0.006132
-32.700000	-0.008107	-1.090000	1.081893	-0.080343 	0.006142
-32.600000	-0.008251	-1.086667	1.078416	-0.080293 	0.006152
-32.500000	-0.008395	-1.083333	1.074938	-0.080237 	0.006162
-32.400000	-0.008539	-1.080000	1.071461	-0.080175 	0.006172
-32.300000	-0.008683	-1.076667	1.067984	-0.080106 	0.006182
-32.200000	-0.008826	-1.073333	1.064507	-0.080032 	0.006192
-32.100000	-0.008970	-1.070000	1.061030	-0.079951 	0.006202
-32.000000	-0.009113	-1.066667	1.057554	-0.079864 	0.006212
-31.900000	-0.009256	-1.063333	1.054077	-0.079770 	0.006223
-31.800000	-0.009399	-1.060000	1.050601	-0.079671 	0.006233
-31.700000	-0.009542	-1.056667	1.047125	-0.079565 	0.006243
-31.600000	-0.009684	-1.053333	1.043649	-0.079452 	0.006254
-31.500000	-0.009826	-1.050000	1.040174	-0.079333 	0.006264
-31.400000	-0.009968	-1.046667	1.036699	-0.079207 	0.006275
-31.300000	-0.010110	-1.043333	1.033223	-0.079075 	0.006285
-31.200000	-0.010251	-1.040000	1.029749	-0.078936 	0.006296
-31.100000	-0.010393	-1.036667	1.026274	-0.078791 	0.006306
-31.000000	-0.010534	-1.033333	1.022799	-0.078639 	0.006317
-30.900000	-0.010674	-1.030000	1.019326	-0.078480 	0.006328
-30.800000	-0.010814	-1.026667	1.015853	-0.078314 	0.006339
-30.700000	-0.010954	-1.023333	1.012379	-0.078141 	0.006350
-30.600000	-0.011094	-1.020000	1.008906	-0.077961 	0.006361
-30.500000	-0.011234	-1.016667	1.005433	-0.077775 	0.006371
-30.400000	-0.011373	-1.013333	1.001960	-0.077581 	0.006383
-30.300000	-0.011511	-1.010000	0.998489	-0.077380 	0.006394
-30.200000	-0.011650	-1.006667	0.995017	-0.077172 	0.006405
-30.100000	-0.011788	-1.003333	0.991545	-0.076957 	0.006416
-30.000000	-0.011925	-1.000000	0.988075	-0.076735 	0.006427
-29.900000	-0.012062	-0.996667	0.984604	-0.076506 	0.006439
-29.800000	-0.012199	-0.993333	0.981134	-0.076269 	0.006450
-29.700000	-0.012335	-0.990000	0.977665	-0.076025 	0.006461
-29.600000	-0.012471	-0.986667	0.974195	-0.075773 	0.006473
-29.500000	-0.012607	-0.983333	0.970727	-0.075514 	0.006484
-29.400000	-0.012742	-0.980000	0.967258	-0.075247 	0.006496
-29.300000	-0.012876	-0.976667	0.963790	-0.074973 	0.006508
-29.200000	-0.013010	-0.973333	0.960323	-0.074692 	0.006519
-29.100000	-0.013144	-0.970000	0.956856	-0.074402 	0.006531
-29.000000	-0.013277	-0.966667	0.953389	-0.074105 	0.006543
-28.900000	-0.013410	-0.963333	0.949923	-0.073800 	0.006555
-28.800000	-0.013542	-0.960000	0.946458	-0.073488 	0.006567
-28.700000	-0.013674	-0.956667	0.942993	-0.073167 	0.006579
-28.600000	-0.013805	-0.953333	0.939529	-0.072839 	0.006591
-28.500000	-0.013935	-0.950000	0.936065	-0.072502 	0.006603
-28.400000	-0.014065	-0.946667	0.932602	-0.072158 	0.006616
-28.300000	-0.014194	-0.943333	0.929139	-0.071806 	0.006628
-28.200000	-0.014323	-0.940000	0.925677	-0.071445 	0.006640
-28.100000	-0.014451	-0.936667	0.922215	-0.071076 	0.006653
-28.000000	-0.014579	-0.933333	0.918754	-0.070700 	0.006665
-27.900000	-0.014706	-0.930000	0.915294	-0.070315 	0.006678
-27.800000	-0.014832	-0.926667	0.911834	-0.069921 	0.006691
-27.700000	-0.014958	-0.923333	0.908375	-0.069520 	0.006703
-27.600000	-0.015083	-0.920000	0.904917	-0.069109 	0.006716
-27.500000	-0.015207	-0.916667	0.901459	-0.068691 	0.006729
-27.400000	-0.015331	-0.913333	0.898002	-0.068264 	0.006742
-27.300000	-0.015454	-0.910000	0.894546	-0.067829 	0.006755
-27.200000	-0.015576	-0.906667	0.891090	-0.067384 	0.006768
-27.100000	-0.015698	-0.903333	0.887636	-0.066932 	0.006781
-27.000000	-0.015819	-0.900000	0.884181	-0.066470 	0.006794
-26.900000	-0.015939	-0.896667	0.880728	-0.066000 	0.006808
-26.800000	-0.016058	-0.893333	0.877275	-0.065521 	0.006821
-26.700000	-0.016177	-0.890000	0.873823	-0.065034 	0.006834
-26.600000	-0.016294	-0.886667	0.870372	-0.064537 	0.006848
-26.500000	-0.016411	-0.883333	0.866922	-0.064032 	0.006862
-26.400000	-0.016527	-0.880000	0.863473	-0.063518 	0.006875
-26.300000	-0.016643	-0.876667	0.860024	-0.062994 	0.006889
-26.200000	-0.016757	-0.873333	0.856576	-0.062462 	0.006903
-26.100000	-0.016871	-0.870000	0.853129	-0.061920 	0.006917
-26.000000	-0.016984	-0.866667	0.849683	-0.061370 	0.006931
-25.900000	-0.017096	-0.863333	0.846238	-0.060810 	0.006945
-25.800000	-0.017207	-0.860000	0.842793	-0.060241 	0.006959
-25.700000	-0.017317	-0.856667	0.839350	-0.059663 	0.006973
-25.600000	-0.017426	-0.853333	0.835907	-0.059075 	0.006988
-25.500000	-0.017534	-0.850000	0.832466	-0.058478 	0.007002
-25.400000	-0.017642	-0.846667	0.829025	-0.057872 	0.007017
-25.300000	-0.017748	-0.843333	0.825585	-0.057256 	0.007031
-25.200000	-0.017853	-0.840000	0.822147	-0.056631 	0.007046
-25.100000	-0.017958	-0.836667	0.818709	-0.055996 	0.007061
-25.000000	-0.018061	-0.833333	0.815272	-0.055351 	0.007076
-24.900000	-0.018164	-0.830000	0.811836	-0.054697 	0.007091
-24.800000	-0.018265	-0.826667	0.808402	-0.054034 	0.007106
-24.700000	-0.018365	-0.823333	0.804968	-0.053360 	0.007121
-24.600000	-0.018464	-0.820000	0.801536	-0.052677 	0.007136
-24.500000	-0.018563	-0.816667	0.798104	-0.051984 	0.007151
-24.400000	-0.018660	-0.813333	0.794674	-0.051282 	0.007167
-24.300000	-0.018756	-0.810000	0.791244	-0.050569 	0.007182
-24.200000	-0.018850	-0.806667	0.787816	-0.049846 	0.007198
-24.100000	-0.018944	-0.803333	0.784389	-0.049114 	0.007214
-24.000000	-0.019037	-0.800000	0.780963	-0.048371 	0.007229
-23.900000	-0.019128	-0.796667	0.777539	-0.047619 	0.007245
-23.800000	-0.019218	-0.793333	0.774115	-0.046856 	0.007261
-23.700000	-0.019307	-0.790000	0.770693	-0.046084 	0.007277
-23.600000	-0.019395	-0.786667	0.767272	-0.045301 	0.007294
-23.500000	-0.019481	-0.783333	0.763852	-0.044508 	0.007310
-23.400000	-0.019567	-0.780000	0.760433	-0.043705 	0.007326
-23.300000	-0.019651	-0.776667	0.757016	-0.042891 	0.007343
-23.200000	-0.019733	-0.773333	0.753600	-0.042067 	0.007359
-23.100000	-0.019815	-0.770000	0.750185	-0.041233 	0.007376
-23.000000	-0.019895	-0.766667	0.746772	-0.040389 	0.007393
-22.900000	-0.019973	-0.763333	0.743360	-0.039534 	0.007410
-22.800000	-0.020051	-0.760000	0.739949	-0.038668 	0.007427
-22.700000	-0.020127	-0.756667	0.736540	-0.037793 	0.007444
-22.600000	-0.020201	-0.753333	0.733132	-0.036906 	0.007461
-22.500000	-0.020275	-0.750000	0.729725	-0.036009 	0.007479
-22.400000	-0.020346	-0.746667	0.726320	-0.035102 	0.007496
-22.300000	-0.020417	-0.743333	0.722917	-0.034184 	0.007514
-22.200000	-0.020486	-0.740000	0.719514	-0.033255 	0.007532
-22.100000	-0.020553	-0.736667	0.716114	-0.032316 	0.007550
-22.000000	-0.020619	-0.733333	0.712715	-0.031366 	0.007568
-21.900000	-0.020683	-0.730000	0.709317	-0.030405 	0.007586
-21.800000	-0.020746	-0.726667	0.705921	-0.029433 	0.007604
-21.700000	-0.020807	-0.723333	0.702526	-0.028451 	0.007622
-21.600000	-0.020867	-0.720000	0.699133	-0.027458 	0.007641
-21.500000	-0.020925	-0.716667	0.695742	-0.026454 	0.007659
-21.400000	-0.020981	-0.713333	0.692352	-0.025439 	0.007678
-21.300000	-0.021036	-0.710000	0.688964	-0.024413 	0.007697
-21.200000	-0.021089	-0.706667	0.685577	-0.023376 	0.007716
-21.100000	-0.021141	-0.703333	0.682192	-0.022329 	0.007735
-21.000000	-0.021191	-0.700000	0.678809	-0.021270 	0.007754
-20.900000	-0.021239	-0.696667	0.675428	-0.020200 	0.007774
-20.800000	-0.021285	-0.693333	0.672048	-0.019120 	0.007793
-20.700000	-0.021330	-0.690000	0.668670	-0.018028 	0.007813
-20.600000	-0.021372	-0.686667	0.665294	-0.016925 	0.007833
-20.500000	-0.021413	-0.683333	0.661920	-0.015811 	0.007853
-20.400000	-0.021453	-0.680000	0.658547	-0.014686 	0.007873
-20.300000	-0.021490	-0.676667	0.655177	-0.013550 	0.007893
-20.200000	-0.021525	-0.673333	0.651808	-0.012403 	0.007913
-20.100000	-0.021559	-0.670000	0.648441	-0.011244 	0.007934
-20.000000	-0.021591	-0.666667	0.645076	-0.010075 	0.007954
-19.900000	-0.021620	-0.663333	0.641713	-0.008894 	0.007975
-19.800000	-0.021648	-0.660000	0.638352	-0.007702 	0.007996
-19.700000	-0.021674	-0.656667	0.634993	-0.006498 	0.008017
-19.600000	-0.021698	-0.653333	0.631636	-0.005284 	0.008039
-19.500000	-0.021719	-0.650000	0.628281	-0.004058 	0.008060
-19.400000	-0.021739	-0.646667	0.624928	-0.002821 	0.008082
-19.300000	-0.021757	-0.643333	0.621577	-0.001573 	0.008103
-19.200000	-0.021772	-0.640000	0.618228	-0.000313 	0.008125
-19.100000	-0.021786	-0.636667	0.614881	0.000958 	0.008147
-19.000000	-0.021797	-0.633333	0.611536	0.002240 	0.008170
-18.900000	-0.021806	-0.630000	0.608194	0.003534 	0.008192
-18.800000	-0.021813	-0.626667	0.604854	0.004839 	0.008215
-18.700000	-0.021818	-0.623333	0.601516	0.006155 	0.008237
-18.600000	-0.021820	-0.620000	0.598180	0.007483 	0.008260
-18.500000	-0.021820	-0.616667	0.594846	0.008822 	0.008284
-18.400000	-0.021818	-0.613333	0.591515	0.010172 	0.008307
-18.300000	-0.021814	-0.610000	0.588186	0.011534 	0.008330
-18.200000	-0.021807	-0.606667	0.584860	0.012907 	0.008354
-18.100000	-0.021798	-0.603333	0.581535	0.014291 	0.008378
-18.000000	-0.021786	-0.600000	0.578214	0.015687 	0.008402
-17.900000	-0.021772	-0.596667	0.574894	0.017094 	0.008426
-17.800000	-0.021756	-0.593333	0.571577	0.018513 	0.008450
-17.700000	-0.021737	-0.590000	0.568263	0.019942 	0.008475
-17.600000	-0.021716	-0.586667	0.564951	0.021384 	0.008500
-17.500000	-0.021692	-0.583333	0.561642	0.022836 	0.008525
-17.400000	-0.021665	-0.580000	0.558335	0.024300 	0.008550
-17.300000	-0.021636	-0.576667	0.555030	0.025776 	0.008575
-17.200000	-0.021605	-0.573333	0.551729	0.027262 	0.008601
-17.100000	-0.021570	-0.570000	0.548430	0.028760 	0.008627
-17.000000	-0.021533	-0.566667	0.545133	0.030269 	0.008653
-16.900000	-0.021494	-0.563333	0.541840	0.031790 	0.008679
-16.800000	-0.021451	-0.560000	0.538549	0.033322 	0.008706
-16.700000	-0.021406	-0.556667	0.535261	0.034865 	0.008732
-16.600000	-0.021358	-0.553333	0.531975	0.036419 	0.008759
-16.500000	-0.021307	-0.550000	0.528693	0.037985 	0.008786
-16.400000	-0.021254	-0.546667	0.525413	0.039562 	0.008814
-16.300000	-0.021197	-0.543333	0.522136	0.041150 	0.008841
-16.200000	-0.021138	-0.540000	0.518862	0.042749 	0.008869
-16.100000	-0.021075	-0.536667	0.515591	0.044359 	0.008897
-16.000000	-0.021010	-0.533333	0.512323	0.045981 	0.008926
-15.900000	-0.020942	-0.530000	0.509058	0.047613 	0.008954
-15.800000	-0.020871	-0.526667	0.505796	0.049257 	0.008983
-15.700000	-0.020796	-0.523333	0.502537	0.050912 	0.009012
-15.600000	-0.020719	-0.520000	0.499281	0.052577 	0.009042
-15.500000	-0.020638	-0.516667	0.496028	0.054254 	0.009071
-15.400000	-0.020555	-0.513333	0.492779	0.055942 	0.009101
-15.300000	-0.020468	-0.510000	0.489532	0.057640 	0.009131
-15.200000	-0.020378	-0.506667	0.486289	0.059350 	0.009162
-15.100000	-0.020284	-0.503333	0.483049	0.061070 	0.009192
-15.000000	-0.020188	-0.500000	0.479812	0.062801 	0.009223
-14.900000	-0.020088	-0.496667	0.476579	0.064543 	0.009254
-14.800000	-0.019985	-0.493333	0.473349	0.066295 	0.009286
-14.700000	-0.019878	-0.490000	0.470122	0.068059 	0.009318
-14.600000	-0.019768	-0.486667	0.466899	0.069832 	0.009350
-14.500000	-0.019655	-0.483333	0.463679	0.071617 	0.009382
-14.400000	-0.019538	-0.480000	0.460462	0.073412 	0.009415
-14.300000	-0.019417	-0.476667	0.457249	0.075217 	0.009448
-14.200000	-0.019294	-0.473333	0.454040	0.077033 	0.009481
-14.100000	-0.019166	-0.470000	0.450834	0.078860 	0.009515
-14.000000	-0.019035	-0.466667	0.447632	0.080697 	0.009549
-13.900000	-0.018900	-0.463333	0.444433	0.082544 	0.009583
-13.800000	-0.018762	-0.460000	0.441238	0.084401 	0.009618
-13.700000	-0.018620	-0.456667	0.438047	0.086268 	0.009653
-13.600000	-0.018474	-0.453333	0.434859	0.088146 	0.009688
-13.500000	-0.018324	-0.450000	0.431676	0.090034 	0.009724
-13.400000	-0.018171	-0.446667	0.428496	0.091931 	0.009760
-13.300000	-0.018013	-0.443333	0.425320	0.093839 	0.009796
-13.200000	-0.017852	-0.440000	0.422148	0.095756 	0.009833
-13.100000	-0.017687	-0.436667	0.418980	0.097683 	0.009870
-13.000000	-0.017518	-0.433333	0.415815	0.099620 	0.009908
-12.900000	-0.017345	-0.430000	0.412655	0.101566 	0.009945
-12.800000	-0.017168	-0.426667	0.409499	0.103522 	0.009984
-12.700000	-0.016986	-0.423333	0.406347	0.105488 	0.010022
-12.600000	-0.016801	-0.420000	0.403199	0.107462 	0.010061
-12.500000	-0.016611	-0.416667	0.400055	0.109446 	0.010101
-12.400000	-0.016418	-0.413333	0.396915	0.111440 	0.010141
-12.300000	-0.016220	-0.410000	0.393780	0.113442 	0.010181
-12.200000	-0.016018	-0.406667	0.390649	0.115453 	0.010222
-12.100000	-0.015811	-0.403333	0.387522	0.117473 	0.010263
-12.000000	-0.015600	-0.400000	0.384400	0.119502 	0.010304
-11.900000	-0.015385	-0.396667	0.381282	0.121540 	0.010347
-11.800000	-0.015166	-0.393333	0.378168	0.123586 	0.010389
-11.700000	-0.014941	-0.390000	0.375059	0.125641 	0.010432
-11.600000	-0.014713	-0.386667	0.371954	0.127705 	0.010475
-11.500000	-0.014480	-0.383333	0.368853	0.129776 	0.010519
-11.400000	-0.014242	-0.380000	0.365758	0.131856 	0.010564
-11.300000	-0.014000	-0.376667	0.362667	0.133944 	0.010609
-11.200000	-0.013753	-0.373333	0.359580	0.136040 	0.010654
-11.100000	-0.013501	-0.370000	0.356499	0.138143 	0.010700
-11.000000	-0.013245	-0.366667	0.353422	0.140255 	0.010747
-10.900000	-0.012984	-0.363333	0.350349	0.142374 	0.010794
-10.800000	-0.012718	-0.360000	0.347282	0.144501 	0.010841
-10.700000	-0.012448	-0.356667	0.344219	0.146635 	0.010889
-10.600000	-0.012172	-0.353333	0.341161	0.148776 	0.010938
-10.500000	-0.011892	-0.350000	0.338108	0.150925 	0.010987
-10.400000	-0.011606	-0.346667	0.335060	0.153081 	0.011037
-10.300000	-0.011316	-0.343333	0.332017	0.155243 	0.011088
-10.200000	-0.011021	-0.340000	0.328979	0.157412 	0.011139
-10.100000	-0.010720	-0.336667	0.325947	0.159588 	0.011190
-10.000000	-0.010415	-0.333333	0.322919	0.161771 	0.011243
-9.900000	-0.010104	-0.330000	0.319896	0.163959 	0.011296
-9.800000	-0.009788	-0.326667	0.316879	0.166154 	0.011349
-9.700000	-0.009467	-0.323333	0.313866	0.168355 	0.011404
-9.600000	-0.009140	-0.320000	0.310860	0.170561 	0.011459
-9.500000	-0.008809	-0.316667	0.307858	0.172772 	0.011514
-9.400000	-0.008471	-0.313333	0.304862	0.174989 	0.011571
-9.300000	-0.008129	-0.310000	0.301871	0.177210 	0.011628
-9.200000	-0.007780	-0.306667	0.298886	0.179436 	0.011686
-9.100000	-0.007427	-0.303333	0.295907	0.181665 	0.011745
-9.000000	-0.007067	-0.300000	0.292933	0.183898 	0.011804
-8.900000	-0.006701	-0.296667	0.289965	0.186134 	0.011864
-8.800000	-0.006330	-0.293333	0.287003	0.188372 	0.011925
-8.700000	-0.005952	-0.290000	0.284048	0.190611 	0.011987
-8.600000	-0.005569	-0.286667	0.281098	0.192851 	0.012050
-8.500000	-0.005179	-0.283333	0.278155	0.195090 	0.012114
-8.400000	-0.004782	-0.280000	0.275218	0.197328 	0.012178
-8.300000	-0.004378	-0.276667	0.272288	0.199563 	0.012243
-8.200000	-0.003968	-0.273333	0.269366	0.201793 	0.012310
-8.100000	-0.003550	-0.270000	0.266450	0.204016 	0.012377
-8.000000	-0.003124	-0.266667	0.263543	0.206231 	0.012445
-7.900000	-0.002691	-0.263333	0.260643	0.208436 	0.012514
-7.800000	-0.002249	-0.260000	0.257751	0.210627 	0.012584
-7.700000	-0.001798	-0.256667	0.254869	0.212801 	0.012655
-7.600000	-0.001338	-0.253333	0.251995	0.214956 	0.012727
-7.500000	-0.000868	-0.250000	0.249132	0.217088 	0.012800
-7.400000	-0.000389	-0.246667	0.246278	0.219194 	0.012874
-7.300000	0.000102	-0.243333	0.243435	0.221269 	0.012949
-7.200000	0.000603	-0.240000	0.240603	0.223312 	0.013025
-7.100000	0.001116	-0.236667	0.237783	0.225318 	0.013102
-7.000000	0.001641	-0.233333	0.234974	0.227286 	0.013180
-6.900000	0.002177	-0.230000	0.232177	0.229214 	0.013259
-6.800000	0.002725	-0.226667	0.229392	0.231102 	0.013339
-6.700000	0.003284	-0.223333	0.226617	0.232953 	0.013421
-6.600000	0.003853	-0.220000	0.223853	0.234769 	0.013503
-6.500000	0.004432	-0.216667	0.221099	0.236555 	0.013587
-6.400000	0.005020	-0.213333	0.218353	0.238319 	0.013672
-6.300000	0.005614	-0.210000	0.215614	0.240068 	0.013759
-6.200000	0.006215	-0.206667	0.212882	0.241810 	0.013847
-6.100000	0.006820	-0.203333	0.210154	0.243555 	0.013936
-6.000000	0.007429	-0.200000	0.207429	0.245308 	0.014028
-5.900000	0.008041	-0.196667	0.204708	0.247075 	0.014120
-5.800000	0.008656	-0.193333	0.201989	0.248857 	0.014215
-5.700000	0.009273	-0.190000	0.199273	0.250654 	0.014312
-5.600000	0.009895	-0.186667	0.196561	0.252460 	0.014410
-5.500000	0.010520	-0.183333	0.193854	0.254269 	0.014510
-5.400000	0.011152	-0.180000	0.191152	0.256075 	0.014613
-5.300000	0.011789	-0.176667	0.188456	0.257873 	0.014717
-5.200000	0.012433	-0.173333	0.185766	0.259657 	0.014823
-5.100000	0.013084	-0.170000	0.183084	0.261429 	0.014931
-5.000000	0.013741	-0.166667	0.180407	0.263190 	0.015041
-4.900000	0.014403	-0.163333	0.177736	0.264944 	0.015154
-4.800000	0.015071	-0.160000	0.175071	0.266698 	0.015269
-4.700000	0.015742	-0.156667	0.172409	0.268453 	0.015386
-4.600000	0.016418	-0.153333	0.169752	0.270212 	0.015506
-4.500000	0.017099	-0.150000	0.167099	0.271971 	0.015629
-4.400000	0.017785	-0.146667	0.164451	0.273727 	0.015754
-4.300000	0.018476	-0.143333	0.161809	0.275478 	0.015882
-4.200000	0.019172	-0.140000	0.159172	0.277221 	0.016013
-4.100000	0.019874	-0.136667	0.156540	0.278958 	0.016147
-4.000000	0.020580	-0.133333	0.153913	0.280693 	0.016285
-3.900000	0.021291	-0.130000	0.151291	0.282428 	0.016425
-3.800000	0.022006	-0.126667	0.148672	0.284165 	0.016569
-3.700000	0.022725	-0.123333	0.146058	0.285901 	0.016717
-3.600000	0.023449	-0.120000	0.143449	0.287634 	0.016868
-3.500000	0.024178	-0.116667	0.140845	0.289361 	0.017023
-3.400000	0.024912	-0.113333	0.138245	0.291081 	0.017183
-3.300000	0.025650	-0.110000	0.135650	0.292796 	0.017346
-3.200000	0.026393	-0.106667	0.133060	0.294511 	0.017514
-3.100000	0.027140	-0.103333	0.130473	0.296225 	0.017687
-3.000000	0.027891	-0.100000	0.127891	0.297938 	0.017865
-2.900000	0.028646	-0.096667	0.125313	0.299651 	0.018048
-2.800000	0.029405	-0.093333	0.122738	0.301363 	0.018236
-2.700000	0.030167	-0.090000	0.120167	0.303077 	0.018430
-2.600000	0.030933	-0.086667	0.117599	0.304795 	0.018630
-2.500000	0.031702	-0.083333	0.115035	0.306514 	0.018837
-2.400000	0.032475	-0.080000	0.112475	0.308230 	0.019050
-2.300000	0.033252	-0.076667	0.109919	0.309940 	0.019270
-2.200000	0.034033	-0.073333	0.107367	0.311644 	0.019498
-2.100000	0.034819	-0.070000	0.104819	0.313340 	0.019733
-2.000000	0.035608	-0.066667	0.102275	0.315030 	0.019977
-1.900000	0.036401	-0.063333	0.099735	0.316711 	0.020230
-1.800000	0.037198	-0.060000	0.097198	0.318387 	0.020492
-1.700000	0.037998	-0.056667	0.094664	0.320061 	0.020765
-1.600000	0.038800	-0.053333	0.092133	0.321736 	0.021048
-1.500000	0.039604	-0.050000	0.089604	0.323415 	0.021343
-1.400000	0.040410	-0.046667	0.087077	0.325100 	0.021650
-1.300000	0.041219	-0.043333	0.084552	0.326782 	0.021971
-1.200000	0.042030	-0.040000	0.082030	0.328456 	0.022306
-1.100000	0.042845	-0.036667	0.079511	0.330118 	0.022657
-1.000000	0.043662	-0.033333	0.076995	0.331766 	0.023024
-0.900000	0.044481	-0.030000	0.074481	0.333401 	0.023410
-0.800000	0.045302	-0.026667	0.071969	0.335034 	0.023815
-0.700000	0.046124	-0.023333	0.069457	0.336663 	0.024241
-0.600000	0.046947	-0.020000	0.066947	0.338278 	0.024692
-0.500000	0.047772	-0.016667	0.064439	0.339863 	0.025168
-0.400000	0.048600	-0.013333	0.061933	0.341416 	0.025672
-0.300000	0.049426	-0.010000	0.059426	0.342962 	0.026208
-0.200000	0.050250	-0.006667	0.056917	0.344515 	0.026779
-0.100000	0.051073	-0.003333	0.054406	0.346052 	0.027390
0.000000	0.051896	0.000000	0.051896	0.347543 	0.028045
0.100000	0.052719	0.003333	0.049386	0.348952 	0.028748
0.200000	0.053542	0.006667	0.046875	0.350298 	0.029508
0.300000	0.054357	0.010000	0.044357	0.351633 	0.030334
0.400000	0.055172	0.013333	0.041839	0.352836 	0.031234
0.500000	0.055982	0.016667	0.039316	0.353918 	0.032221
0.600000	0.056792	0.020000	0.036792	0.354769 	0.033308
0.700000	0.057583	0.023333	0.034249	0.355592 	0.034522
0.800000	0.058370	0.026667	0.031703	0.356055 	0.035881
0.900000	0.059137	0.030000	0.029137	0.356294 	0.037428
1.000000	0.059891	0.033333	0.026557	0.355904 	0.039204
1.100000	0.060611	0.036667	0.023945	0.354758 	0.041287
1.200000	0.061310	0.040000	0.021310	0.352711 	0.043764
1.300000	0.062048	0.043333	0.018715	0.350908 	0.046701
1.400000	0.062603	0.046667	0.015936	0.343895 	0.050609
1.500000	0.061304	0.050000	0.011304	0.278215 	0.060091
1.600000	0.058101	0.053333	0.004767	0.076404 	0.092529
1.700000	0.059341	0.056667	0.002675	0.000000 	0.000000
1.800000	0.062639	0.060000	0.002639	0.000000 	0.000000
1.900000	0.065962	0.063333	0.002628	0.000000 	0.000000
2.000000	0.069278	0.066667	0.002612	0.000000 	0.000000
2.100000	0.072624	0.070000	0.002624	0.000000 	0.000000
2.200000	0.075895	0.073333	0.002562	0.000000 	0.000000
2.300000	0.079295	0.076667	0.002628	0.000000 	0.000000
2.400000	0.082517	0.080000	0.002517	0.000000 	0.000000
2.500000	0.085934	0.083333	0.002601	0.000000 	0.000000
2.600000	0.089202	0.086667	0.002535	0.000000 	0.000000
2.700000	0.092202	0.090000	0.002202	0.000000 	0.000000
2.800000	0.095877	0.093333	0.002544	0.000000 	0.000000
2.900000	0.098752	0.096667	0.002086	0.000000 	0.000000
3.000000	0.100000	0.100000	0.000000	0.000000 	0.000000
3.100000	0.103333	0.103333	0.000000	0.000000 	0.000000
3.200000	0.106667	0.106667	0.000000	0.000000 	0.000000
3.300000	0.110000	0.110000	0.000000	0.000000 	0.000000
3.400000	0.113333	0.113333	0.000000	0.000000 	0.000000
3.500000	0.116667	0.116667	0.000000	0.000000 	0.000000
3.600000	0.120000	0.120000	0.000000	0.000000 	0.000000
3.700000	0.123333	0.123333	0.000000	0.000000 	0.000000
3.800000	0.126667	0.126667	0.000000	0.000000 	0.000000
3.900000	0.130000	0.130000	0.000000	0.000000 	0.000000
4.000000	0.133333	0.133333	0.000000	0.000000 	0.000000
4.100000	0.136667	0.136667	0.000000	0.000000 	0.000000
4.200000	0.140000	0.140000	0.000000	0.000000 	0.000000
4.300000	0.143333	0.143333	0.000000	0.000000 	0.000000
4.400000	0.146667	0.146667	0.000000	0.000000 	0.000000
4.500000	0.150000	0.150000	0.000000	0.000000 	0.000000
4.600000	0.153333	0.153333	0.000000	0.000000 	0.000000
4.700000	0.156667	0.156667	0.000000	0.000000 	0.000000
4.800000	0.160000	0.160000	0.000000	0.000000 	0.000000
4.900000	0.163333	0.163333	0.000000	0.000000 	0.000000
5.000000	0.166667	0.166667	0.000000	0.000000 	0.000000
5.100000	0.170000	0.170000	0.000000	0.000000 	0.000000
5.200000	0.173333	0.173333	0.000000	0.000000 	0.000000
5.300000	0.176667	0.176667	0.000000	0.000000 	0.000000
5.400000	0.180000	0.180000	0.000000	0.000000 	0.000000
5.500000	0.183333	0.183333	0.000000	0.000000 	0.000000
5.600000	0.186667	0.186667	0.000000	0.000000 	0.000000
5.700000	0.190000	0.190000	0.000000	0.000000 	0.000000
5.800000	0.193333	0.193333	0.000000	0.000000 	0.000000
5.900000	0.196667	0.196667	0.000000	0.000000 	0.000000
6.000000	0.200000	0.200000	0.000000	0.000000 	0.000000
6.100000	0.203333	0.203333	0.000000	0.000000 	0.000000
6.200000	0.206667	0.206667	0.000000	0.000000 	0.000000
6.300000	0.210000	0.210000	0.000000	0.000000 	0.000000
6.400000	0.213333	0.213333	0.000000	0.000000 	0.000000
6.500000	0.216667	0.216667	0.000000	0.000000 	0.000000
6.600000	0.220000	0.220000	0.000000	0.000000 	0.000000
6.700000	0.223333	0.223333	0.000000	0.000000 	0.000000
6.800000	0.226667	0.226667	0.000000	0.000000 	0.000000
6.900000	0.230000	0.230000	0.000000	0.000000 	0.000000
7.000000	0.233333	0.233333	0.000000	0.000000 	0.000000
7.100000	0.236667	0.236667	0.000000	0.000000 	0.000000
7.200000	0.240000	0.240000	0.000000	0.000000 	0.000000
7.300000	0.243333	0.243333	0.000000	0.000000 	0.000000
7.400000	0.246667	0.246667	0.000000	0.000000 	0.000000
7.500000	0.250000	0.250000	0.000000	0.000000 	0.000000
7.600000	0.253333	0.253333	0.000000	0.000000 	0.000000
7.700000	0.256667	0.256667	0.000000	0.000000 	0.000000
7.800000	0.260000	0.260000	0.000000	0.000000 	0.000000
7.900000	0.263333	0.263333	0.000000	0.000000 	0.000000
8.000000	0.266667	0.266667	0.000000	0.000000 	0.000000
8.100000	0.270000	0.270000	0.000000	0.000000 	0.000000
8.200000	0.273333	0.273333	0.000000	0.000000 	0.000000
8.300000	0.276667	0.276667	0.000000	0.000000 	0.000000
8.400000	0.280000	0.280000	0.000000	0.000000 	0.000000
8.500000	0.283333	0.283333	0.000000	0.000000 	0.000000
8.600000	0.286667	0.286667	0.000000	0.000000 	0.000000
8.700000	0.290000	0.290000	0.000000	0.000000 	0.000000
8.800000	0.293333	0.293333	0.000000	0.000000 	0.000000
8.900000	0.296667	0.296667	0.000000	0.000000 	0.000000
9.000000	0.300000	0.300000	0.000000	0.000000 	0.000000
9.100000	0.303333	0.303333	0.000000	0.000000 	0.000000
9.200000	0.306667	0.306667	0.000000	0.000000 	0.000000
9.300000	0.310000	0.310000	0.000000	0.000000 	0.000000
9.400000	0.313333	0.313333	0.000000	0.000000 	0.000000
9.500000	0.316667	0.316667	0.000000	0.000000 	0.000000
9.600000	0.320000	0.320000	0.000000	0.000000 	0.000000
9.700000	0.323333	0.323333	0.000000	0.000000 	0.000000
9.800000	0.326667	0.326667	0.000000	0.000000 	0.000000
9.900000	0.330000	0.330000	0.000000	0.000000 	0.000000
