VARIABLES = X,Ksi,B,H,U,tau 
ZONE T="Time 65.000000", I=1100, DATAPACKING=POINT
-100.000000	0.006682	-3.333333	3.340015	0.033872 	0.003496
-99.900000	0.005877	-3.330000	3.335877	0.035220 	0.003498
-99.800000	0.006157	-3.326667	3.332824	0.034706 	0.003500
-99.700000	0.005942	-3.323333	3.329275	0.035041 	0.003501
-99.600000	0.005952	-3.320000	3.325952	0.034990 	0.003503
-99.500000	0.005860	-3.316667	3.322527	0.035113 	0.003505
-99.400000	0.005813	-3.313333	3.319146	0.035156 	0.003507
-99.300000	0.005746	-3.310000	3.315746	0.035234 	0.003509
-99.200000	0.005688	-3.306667	3.312355	0.035295 	0.003510
-99.100000	0.005626	-3.303333	3.308959	0.035363 	0.003512
-99.000000	0.005565	-3.300000	3.305565	0.035427 	0.003514
-98.900000	0.005503	-3.296667	3.302170	0.035492 	0.003516
-98.800000	0.005442	-3.293333	3.298775	0.035556 	0.003518
-98.700000	0.005380	-3.290000	3.295380	0.035619 	0.003519
-98.600000	0.005319	-3.286667	3.291986	0.035682 	0.003521
-98.500000	0.005257	-3.283333	3.288590	0.035744 	0.003523
-98.400000	0.005195	-3.280000	3.285195	0.035805 	0.003525
-98.300000	0.005133	-3.276667	3.281800	0.035865 	0.003527
-98.200000	0.005071	-3.273333	3.278404	0.035926 	0.003528
-98.100000	0.005009	-3.270000	3.275009	0.035985 	0.003530
-98.000000	0.004946	-3.266667	3.271613	0.036044 	0.003532
-97.900000	0.004884	-3.263333	3.268217	0.036102 	0.003534
-97.800000	0.004821	-3.260000	3.264821	0.036159 	0.003536
-97.700000	0.004758	-3.256667	3.261425	0.036216 	0.003538
-97.600000	0.004696	-3.253333	3.258029	0.036272 	0.003539
-97.500000	0.004633	-3.250000	3.254633	0.036327 	0.003541
-97.400000	0.004570	-3.246667	3.251237	0.036382 	0.003543
-97.300000	0.004506	-3.243333	3.247839	0.036436 	0.003545
-97.200000	0.004443	-3.240000	3.244443	0.036489 	0.003547
-97.100000	0.004380	-3.236667	3.241047	0.036541 	0.003549
-97.000000	0.004316	-3.233333	3.237649	0.036593 	0.003551
-96.900000	0.004253	-3.230000	3.234253	0.036644 	0.003552
-96.800000	0.004189	-3.226667	3.230856	0.036695 	0.003554
-96.700000	0.004125	-3.223333	3.227458	0.036744 	0.003556
-96.600000	0.004061	-3.220000	3.224061	0.036794 	0.003558
-96.500000	0.003997	-3.216667	3.220664	0.036842 	0.003560
-96.400000	0.003933	-3.213333	3.217266	0.036889 	0.003562
-96.300000	0.003869	-3.210000	3.213869	0.036936 	0.003564
-96.200000	0.003804	-3.206667	3.210471	0.036983 	0.003566
-96.100000	0.003740	-3.203333	3.207073	0.037028 	0.003567
-96.000000	0.003675	-3.200000	3.203675	0.037073 	0.003569
-95.900000	0.003611	-3.196667	3.200278	0.037117 	0.003571
-95.800000	0.003546	-3.193333	3.196879	0.037160 	0.003573
-95.700000	0.003481	-3.190000	3.193481	0.037202 	0.003575
-95.600000	0.003416	-3.186667	3.190083	0.037244 	0.003577
-95.500000	0.003351	-3.183333	3.186684	0.037285 	0.003579
-95.400000	0.003286	-3.180000	3.183286	0.037325 	0.003581
-95.300000	0.003221	-3.176667	3.179888	0.037365 	0.003583
-95.200000	0.003156	-3.173333	3.176489	0.037404 	0.003585
-95.100000	0.003091	-3.170000	3.173091	0.037442 	0.003587
-95.000000	0.003025	-3.166667	3.169692	0.037479 	0.003588
-94.900000	0.002960	-3.163333	3.166293	0.037515 	0.003590
-94.800000	0.002894	-3.160000	3.162894	0.037551 	0.003592
-94.700000	0.002828	-3.156667	3.159495	0.037586 	0.003594
-94.600000	0.002763	-3.153333	3.156096	0.037620 	0.003596
-94.500000	0.002697	-3.150000	3.152697	0.037653 	0.003598
-94.400000	0.002631	-3.146667	3.149298	0.037686 	0.003600
-94.300000	0.002565	-3.143333	3.145898	0.037718 	0.003602
-94.200000	0.002499	-3.140000	3.142499	0.037749 	0.003604
-94.100000	0.002432	-3.136667	3.139099	0.037779 	0.003606
-94.000000	0.002366	-3.133333	3.135699	0.037808 	0.003608
-93.900000	0.002300	-3.130000	3.132300	0.037837 	0.003610
-93.800000	0.002233	-3.126667	3.128900	0.037865 	0.003612
-93.700000	0.002167	-3.123333	3.125500	0.037892 	0.003614
-93.600000	0.002100	-3.120000	3.122100	0.037918 	0.003616
-93.500000	0.002034	-3.116667	3.118701	0.037944 	0.003618
-93.400000	0.001967	-3.113333	3.115300	0.037968 	0.003620
-93.300000	0.001900	-3.110000	3.111900	0.037992 	0.003622
-93.200000	0.001833	-3.106667	3.108500	0.038015 	0.003624
-93.100000	0.001766	-3.103333	3.105099	0.038037 	0.003626
-93.000000	0.001699	-3.100000	3.101699	0.038058 	0.003628
-92.900000	0.001632	-3.096667	3.098299	0.038079 	0.003630
-92.800000	0.001565	-3.093333	3.094898	0.038099 	0.003632
-92.700000	0.001498	-3.090000	3.091498	0.038117 	0.003634
-92.600000	0.001431	-3.086667	3.088098	0.038135 	0.003636
-92.500000	0.001363	-3.083333	3.084696	0.038153 	0.003638
-92.400000	0.001296	-3.080000	3.081296	0.038169 	0.003640
-92.300000	0.001228	-3.076667	3.077895	0.038184 	0.003642
-92.200000	0.001161	-3.073333	3.074494	0.038199 	0.003644
-92.100000	0.001093	-3.070000	3.071093	0.038213 	0.003646
-92.000000	0.001026	-3.066667	3.067693	0.038226 	0.003648
-91.900000	0.000958	-3.063333	3.064291	0.038238 	0.003650
-91.800000	0.000890	-3.060000	3.060890	0.038249 	0.003652
-91.700000	0.000822	-3.056667	3.057489	0.038260 	0.003654
-91.600000	0.000754	-3.053333	3.054087	0.038269 	0.003656
-91.500000	0.000686	-3.050000	3.050686	0.038278 	0.003658
-91.400000	0.000618	-3.046667	3.047285	0.038286 	0.003660
-91.300000	0.000550	-3.043333	3.043883	0.038293 	0.003662
-91.200000	0.000482	-3.040000	3.040482	0.038299 	0.003664
-91.100000	0.000414	-3.036667	3.037081	0.038304 	0.003666
-91.000000	0.000346	-3.033333	3.033679	0.038308 	0.003668
-90.900000	0.000278	-3.030000	3.030278	0.038312 	0.003670
-90.800000	0.000209	-3.026667	3.026876	0.038314 	0.003672
-90.700000	0.000141	-3.023333	3.023474	0.038316 	0.003674
-90.600000	0.000072	-3.020000	3.020072	0.038317 	0.003676
-90.500000	0.000004	-3.016667	3.016671	0.038317 	0.003678
-90.400000	-0.000065	-3.013333	3.013268	0.038316 	0.003680
-90.300000	-0.000133	-3.010000	3.009867	0.038314 	0.003683
-90.200000	-0.000202	-3.006667	3.006465	0.038311 	0.003685
-90.100000	-0.000270	-3.003333	3.003063	0.038307 	0.003687
-90.000000	-0.000339	-3.000000	2.999661	0.038303 	0.003689
-89.900000	-0.000408	-2.996667	2.996259	0.038297 	0.003691
-89.800000	-0.000477	-2.993333	2.992856	0.038291 	0.003693
-89.700000	-0.000545	-2.990000	2.989455	0.038284 	0.003695
-89.600000	-0.000614	-2.986667	2.986053	0.038276 	0.003697
-89.500000	-0.000683	-2.983333	2.982650	0.038267 	0.003699
-89.400000	-0.000752	-2.980000	2.979248	0.038257 	0.003701
-89.300000	-0.000821	-2.976667	2.975846	0.038246 	0.003703
-89.200000	-0.000890	-2.973333	2.972443	0.038234 	0.003706
-89.100000	-0.000959	-2.970000	2.969041	0.038221 	0.003708
-89.000000	-0.001028	-2.966667	2.965639	0.038208 	0.003710
-88.900000	-0.001098	-2.963333	2.962235	0.038193 	0.003712
-88.800000	-0.001167	-2.960000	2.958833	0.038178 	0.003714
-88.700000	-0.001236	-2.956667	2.955431	0.038161 	0.003716
-88.600000	-0.001305	-2.953333	2.952028	0.038144 	0.003718
-88.500000	-0.001374	-2.950000	2.948626	0.038126 	0.003721
-88.400000	-0.001444	-2.946667	2.945223	0.038107 	0.003723
-88.300000	-0.001513	-2.943333	2.941820	0.038086 	0.003725
-88.200000	-0.001582	-2.940000	2.938418	0.038065 	0.003727
-88.100000	-0.001652	-2.936667	2.935015	0.038044 	0.003729
-88.000000	-0.001721	-2.933333	2.931612	0.038021 	0.003731
-87.900000	-0.001791	-2.930000	2.928209	0.037997 	0.003733
-87.800000	-0.001860	-2.926667	2.924807	0.037972 	0.003736
-87.700000	-0.001929	-2.923333	2.921404	0.037946 	0.003738
-87.600000	-0.001999	-2.920000	2.918001	0.037920 	0.003740
-87.500000	-0.002068	-2.916667	2.914599	0.037892 	0.003742
-87.400000	-0.002138	-2.913333	2.911195	0.037864 	0.003744
-87.300000	-0.002208	-2.910000	2.907792	0.037834 	0.003747
-87.200000	-0.002277	-2.906667	2.904390	0.037804 	0.003749
-87.100000	-0.002347	-2.903333	2.900986	0.037772 	0.003751
-87.000000	-0.002416	-2.900000	2.897584	0.037740 	0.003753
-86.900000	-0.002486	-2.896667	2.894181	0.037707 	0.003755
-86.800000	-0.002556	-2.893333	2.890777	0.037672 	0.003758
-86.700000	-0.002625	-2.890000	2.887375	0.037637 	0.003760
-86.600000	-0.002695	-2.886667	2.883972	0.037601 	0.003762
-86.500000	-0.002765	-2.883333	2.880568	0.037564 	0.003764
-86.400000	-0.002834	-2.880000	2.877166	0.037526 	0.003766
-86.300000	-0.002904	-2.876667	2.873763	0.037487 	0.003769
-86.200000	-0.002974	-2.873333	2.870359	0.037446 	0.003771
-86.100000	-0.003043	-2.870000	2.866957	0.037405 	0.003773
-86.000000	-0.003113	-2.866667	2.863554	0.037363 	0.003775
-85.900000	-0.003183	-2.863333	2.860150	0.037321 	0.003778
-85.800000	-0.003253	-2.860000	2.856747	0.037277 	0.003780
-85.700000	-0.003322	-2.856667	2.853345	0.037232 	0.003782
-85.600000	-0.003392	-2.853333	2.849941	0.037186 	0.003784
-85.500000	-0.003462	-2.850000	2.846538	0.037139 	0.003787
-85.400000	-0.003532	-2.846667	2.843135	0.037091 	0.003789
-85.300000	-0.003601	-2.843333	2.839732	0.037042 	0.003791
-85.200000	-0.003671	-2.840000	2.836329	0.036993 	0.003793
-85.100000	-0.003741	-2.836667	2.832926	0.036942 	0.003796
-85.000000	-0.003811	-2.833333	2.829522	0.036890 	0.003798
-84.900000	-0.003880	-2.830000	2.826120	0.036838 	0.003800
-84.800000	-0.003950	-2.826667	2.822717	0.036784 	0.003803
-84.700000	-0.004020	-2.823333	2.819313	0.036729 	0.003805
-84.600000	-0.004089	-2.820000	2.815911	0.036673 	0.003807
-84.500000	-0.004159	-2.816667	2.812508	0.036617 	0.003810
-84.400000	-0.004229	-2.813333	2.809104	0.036559 	0.003812
-84.300000	-0.004299	-2.810000	2.805701	0.036500 	0.003814
-84.200000	-0.004368	-2.806667	2.802299	0.036441 	0.003816
-84.100000	-0.004438	-2.803333	2.798895	0.036380 	0.003819
-84.000000	-0.004507	-2.800000	2.795493	0.036318 	0.003821
-83.900000	-0.004577	-2.796667	2.792090	0.036256 	0.003823
-83.800000	-0.004647	-2.793333	2.788686	0.036192 	0.003826
-83.700000	-0.004716	-2.790000	2.785284	0.036127 	0.003828
-83.600000	-0.004786	-2.786667	2.781881	0.036062 	0.003830
-83.500000	-0.004855	-2.783333	2.778478	0.035995 	0.003833
-83.400000	-0.004925	-2.780000	2.775075	0.035927 	0.003835
-83.300000	-0.004994	-2.776667	2.771673	0.035859 	0.003837
-83.200000	-0.005064	-2.773333	2.768269	0.035789 	0.003840
-83.100000	-0.005133	-2.770000	2.764867	0.035718 	0.003842
-83.000000	-0.005202	-2.766667	2.761465	0.035647 	0.003845
-82.900000	-0.005272	-2.763333	2.758061	0.035574 	0.003847
-82.800000	-0.005341	-2.760000	2.754659	0.035500 	0.003849
-82.700000	-0.005410	-2.756667	2.751257	0.035426 	0.003852
-82.600000	-0.005479	-2.753333	2.747854	0.035350 	0.003854
-82.500000	-0.005549	-2.750000	2.744451	0.035273 	0.003856
-82.400000	-0.005618	-2.746667	2.741049	0.035195 	0.003859
-82.300000	-0.005687	-2.743333	2.737646	0.035116 	0.003861
-82.200000	-0.005756	-2.740000	2.734244	0.035037 	0.003864
-82.100000	-0.005825	-2.736667	2.730842	0.034956 	0.003866
-82.000000	-0.005894	-2.733333	2.727439	0.034874 	0.003868
-81.900000	-0.005963	-2.730000	2.724037	0.034791 	0.003871
-81.800000	-0.006032	-2.726667	2.720635	0.034707 	0.003873
-81.700000	-0.006101	-2.723333	2.717232	0.034622 	0.003876
-81.600000	-0.006169	-2.720000	2.713831	0.034536 	0.003878
-81.500000	-0.006238	-2.716667	2.710429	0.034449 	0.003881
-81.400000	-0.006307	-2.713333	2.707026	0.034361 	0.003883
-81.300000	-0.006375	-2.710000	2.703625	0.034272 	0.003885
-81.200000	-0.006444	-2.706667	2.700223	0.034182 	0.003888
-81.100000	-0.006512	-2.703333	2.696821	0.034091 	0.003890
-81.000000	-0.006581	-2.700000	2.693419	0.033998 	0.003893
-80.900000	-0.006649	-2.696667	2.690018	0.033905 	0.003895
-80.800000	-0.006717	-2.693333	2.686616	0.033811 	0.003898
-80.700000	-0.006785	-2.690000	2.683215	0.033716 	0.003900
-80.600000	-0.006854	-2.686667	2.679813	0.033619 	0.003903
-80.500000	-0.006922	-2.683333	2.676411	0.033522 	0.003905
-80.400000	-0.006990	-2.680000	2.673010	0.033424 	0.003908
-80.300000	-0.007057	-2.676667	2.669610	0.033324 	0.003910
-80.200000	-0.007125	-2.673333	2.666208	0.033224 	0.003913
-80.100000	-0.007193	-2.670000	2.662807	0.033122 	0.003915
-80.000000	-0.007261	-2.666667	2.659406	0.033020 	0.003918
-79.900000	-0.007328	-2.663333	2.656005	0.032916 	0.003920
-79.800000	-0.007396	-2.660000	2.652604	0.032811 	0.003923
-79.700000	-0.007463	-2.656667	2.649204	0.032705 	0.003925
-79.600000	-0.007530	-2.653333	2.645803	0.032599 	0.003928
-79.500000	-0.007598	-2.650000	2.642402	0.032491 	0.003930
-79.400000	-0.007665	-2.646667	2.639002	0.032382 	0.003933
-79.300000	-0.007732	-2.643333	2.635601	0.032272 	0.003935
-79.200000	-0.007798	-2.640000	2.632202	0.032161 	0.003938
-79.100000	-0.007865	-2.636667	2.628802	0.032049 	0.003940
-79.000000	-0.007932	-2.633333	2.625401	0.031936 	0.003943
-78.900000	-0.007999	-2.630000	2.622001	0.031821 	0.003945
-78.800000	-0.008065	-2.626667	2.618602	0.031706 	0.003948
-78.700000	-0.008131	-2.623333	2.615202	0.031590 	0.003951
-78.600000	-0.008198	-2.620000	2.611802	0.031472 	0.003953
-78.500000	-0.008264	-2.616667	2.608403	0.031354 	0.003956
-78.400000	-0.008330	-2.613333	2.605003	0.031234 	0.003958
-78.300000	-0.008396	-2.610000	2.601604	0.031114 	0.003961
-78.200000	-0.008461	-2.606667	2.598206	0.030992 	0.003964
-78.100000	-0.008527	-2.603333	2.594806	0.030869 	0.003966
-78.000000	-0.008593	-2.600000	2.591407	0.030746 	0.003969
-77.900000	-0.008658	-2.596667	2.588009	0.030621 	0.003971
-77.800000	-0.008723	-2.593333	2.584610	0.030495 	0.003974
-77.700000	-0.008788	-2.590000	2.581212	0.030368 	0.003977
-77.600000	-0.008853	-2.586667	2.577814	0.030240 	0.003979
-77.500000	-0.008918	-2.583333	2.574415	0.030110 	0.003982
-77.400000	-0.008983	-2.580000	2.571017	0.029980 	0.003984
-77.300000	-0.009047	-2.576667	2.567620	0.029849 	0.003987
-77.200000	-0.009112	-2.573333	2.564221	0.029717 	0.003990
-77.100000	-0.009176	-2.570000	2.560824	0.029583 	0.003992
-77.000000	-0.009240	-2.566667	2.557427	0.029448 	0.003995
-76.900000	-0.009304	-2.563333	2.554029	0.029313 	0.003998
-76.800000	-0.009368	-2.560000	2.550632	0.029176 	0.004000
-76.700000	-0.009431	-2.556667	2.547236	0.029038 	0.004003
-76.600000	-0.009495	-2.553333	2.543838	0.028899 	0.004006
-76.500000	-0.009558	-2.550000	2.540442	0.028759 	0.004008
-76.400000	-0.009621	-2.546667	2.537046	0.028618 	0.004011
-76.300000	-0.009684	-2.543333	2.533649	0.028476 	0.004014
-76.200000	-0.009747	-2.540000	2.530253	0.028333 	0.004016
-76.100000	-0.009810	-2.536667	2.526857	0.028189 	0.004019
-76.000000	-0.009872	-2.533333	2.523461	0.028043 	0.004022
-75.900000	-0.009934	-2.530000	2.520066	0.027897 	0.004024
-75.800000	-0.009996	-2.526667	2.516671	0.027749 	0.004027
-75.700000	-0.010058	-2.523333	2.513275	0.027600 	0.004030
-75.600000	-0.010120	-2.520000	2.509880	0.027451 	0.004033
-75.500000	-0.010181	-2.516667	2.506486	0.027300 	0.004035
-75.400000	-0.010243	-2.513333	2.503090	0.027148 	0.004038
-75.300000	-0.010304	-2.510000	2.499696	0.026995 	0.004041
-75.200000	-0.010365	-2.506667	2.496302	0.026841 	0.004044
-75.100000	-0.010425	-2.503333	2.492908	0.026685 	0.004046
-75.000000	-0.010486	-2.500000	2.489514	0.026529 	0.004049
-74.900000	-0.010546	-2.496667	2.486121	0.026372 	0.004052
-74.800000	-0.010606	-2.493333	2.482727	0.026213 	0.004055
-74.700000	-0.010666	-2.490000	2.479334	0.026053 	0.004057
-74.600000	-0.010726	-2.486667	2.475941	0.025893 	0.004060
-74.500000	-0.010785	-2.483333	2.472548	0.025731 	0.004063
-74.400000	-0.010844	-2.480000	2.469156	0.025568 	0.004066
-74.300000	-0.010903	-2.476667	2.465764	0.025404 	0.004069
-74.200000	-0.010962	-2.473333	2.462371	0.025239 	0.004071
-74.100000	-0.011020	-2.470000	2.458980	0.025072 	0.004074
-74.000000	-0.011079	-2.466667	2.455588	0.024905 	0.004077
-73.900000	-0.011137	-2.463333	2.452196	0.024736 	0.004080
-73.800000	-0.011194	-2.460000	2.448806	0.024567 	0.004083
-73.700000	-0.011252	-2.456667	2.445415	0.024396 	0.004085
-73.600000	-0.011309	-2.453333	2.442024	0.024224 	0.004088
-73.500000	-0.011366	-2.450000	2.438634	0.024051 	0.004091
-73.400000	-0.011423	-2.446667	2.435244	0.023877 	0.004094
-73.300000	-0.011479	-2.443333	2.431854	0.023702 	0.004097
-73.200000	-0.011535	-2.440000	2.428465	0.023526 	0.004100
-73.100000	-0.011591	-2.436667	2.425076	0.023348 	0.004103
-73.000000	-0.011647	-2.433333	2.421686	0.023170 	0.004105
-72.900000	-0.011702	-2.430000	2.418298	0.022990 	0.004108
-72.800000	-0.011757	-2.426667	2.414910	0.022809 	0.004111
-72.700000	-0.011812	-2.423333	2.411521	0.022628 	0.004114
-72.600000	-0.011867	-2.420000	2.408133	0.022445 	0.004117
-72.500000	-0.011921	-2.416667	2.404746	0.022260 	0.004120
-72.400000	-0.011975	-2.413333	2.401358	0.022075 	0.004123
-72.300000	-0.012029	-2.410000	2.397971	0.021889 	0.004126
-72.200000	-0.012082	-2.406667	2.394585	0.021701 	0.004129
-72.100000	-0.012135	-2.403333	2.391198	0.021512 	0.004132
-72.000000	-0.012188	-2.400000	2.387812	0.021323 	0.004134
-71.900000	-0.012240	-2.396667	2.384427	0.021132 	0.004137
-71.800000	-0.012292	-2.393333	2.381041	0.020940 	0.004140
-71.700000	-0.012344	-2.390000	2.377656	0.020746 	0.004143
-71.600000	-0.012395	-2.386667	2.374272	0.020552 	0.004146
-71.500000	-0.012447	-2.383333	2.370886	0.020356 	0.004149
-71.400000	-0.012497	-2.380000	2.367503	0.020160 	0.004152
-71.300000	-0.012548	-2.376667	2.364119	0.019962 	0.004155
-71.200000	-0.012598	-2.373333	2.360735	0.019763 	0.004158
-71.100000	-0.012648	-2.370000	2.357352	0.019563 	0.004161
-71.000000	-0.012697	-2.366667	2.353970	0.019361 	0.004164
-70.900000	-0.012746	-2.363333	2.350587	0.019159 	0.004167
-70.800000	-0.012795	-2.360000	2.347205	0.018955 	0.004170
-70.700000	-0.012843	-2.356667	2.343824	0.018750 	0.004173
-70.600000	-0.012891	-2.353333	2.340442	0.018544 	0.004176
-70.500000	-0.012938	-2.350000	2.337062	0.018337 	0.004179
-70.400000	-0.012985	-2.346667	2.333682	0.018129 	0.004182
-70.300000	-0.013032	-2.343333	2.330301	0.017919 	0.004185
-70.200000	-0.013078	-2.340000	2.326922	0.017709 	0.004188
-70.100000	-0.013124	-2.336667	2.323543	0.017497 	0.004191
-70.000000	-0.013170	-2.333333	2.320163	0.017283 	0.004194
-69.900000	-0.013215	-2.330000	2.316785	0.017069 	0.004197
-69.800000	-0.013259	-2.326667	2.313408	0.016853 	0.004200
-69.700000	-0.013304	-2.323333	2.310029	0.016637 	0.004203
-69.600000	-0.013347	-2.320000	2.306653	0.016419 	0.004207
-69.500000	-0.013391	-2.316667	2.303276	0.016199 	0.004210
-69.400000	-0.013434	-2.313333	2.299899	0.015979 	0.004213
-69.300000	-0.013476	-2.310000	2.296524	0.015757 	0.004216
-69.200000	-0.013518	-2.306667	2.293149	0.015534 	0.004219
-69.100000	-0.013560	-2.303333	2.289773	0.015310 	0.004222
-69.000000	-0.013601	-2.300000	2.286399	0.015085 	0.004225
-68.900000	-0.013641	-2.296667	2.283026	0.014858 	0.004228
-68.800000	-0.013681	-2.293333	2.279652	0.014630 	0.004231
-68.700000	-0.013721	-2.290000	2.276279	0.014401 	0.004235
-68.600000	-0.013760	-2.286667	2.272907	0.014170 	0.004238
-68.500000	-0.013799	-2.283333	2.269534	0.013938 	0.004241
-68.400000	-0.013837	-2.280000	2.266163	0.013705 	0.004244
-68.300000	-0.013874	-2.276667	2.262793	0.013471 	0.004247
-68.200000	-0.013911	-2.273333	2.259422	0.013235 	0.004250
-68.100000	-0.013948	-2.270000	2.256052	0.012998 	0.004253
-68.000000	-0.013984	-2.266667	2.252683	0.012760 	0.004257
-67.900000	-0.014019	-2.263333	2.249314	0.012520 	0.004260
-67.800000	-0.014054	-2.260000	2.245946	0.012279 	0.004263
-67.700000	-0.014089	-2.256667	2.242578	0.012037 	0.004266
-67.600000	-0.014122	-2.253333	2.239211	0.011793 	0.004269
-67.500000	-0.014156	-2.250000	2.235844	0.011548 	0.004273
-67.400000	-0.014188	-2.246667	2.232479	0.011302 	0.004276
-67.300000	-0.014220	-2.243333	2.229113	0.011054 	0.004279
-67.200000	-0.014252	-2.240000	2.225748	0.010805 	0.004282
-67.100000	-0.014283	-2.236667	2.222384	0.010555 	0.004286
-67.000000	-0.014313	-2.233333	2.219020	0.010303 	0.004289
-66.900000	-0.014343	-2.230000	2.215657	0.010050 	0.004292
-66.800000	-0.014372	-2.226667	2.212295	0.009796 	0.004295
-66.700000	-0.014400	-2.223333	2.208933	0.009540 	0.004299
-66.600000	-0.014428	-2.220000	2.205572	0.009283 	0.004302
-66.500000	-0.014455	-2.216667	2.202212	0.009024 	0.004305
-66.400000	-0.014482	-2.213333	2.198851	0.008764 	0.004308
-66.300000	-0.014508	-2.210000	2.195492	0.008503 	0.004312
-66.200000	-0.014533	-2.206667	2.192134	0.008240 	0.004315
-66.100000	-0.014558	-2.203333	2.188775	0.007976 	0.004318
-66.000000	-0.014582	-2.200000	2.185418	0.007711 	0.004322
-65.900000	-0.014605	-2.196667	2.182062	0.007444 	0.004325
-65.800000	-0.014628	-2.193333	2.178705	0.007176 	0.004328
-65.700000	-0.014650	-2.190000	2.175350	0.006906 	0.004332
-65.600000	-0.014672	-2.186667	2.171995	0.006635 	0.004335
-65.500000	-0.014692	-2.183333	2.168641	0.006363 	0.004338
-65.400000	-0.014712	-2.180000	2.165288	0.006090 	0.004342
-65.300000	-0.014732	-2.176667	2.161935	0.005815 	0.004345
-65.200000	-0.014751	-2.173333	2.158582	0.005538 	0.004348
-65.100000	-0.014769	-2.170000	2.155231	0.005261 	0.004352
-65.000000	-0.014786	-2.166667	2.151881	0.004982 	0.004355
-64.900000	-0.014803	-2.163333	2.148530	0.004702 	0.004359
-64.800000	-0.014820	-2.160000	2.145180	0.004420 	0.004362
-64.700000	-0.014835	-2.156667	2.141832	0.004137 	0.004365
-64.600000	-0.014850	-2.153333	2.138483	0.003853 	0.004369
-64.500000	-0.014864	-2.150000	2.135136	0.003568 	0.004372
-64.400000	-0.014878	-2.146667	2.131789	0.003281 	0.004376
-64.300000	-0.014891	-2.143333	2.128442	0.002994 	0.004379
-64.200000	-0.014903	-2.140000	2.125097	0.002704 	0.004383
-64.100000	-0.014915	-2.136667	2.121752	0.002414 	0.004386
-64.000000	-0.014926	-2.133333	2.118407	0.002123 	0.004389
-63.900000	-0.014936	-2.130000	2.115064	0.001830 	0.004393
-63.800000	-0.014946	-2.126667	2.111721	0.001536 	0.004396
-63.700000	-0.014955	-2.123333	2.108378	0.001241 	0.004400
-63.600000	-0.014963	-2.120000	2.105037	0.000945 	0.004403
-63.500000	-0.014971	-2.116667	2.101696	0.000648 	0.004407
-63.400000	-0.014978	-2.113333	2.098355	0.000349 	0.004410
-63.300000	-0.014984	-2.110000	2.095016	0.000050 	0.004414
-63.200000	-0.014990	-2.106667	2.091677	-0.000251 	0.004417
-63.100000	-0.014996	-2.103333	2.088337	-0.000552 	0.004421
-63.000000	-0.015000	-2.100000	2.085000	-0.000855 	0.004424
-62.900000	-0.015004	-2.096667	2.081663	-0.001159 	0.004428
-62.800000	-0.015008	-2.093333	2.078325	-0.001463 	0.004432
-62.700000	-0.015011	-2.090000	2.074989	-0.001769 	0.004435
-62.600000	-0.015013	-2.086667	2.071654	-0.002075 	0.004439
-62.500000	-0.015014	-2.083333	2.068319	-0.002383 	0.004442
-62.400000	-0.015015	-2.080000	2.064985	-0.002691 	0.004446
-62.300000	-0.015016	-2.076667	2.061651	-0.003001 	0.004449
-62.200000	-0.015016	-2.073333	2.058317	-0.003311 	0.004453
-62.100000	-0.015015	-2.070000	2.054985	-0.003622 	0.004457
-62.000000	-0.015014	-2.066667	2.051653	-0.003934 	0.004460
-61.900000	-0.015012	-2.063333	2.048321	-0.004247 	0.004464
-61.800000	-0.015009	-2.060000	2.044991	-0.004561 	0.004468
-61.700000	-0.015006	-2.056667	2.041661	-0.004875 	0.004471
-61.600000	-0.015002	-2.053333	2.038331	-0.005191 	0.004475
-61.500000	-0.014998	-2.050000	2.035002	-0.005507 	0.004479
-61.400000	-0.014993	-2.046667	2.031674	-0.005824 	0.004482
-61.300000	-0.014988	-2.043333	2.028345	-0.006142 	0.004486
-61.200000	-0.014982	-2.040000	2.025018	-0.006460 	0.004490
-61.100000	-0.014975	-2.036667	2.021692	-0.006779 	0.004493
-61.000000	-0.014968	-2.033333	2.018365	-0.007099 	0.004497
-60.900000	-0.014961	-2.030000	2.015039	-0.007420 	0.004501
-60.800000	-0.014952	-2.026667	2.011715	-0.007741 	0.004504
-60.700000	-0.014943	-2.023333	2.008390	-0.008063 	0.004508
-60.600000	-0.014934	-2.020000	2.005066	-0.008386 	0.004512
-60.500000	-0.014924	-2.016667	2.001743	-0.008710 	0.004516
-60.400000	-0.014913	-2.013333	1.998420	-0.009034 	0.004519
-60.300000	-0.014902	-2.010000	1.995098	-0.009359 	0.004523
-60.200000	-0.014890	-2.006667	1.991777	-0.009684 	0.004527
-60.100000	-0.014878	-2.003333	1.988455	-0.010010 	0.004531
-60.000000	-0.014865	-2.000000	1.985135	-0.010337 	0.004534
-59.900000	-0.014851	-1.996667	1.981816	-0.010664 	0.004538
-59.800000	-0.014837	-1.993333	1.978496	-0.010992 	0.004542
-59.700000	-0.014822	-1.990000	1.975178	-0.011321 	0.004546
-59.600000	-0.014807	-1.986667	1.971860	-0.011650 	0.004550
-59.500000	-0.014791	-1.983333	1.968542	-0.011980 	0.004553
-59.400000	-0.014775	-1.980000	1.965225	-0.012311 	0.004557
-59.300000	-0.014757	-1.976667	1.961910	-0.012642 	0.004561
-59.200000	-0.014740	-1.973333	1.958593	-0.012973 	0.004565
-59.100000	-0.014721	-1.970000	1.955279	-0.013305 	0.004569
-59.000000	-0.014702	-1.966667	1.951965	-0.013638 	0.004573
-58.900000	-0.014683	-1.963333	1.948650	-0.013971 	0.004577
-58.800000	-0.014663	-1.960000	1.945337	-0.014305 	0.004581
-58.700000	-0.014642	-1.956667	1.942025	-0.014639 	0.004584
-58.600000	-0.014620	-1.953333	1.938713	-0.014974 	0.004588
-58.500000	-0.014598	-1.950000	1.935402	-0.015309 	0.004592
-58.400000	-0.014576	-1.946667	1.932091	-0.015645 	0.004596
-58.300000	-0.014553	-1.943333	1.928780	-0.015981 	0.004600
-58.200000	-0.014529	-1.940000	1.925471	-0.016318 	0.004604
-58.100000	-0.014504	-1.936667	1.922163	-0.016655 	0.004608
-58.000000	-0.014479	-1.933333	1.918854	-0.016993 	0.004612
-57.900000	-0.014454	-1.930000	1.915546	-0.017330 	0.004616
-57.800000	-0.014427	-1.926667	1.912240	-0.017669 	0.004620
-57.700000	-0.014401	-1.923333	1.908932	-0.018008 	0.004624
-57.600000	-0.014373	-1.920000	1.905627	-0.018347 	0.004628
-57.500000	-0.014345	-1.916667	1.902322	-0.018686 	0.004632
-57.400000	-0.014317	-1.913333	1.899016	-0.019026 	0.004636
-57.300000	-0.014287	-1.910000	1.895713	-0.019366 	0.004640
-57.200000	-0.014258	-1.906667	1.892409	-0.019706 	0.004644
-57.100000	-0.014227	-1.903333	1.889106	-0.020047 	0.004648
-57.000000	-0.014196	-1.900000	1.885804	-0.020387 	0.004652
-56.900000	-0.014165	-1.896667	1.882502	-0.020728 	0.004656
-56.800000	-0.014133	-1.893333	1.879200	-0.021070 	0.004660
-56.700000	-0.014100	-1.890000	1.875900	-0.021411 	0.004665
-56.600000	-0.014067	-1.886667	1.872600	-0.021753 	0.004669
-56.500000	-0.014033	-1.883333	1.869300	-0.022095 	0.004673
-56.400000	-0.013998	-1.880000	1.866002	-0.022437 	0.004677
-56.300000	-0.013963	-1.876667	1.862704	-0.022779 	0.004681
-56.200000	-0.013928	-1.873333	1.859405	-0.023121 	0.004685
-56.100000	-0.013892	-1.870000	1.856108	-0.023463 	0.004689
-56.000000	-0.013855	-1.866667	1.852812	-0.023805 	0.004694
-55.900000	-0.013818	-1.863333	1.849515	-0.024148 	0.004698
-55.800000	-0.013780	-1.860000	1.846220	-0.024490 	0.004702
-55.700000	-0.013741	-1.856667	1.842926	-0.024832 	0.004706
-55.600000	-0.013703	-1.853333	1.839630	-0.025175 	0.004710
-55.500000	-0.013663	-1.850000	1.836337	-0.025517 	0.004715
-55.400000	-0.013623	-1.846667	1.833044	-0.025859 	0.004719
-55.300000	-0.013582	-1.843333	1.829751	-0.026201 	0.004723
-55.200000	-0.013541	-1.840000	1.826459	-0.026544 	0.004727
-55.100000	-0.013500	-1.836667	1.823167	-0.026886 	0.004732
-55.000000	-0.013457	-1.833333	1.819876	-0.027228 	0.004736
-54.900000	-0.013415	-1.830000	1.816585	-0.027569 	0.004740
-54.800000	-0.013371	-1.826667	1.813296	-0.027911 	0.004744
-54.700000	-0.013328	-1.823333	1.810005	-0.028253 	0.004749
-54.600000	-0.013283	-1.820000	1.806717	-0.028594 	0.004753
-54.500000	-0.013238	-1.816667	1.803429	-0.028935 	0.004757
-54.400000	-0.013193	-1.813333	1.800140	-0.029276 	0.004762
-54.300000	-0.013147	-1.810000	1.796853	-0.029617 	0.004766
-54.200000	-0.013100	-1.806667	1.793567	-0.029958 	0.004770
-54.100000	-0.013053	-1.803333	1.790280	-0.030298 	0.004775
-54.000000	-0.013005	-1.800000	1.786995	-0.030638 	0.004779
-53.900000	-0.012957	-1.796667	1.783710	-0.030978 	0.004784
-53.800000	-0.012908	-1.793333	1.780425	-0.031318 	0.004788
-53.700000	-0.012858	-1.790000	1.777142	-0.031657 	0.004792
-53.600000	-0.012809	-1.786667	1.773858	-0.031996 	0.004797
-53.500000	-0.012758	-1.783333	1.770575	-0.032335 	0.004801
-53.400000	-0.012707	-1.780000	1.767293	-0.032673 	0.004806
-53.300000	-0.012655	-1.776667	1.764012	-0.033011 	0.004810
-53.200000	-0.012603	-1.773333	1.760730	-0.033349 	0.004815
-53.100000	-0.012550	-1.770000	1.757450	-0.033687 	0.004819
-53.000000	-0.012497	-1.766667	1.754170	-0.034024 	0.004824
-52.900000	-0.012443	-1.763333	1.750890	-0.034361 	0.004828
-52.800000	-0.012388	-1.760000	1.747612	-0.034697 	0.004833
-52.700000	-0.012333	-1.756667	1.744334	-0.035033 	0.004837
-52.600000	-0.012278	-1.753333	1.741055	-0.035369 	0.004842
-52.500000	-0.012222	-1.750000	1.737778	-0.035704 	0.004846
-52.400000	-0.012165	-1.746667	1.734502	-0.036039 	0.004851
-52.300000	-0.012107	-1.743333	1.731226	-0.036373 	0.004856
-52.200000	-0.012049	-1.740000	1.727951	-0.036707 	0.004860
-52.100000	-0.011991	-1.736667	1.724676	-0.037041 	0.004865
-52.000000	-0.011932	-1.733333	1.721401	-0.037374 	0.004869
-51.900000	-0.011872	-1.730000	1.718128	-0.037707 	0.004874
-51.800000	-0.011812	-1.726667	1.714855	-0.038039 	0.004879
-51.700000	-0.011751	-1.723333	1.711582	-0.038371 	0.004883
-51.600000	-0.011689	-1.720000	1.708311	-0.038702 	0.004888
-51.500000	-0.011627	-1.716667	1.705040	-0.039033 	0.004893
-51.400000	-0.011564	-1.713333	1.701769	-0.039363 	0.004897
-51.300000	-0.011501	-1.710000	1.698499	-0.039693 	0.004902
-51.200000	-0.011437	-1.706667	1.695230	-0.040022 	0.004907
-51.100000	-0.011373	-1.703333	1.691960	-0.040350 	0.004912
-51.000000	-0.011308	-1.700000	1.688692	-0.040678 	0.004916
-50.900000	-0.011242	-1.696667	1.685425	-0.041006 	0.004921
-50.800000	-0.011176	-1.693333	1.682157	-0.041333 	0.004926
-50.700000	-0.011109	-1.690000	1.678891	-0.041659 	0.004931
-50.600000	-0.011042	-1.686667	1.675625	-0.041984 	0.004935
-50.500000	-0.010973	-1.683333	1.672360	-0.042309 	0.004940
-50.400000	-0.010905	-1.680000	1.669095	-0.042634 	0.004945
-50.300000	-0.010836	-1.676667	1.665831	-0.042957 	0.004950
-50.200000	-0.010766	-1.673333	1.662567	-0.043281 	0.004955
-50.100000	-0.010695	-1.670000	1.659305	-0.043603 	0.004960
-50.000000	-0.010624	-1.666667	1.656043	-0.043925 	0.004965
-49.900000	-0.010553	-1.663333	1.652780	-0.044245 	0.004969
-49.800000	-0.010480	-1.660000	1.649520	-0.044566 	0.004974
-49.700000	-0.010407	-1.656667	1.646260	-0.044885 	0.004979
-49.600000	-0.010334	-1.653333	1.642999	-0.045204 	0.004984
-49.500000	-0.010260	-1.650000	1.639740	-0.045522 	0.004989
-49.400000	-0.010185	-1.646667	1.636482	-0.045839 	0.004994
-49.300000	-0.010110	-1.643333	1.633223	-0.046155 	0.004999
-49.200000	-0.010034	-1.640000	1.629966	-0.046471 	0.005004
-49.100000	-0.009958	-1.636667	1.626709	-0.046786 	0.005009
-49.000000	-0.009881	-1.633333	1.623452	-0.047100 	0.005014
-48.900000	-0.009803	-1.630000	1.620197	-0.047413 	0.005019
-48.800000	-0.009725	-1.626667	1.616942	-0.047725 	0.005024
-48.700000	-0.009646	-1.623333	1.613687	-0.048036 	0.005029
-48.600000	-0.009566	-1.620000	1.610434	-0.048347 	0.005034
-48.500000	-0.009486	-1.616667	1.607181	-0.048656 	0.005039
-48.400000	-0.009405	-1.613333	1.603928	-0.048965 	0.005045
-48.300000	-0.009324	-1.610000	1.600676	-0.049272 	0.005050
-48.200000	-0.009242	-1.606667	1.597425	-0.049579 	0.005055
-48.100000	-0.009160	-1.603333	1.594173	-0.049885 	0.005060
-48.000000	-0.009077	-1.600000	1.590923	-0.050190 	0.005065
-47.900000	-0.008993	-1.596667	1.587674	-0.050493 	0.005070
-47.800000	-0.008909	-1.593333	1.584424	-0.050796 	0.005076
-47.700000	-0.008824	-1.590000	1.581176	-0.051098 	0.005081
-47.600000	-0.008739	-1.586667	1.577928	-0.051398 	0.005086
-47.500000	-0.008653	-1.583333	1.574680	-0.051698 	0.005091
-47.400000	-0.008566	-1.580000	1.571434	-0.051997 	0.005096
-47.300000	-0.008479	-1.576667	1.568188	-0.052294 	0.005102
-47.200000	-0.008391	-1.573333	1.564942	-0.052590 	0.005107
-47.100000	-0.008303	-1.570000	1.561697	-0.052886 	0.005112
-47.000000	-0.008214	-1.566667	1.558453	-0.053180 	0.005118
-46.900000	-0.008124	-1.563333	1.555209	-0.053473 	0.005123
-46.800000	-0.008034	-1.560000	1.551966	-0.053764 	0.005128
-46.700000	-0.007943	-1.556667	1.548724	-0.054055 	0.005134
-46.600000	-0.007852	-1.553333	1.545481	-0.054344 	0.005139
-46.500000	-0.007760	-1.550000	1.542240	-0.054632 	0.005144
-46.400000	-0.007667	-1.546667	1.539000	-0.054919 	0.005150
-46.300000	-0.007574	-1.543333	1.535759	-0.055205 	0.005155
-46.200000	-0.007480	-1.540000	1.532520	-0.055489 	0.005161
-46.100000	-0.007386	-1.536667	1.529281	-0.055772 	0.005166
-46.000000	-0.007291	-1.533333	1.526042	-0.056054 	0.005172
-45.900000	-0.007196	-1.530000	1.522804	-0.056335 	0.005177
-45.800000	-0.007100	-1.526667	1.519567	-0.056614 	0.005183
-45.700000	-0.007003	-1.523333	1.516330	-0.056892 	0.005188
-45.600000	-0.006906	-1.520000	1.513094	-0.057168 	0.005194
-45.500000	-0.006809	-1.516667	1.509858	-0.057443 	0.005199
-45.400000	-0.006710	-1.513333	1.506623	-0.057717 	0.005205
-45.300000	-0.006611	-1.510000	1.503389	-0.057990 	0.005211
-45.200000	-0.006512	-1.506667	1.500155	-0.058260 	0.005216
-45.100000	-0.006412	-1.503333	1.496921	-0.058530 	0.005222
-45.000000	-0.006312	-1.500000	1.493688	-0.058798 	0.005227
-44.900000	-0.006210	-1.496667	1.490457	-0.059064 	0.005233
-44.800000	-0.006109	-1.493333	1.487224	-0.059330 	0.005239
-44.700000	-0.006006	-1.490000	1.483994	-0.059593 	0.005244
-44.600000	-0.005904	-1.486667	1.480763	-0.059855 	0.005250
-44.500000	-0.005800	-1.483333	1.477533	-0.060116 	0.005256
-44.400000	-0.005696	-1.480000	1.474304	-0.060374 	0.005262
-44.300000	-0.005592	-1.476667	1.471075	-0.060632 	0.005267
-44.200000	-0.005487	-1.473333	1.467846	-0.060888 	0.005273
-44.100000	-0.005381	-1.470000	1.464619	-0.061142 	0.005279
-44.000000	-0.005275	-1.466667	1.461392	-0.061394 	0.005285
-43.900000	-0.005169	-1.463333	1.458164	-0.061645 	0.005291
-43.800000	-0.005061	-1.460000	1.454939	-0.061894 	0.005297
-43.700000	-0.004954	-1.456667	1.451713	-0.062142 	0.005302
-43.600000	-0.004845	-1.453333	1.448488	-0.062388 	0.005308
-43.500000	-0.004736	-1.450000	1.445264	-0.062632 	0.005314
-43.400000	-0.004627	-1.446667	1.442040	-0.062874 	0.005320
-43.300000	-0.004517	-1.443333	1.438816	-0.063115 	0.005326
-43.200000	-0.004407	-1.440000	1.435593	-0.063354 	0.005332
-43.100000	-0.004296	-1.436667	1.432371	-0.063591 	0.005338
-43.000000	-0.004184	-1.433333	1.429149	-0.063827 	0.005344
-42.900000	-0.004072	-1.430000	1.425928	-0.064060 	0.005350
-42.800000	-0.003960	-1.426667	1.422707	-0.064292 	0.005356
-42.700000	-0.003846	-1.423333	1.419487	-0.064522 	0.005362
-42.600000	-0.003733	-1.420000	1.416267	-0.064750 	0.005368
-42.500000	-0.003619	-1.416667	1.413048	-0.064976 	0.005375
-42.400000	-0.003504	-1.413333	1.409829	-0.065200 	0.005381
-42.300000	-0.003389	-1.410000	1.406611	-0.065423 	0.005387
-42.200000	-0.003273	-1.406667	1.403394	-0.065643 	0.005393
-42.100000	-0.003157	-1.403333	1.400176	-0.065862 	0.005399
-42.000000	-0.003040	-1.400000	1.396960	-0.066078 	0.005405
-41.900000	-0.002923	-1.396667	1.393744	-0.066293 	0.005412
-41.800000	-0.002805	-1.393333	1.390528	-0.066505 	0.005418
-41.700000	-0.002687	-1.390000	1.387313	-0.066716 	0.005424
-41.600000	-0.002568	-1.386667	1.384099	-0.066924 	0.005430
-41.500000	-0.002449	-1.383333	1.380884	-0.067130 	0.005437
-41.400000	-0.002330	-1.380000	1.377670	-0.067335 	0.005443
-41.300000	-0.002209	-1.376667	1.374458	-0.067537 	0.005449
-41.200000	-0.002089	-1.373333	1.371244	-0.067737 	0.005456
-41.100000	-0.001968	-1.370000	1.368032	-0.067935 	0.005462
-41.000000	-0.001846	-1.366667	1.364821	-0.068131 	0.005469
-40.900000	-0.001724	-1.363333	1.361609	-0.068325 	0.005475
-40.800000	-0.001601	-1.360000	1.358399	-0.068516 	0.005482
-40.700000	-0.001478	-1.356667	1.355189	-0.068706 	0.005488
-40.600000	-0.001355	-1.353333	1.351978	-0.068893 	0.005495
-40.500000	-0.001231	-1.350000	1.348769	-0.069077 	0.005501
-40.400000	-0.001106	-1.346667	1.345561	-0.069260 	0.005508
-40.300000	-0.000982	-1.343333	1.342351	-0.069440 	0.005514
-40.200000	-0.000856	-1.340000	1.339144	-0.069618 	0.005521
-40.100000	-0.000730	-1.336667	1.335937	-0.069794 	0.005527
-40.000000	-0.000604	-1.333333	1.332729	-0.069967 	0.005534
-39.900000	-0.000477	-1.330000	1.329523	-0.070138 	0.005541
-39.800000	-0.000350	-1.326667	1.326317	-0.070307 	0.005547
-39.700000	-0.000223	-1.323333	1.323110	-0.070473 	0.005554
-39.600000	-0.000095	-1.320000	1.319905	-0.070637 	0.005561
-39.500000	0.000034	-1.316667	1.316701	-0.070799 	0.005568
-39.400000	0.000163	-1.313333	1.313496	-0.070958 	0.005574
-39.300000	0.000292	-1.310000	1.310292	-0.071114 	0.005581
-39.200000	0.000421	-1.306667	1.307088	-0.071268 	0.005588
-39.100000	0.000552	-1.303333	1.303885	-0.071420 	0.005595
-39.000000	0.000682	-1.300000	1.300682	-0.071568 	0.005602
-38.900000	0.000813	-1.296667	1.297480	-0.071715 	0.005609
-38.800000	0.000944	-1.293333	1.294277	-0.071859 	0.005616
-38.700000	0.001076	-1.290000	1.291076	-0.072000 	0.005623
-38.600000	0.001208	-1.286667	1.287875	-0.072139 	0.005630
-38.500000	0.001341	-1.283333	1.284674	-0.072275 	0.005637
-38.400000	0.001474	-1.280000	1.281474	-0.072408 	0.005644
-38.300000	0.001607	-1.276667	1.278274	-0.072539 	0.005651
-38.200000	0.001741	-1.273333	1.275074	-0.072667 	0.005658
-38.100000	0.001875	-1.270000	1.271875	-0.072792 	0.005665
-38.000000	0.002009	-1.266667	1.268676	-0.072914 	0.005672
-37.900000	0.002144	-1.263333	1.265477	-0.073034 	0.005679
-37.800000	0.002279	-1.260000	1.262279	-0.073151 	0.005686
-37.700000	0.002414	-1.256667	1.259081	-0.073265 	0.005694
-37.600000	0.002550	-1.253333	1.255883	-0.073377 	0.005701
-37.500000	0.002686	-1.250000	1.252686	-0.073485 	0.005708
-37.400000	0.002823	-1.246667	1.249490	-0.073591 	0.005715
-37.300000	0.002960	-1.243333	1.246293	-0.073694 	0.005723
-37.200000	0.003097	-1.240000	1.243097	-0.073794 	0.005730
-37.100000	0.003235	-1.236667	1.239902	-0.073891 	0.005738
-37.000000	0.003372	-1.233333	1.236705	-0.073985 	0.005745
-36.900000	0.003511	-1.230000	1.233511	-0.074076 	0.005752
-36.800000	0.003649	-1.226667	1.230316	-0.074164 	0.005760
-36.700000	0.003788	-1.223333	1.227121	-0.074249 	0.005767
-36.600000	0.003927	-1.220000	1.223927	-0.074331 	0.005775
-36.500000	0.004066	-1.216667	1.220733	-0.074410 	0.005782
-36.400000	0.004206	-1.213333	1.217539	-0.074486 	0.005790
-36.300000	0.004346	-1.210000	1.214346	-0.074559 	0.005798
-36.200000	0.004486	-1.206667	1.211153	-0.074628 	0.005805
-36.100000	0.004627	-1.203333	1.207960	-0.074695 	0.005813
-36.000000	0.004767	-1.200000	1.204767	-0.074758 	0.005821
-35.900000	0.004908	-1.196667	1.201575	-0.074818 	0.005828
-35.800000	0.005050	-1.193333	1.198383	-0.074875 	0.005836
-35.700000	0.005191	-1.190000	1.195191	-0.074929 	0.005844
-35.600000	0.005333	-1.186667	1.192000	-0.074979 	0.005852
-35.500000	0.005475	-1.183333	1.188808	-0.075027 	0.005860
-35.400000	0.005617	-1.180000	1.185617	-0.075070 	0.005867
-35.300000	0.005760	-1.176667	1.182427	-0.075111 	0.005875
-35.200000	0.005902	-1.173333	1.179235	-0.075148 	0.005883
-35.100000	0.006045	-1.170000	1.176045	-0.075182 	0.005891
-35.000000	0.006188	-1.166667	1.172855	-0.075212 	0.005899
-34.900000	0.006332	-1.163333	1.169665	-0.075239 	0.005907
-34.800000	0.006475	-1.160000	1.166475	-0.075262 	0.005915
-34.700000	0.006619	-1.156667	1.163286	-0.075282 	0.005923
-34.600000	0.006763	-1.153333	1.160096	-0.075298 	0.005932
-34.500000	0.006907	-1.150000	1.156907	-0.075311 	0.005940
-34.400000	0.007051	-1.146667	1.153718	-0.075321 	0.005948
-34.300000	0.007196	-1.143333	1.150529	-0.075326 	0.005956
-34.200000	0.007340	-1.140000	1.147340	-0.075328 	0.005964
-34.100000	0.007485	-1.136667	1.144152	-0.075327 	0.005973
-34.000000	0.007630	-1.133333	1.140963	-0.075322 	0.005981
-33.900000	0.007775	-1.130000	1.137775	-0.075313 	0.005989
-33.800000	0.007920	-1.126667	1.134587	-0.075300 	0.005998
-33.700000	0.008065	-1.123333	1.131398	-0.075284 	0.006006
-33.600000	0.008210	-1.120000	1.128210	-0.075264 	0.006015
-33.500000	0.008356	-1.116667	1.125023	-0.075240 	0.006023
-33.400000	0.008501	-1.113333	1.121834	-0.075212 	0.006032
-33.300000	0.008647	-1.110000	1.118647	-0.075180 	0.006040
-33.200000	0.008793	-1.106667	1.115460	-0.075145 	0.006049
-33.100000	0.008938	-1.103333	1.112271	-0.075105 	0.006058
-33.000000	0.009084	-1.100000	1.109084	-0.075062 	0.006066
-32.900000	0.009230	-1.096667	1.105897	-0.075015 	0.006075
-32.800000	0.009376	-1.093333	1.102709	-0.074964 	0.006084
-32.700000	0.009522	-1.090000	1.099522	-0.074908 	0.006093
-32.600000	0.009668	-1.086667	1.096335	-0.074849 	0.006102
-32.500000	0.009814	-1.083333	1.093147	-0.074785 	0.006111
-32.400000	0.009960	-1.080000	1.089960	-0.074718 	0.006119
-32.300000	0.010106	-1.076667	1.086773	-0.074646 	0.006128
-32.200000	0.010252	-1.073333	1.083585	-0.074570 	0.006137
-32.100000	0.010399	-1.070000	1.080399	-0.074490 	0.006146
-32.000000	0.010545	-1.066667	1.077212	-0.074406 	0.006156
-31.900000	0.010691	-1.063333	1.074024	-0.074317 	0.006165
-31.800000	0.010837	-1.060000	1.070837	-0.074224 	0.006174
-31.700000	0.010983	-1.056667	1.067650	-0.074127 	0.006183
-31.600000	0.011129	-1.053333	1.064462	-0.074025 	0.006192
-31.500000	0.011274	-1.050000	1.061274	-0.073919 	0.006202
-31.400000	0.011420	-1.046667	1.058087	-0.073809 	0.006211
-31.300000	0.011566	-1.043333	1.054899	-0.073694 	0.006220
-31.200000	0.011712	-1.040000	1.051712	-0.073575 	0.006230
-31.100000	0.011857	-1.036667	1.048524	-0.073451 	0.006239
-31.000000	0.012003	-1.033333	1.045336	-0.073322 	0.006249
-30.900000	0.012148	-1.030000	1.042148	-0.073189 	0.006258
-30.800000	0.012293	-1.026667	1.038960	-0.073051 	0.006268
-30.700000	0.012438	-1.023333	1.035771	-0.072909 	0.006277
-30.600000	0.012583	-1.020000	1.032583	-0.072762 	0.006287
-30.500000	0.012728	-1.016667	1.029395	-0.072610 	0.006297
-30.400000	0.012872	-1.013333	1.026205	-0.072453 	0.006307
-30.300000	0.013017	-1.010000	1.023017	-0.072292 	0.006316
-30.200000	0.013161	-1.006667	1.019828	-0.072126 	0.006326
-30.100000	0.013305	-1.003333	1.016638	-0.071955 	0.006336
-30.000000	0.013449	-1.000000	1.013449	-0.071779 	0.006346
-29.900000	0.013592	-0.996667	1.010259	-0.071598 	0.006356
-29.800000	0.013736	-0.993333	1.007069	-0.071412 	0.006366
-29.700000	0.013879	-0.990000	1.003879	-0.071221 	0.006376
-29.600000	0.014022	-0.986667	1.000689	-0.071025 	0.006387
-29.500000	0.014164	-0.983333	0.997498	-0.070823 	0.006397
-29.400000	0.014307	-0.980000	0.994307	-0.070617 	0.006407
-29.300000	0.014449	-0.976667	0.991115	-0.070406 	0.006417
-29.200000	0.014591	-0.973333	0.987924	-0.070189 	0.006428
-29.100000	0.014732	-0.970000	0.984732	-0.069967 	0.006438
-29.000000	0.014873	-0.966667	0.981540	-0.069740 	0.006449
-28.900000	0.015014	-0.963333	0.978347	-0.069507 	0.006459
-28.800000	0.015154	-0.960000	0.975154	-0.069269 	0.006470
-28.700000	0.015294	-0.956667	0.971961	-0.069026 	0.006480
-28.600000	0.015434	-0.953333	0.968767	-0.068777 	0.006491
-28.500000	0.015573	-0.950000	0.965573	-0.068523 	0.006502
-28.400000	0.015712	-0.946667	0.962379	-0.068263 	0.006512
-28.300000	0.015851	-0.943333	0.959184	-0.067998 	0.006523
-28.200000	0.015989	-0.940000	0.955989	-0.067727 	0.006534
-28.100000	0.016126	-0.936667	0.952793	-0.067450 	0.006545
-28.000000	0.016263	-0.933333	0.949597	-0.067167 	0.006556
-27.900000	0.016400	-0.930000	0.946400	-0.066879 	0.006567
-27.800000	0.016536	-0.926667	0.943203	-0.066585 	0.006578
-27.700000	0.016672	-0.923333	0.940005	-0.066285 	0.006589
-27.600000	0.016807	-0.920000	0.936807	-0.065979 	0.006601
-27.500000	0.016942	-0.916667	0.933609	-0.065667 	0.006612
-27.400000	0.017076	-0.913333	0.930409	-0.065349 	0.006623
-27.300000	0.017210	-0.910000	0.927210	-0.065026 	0.006635
-27.200000	0.017343	-0.906667	0.924009	-0.064696 	0.006646
-27.100000	0.017475	-0.903333	0.920808	-0.064359 	0.006658
-27.000000	0.017607	-0.900000	0.917607	-0.064017 	0.006669
-26.900000	0.017738	-0.896667	0.914405	-0.063668 	0.006681
-26.800000	0.017869	-0.893333	0.911202	-0.063313 	0.006693
-26.700000	0.017999	-0.890000	0.907999	-0.062952 	0.006705
-26.600000	0.018128	-0.886667	0.904795	-0.062584 	0.006716
-26.500000	0.018257	-0.883333	0.901590	-0.062209 	0.006728
-26.400000	0.018385	-0.880000	0.898385	-0.061828 	0.006740
-26.300000	0.018512	-0.876667	0.895179	-0.061441 	0.006752
-26.200000	0.018638	-0.873333	0.891972	-0.061046 	0.006765
-26.100000	0.018764	-0.870000	0.888764	-0.060645 	0.006777
-26.000000	0.018889	-0.866667	0.885556	-0.060237 	0.006789
-25.900000	0.019013	-0.863333	0.882347	-0.059822 	0.006801
-25.800000	0.019137	-0.860000	0.879137	-0.059401 	0.006814
-25.700000	0.019259	-0.856667	0.875926	-0.058972 	0.006826
-25.600000	0.019381	-0.853333	0.872714	-0.058536 	0.006839
-25.500000	0.019502	-0.850000	0.869502	-0.058093 	0.006851
-25.400000	0.019622	-0.846667	0.866289	-0.057643 	0.006864
-25.300000	0.019741	-0.843333	0.863074	-0.057185 	0.006877
-25.200000	0.019859	-0.840000	0.859859	-0.056720 	0.006890
-25.100000	0.019976	-0.836667	0.856643	-0.056247 	0.006903
-25.000000	0.020093	-0.833333	0.853426	-0.055767 	0.006916
-24.900000	0.020208	-0.830000	0.850208	-0.055280 	0.006929
-24.800000	0.020322	-0.826667	0.846989	-0.054784 	0.006942
-24.700000	0.020435	-0.823333	0.843769	-0.054281 	0.006955
-24.600000	0.020548	-0.820000	0.840548	-0.053770 	0.006968
-24.500000	0.020659	-0.816667	0.837325	-0.053251 	0.006982
-24.400000	0.020769	-0.813333	0.834102	-0.052723 	0.006995
-24.300000	0.020877	-0.810000	0.830877	-0.052188 	0.007009
-24.200000	0.020985	-0.806667	0.827652	-0.051644 	0.007023
-24.100000	0.021091	-0.803333	0.824425	-0.051092 	0.007036
-24.000000	0.021197	-0.800000	0.821197	-0.050532 	0.007050
-23.900000	0.021301	-0.796667	0.817967	-0.049963 	0.007064
-23.800000	0.021403	-0.793333	0.814737	-0.049385 	0.007078
-23.700000	0.021505	-0.790000	0.811505	-0.048799 	0.007092
-23.600000	0.021605	-0.786667	0.808272	-0.048203 	0.007106
-23.500000	0.021704	-0.783333	0.805037	-0.047599 	0.007120
-23.400000	0.021801	-0.780000	0.801801	-0.046985 	0.007135
-23.300000	0.021897	-0.776667	0.798564	-0.046363 	0.007149
-23.200000	0.021991	-0.773333	0.795325	-0.045731 	0.007164
-23.100000	0.022084	-0.770000	0.792084	-0.045089 	0.007178
-23.000000	0.022176	-0.766667	0.788842	-0.044438 	0.007193
-22.900000	0.022266	-0.763333	0.785599	-0.043777 	0.007208
-22.800000	0.022354	-0.760000	0.782354	-0.043107 	0.007223
-22.700000	0.022441	-0.756667	0.779108	-0.042426 	0.007238
-22.600000	0.022526	-0.753333	0.775859	-0.041736 	0.007253
-22.500000	0.022609	-0.750000	0.772609	-0.041035 	0.007268
-22.400000	0.022691	-0.746667	0.769358	-0.040324 	0.007284
-22.300000	0.022771	-0.743333	0.766105	-0.039602 	0.007299
-22.200000	0.022850	-0.740000	0.762850	-0.038870 	0.007315
-22.100000	0.022926	-0.736667	0.759593	-0.038127 	0.007330
-22.000000	0.023001	-0.733333	0.756334	-0.037373 	0.007346
-21.900000	0.023074	-0.730000	0.753074	-0.036608 	0.007362
-21.800000	0.023144	-0.726667	0.749811	-0.035833 	0.007378
-21.700000	0.023213	-0.723333	0.746547	-0.035045 	0.007394
-21.600000	0.023281	-0.720000	0.743281	-0.034247 	0.007410
-21.500000	0.023346	-0.716667	0.740012	-0.033437 	0.007427
-21.400000	0.023409	-0.713333	0.736742	-0.032615 	0.007443
-21.300000	0.023470	-0.710000	0.733470	-0.031782 	0.007460
-21.200000	0.023529	-0.706667	0.730195	-0.030936 	0.007476
-21.100000	0.023585	-0.703333	0.726919	-0.030079 	0.007493
-21.000000	0.023640	-0.700000	0.723640	-0.029209 	0.007510
-20.900000	0.023693	-0.696667	0.720359	-0.028327 	0.007527
-20.800000	0.023743	-0.693333	0.717076	-0.027433 	0.007545
-20.700000	0.023791	-0.690000	0.713791	-0.026525 	0.007562
-20.600000	0.023837	-0.686667	0.710504	-0.025606 	0.007579
-20.500000	0.023880	-0.683333	0.707214	-0.024673 	0.007597
-20.400000	0.023922	-0.680000	0.703922	-0.023727 	0.007615
-20.300000	0.023960	-0.676667	0.700627	-0.022767 	0.007633
-20.200000	0.023997	-0.673333	0.697330	-0.021795 	0.007651
-20.100000	0.024031	-0.670000	0.694031	-0.020809 	0.007669
-20.000000	0.024063	-0.666667	0.690729	-0.019809 	0.007687
-19.900000	0.024092	-0.663333	0.687425	-0.018796 	0.007706
-19.800000	0.024118	-0.660000	0.684118	-0.017768 	0.007724
-19.700000	0.024142	-0.656667	0.680809	-0.016727 	0.007743
-19.600000	0.024164	-0.653333	0.677497	-0.015671 	0.007762
-19.500000	0.024183	-0.650000	0.674183	-0.014601 	0.007781
-19.400000	0.024199	-0.646667	0.670866	-0.013517 	0.007800
-19.300000	0.024213	-0.643333	0.667546	-0.012417 	0.007819
-19.200000	0.024224	-0.640000	0.664224	-0.011303 	0.007839
-19.100000	0.024232	-0.636667	0.660899	-0.010174 	0.007859
-19.000000	0.024238	-0.633333	0.657571	-0.009030 	0.007879
-18.900000	0.024240	-0.630000	0.654240	-0.007870 	0.007899
-18.800000	0.024240	-0.626667	0.650907	-0.006695 	0.007919
-18.700000	0.024237	-0.623333	0.647571	-0.005505 	0.007939
-18.600000	0.024232	-0.620000	0.644232	-0.004298 	0.007960
-18.500000	0.024223	-0.616667	0.640890	-0.003076 	0.007980
-18.400000	0.024212	-0.613333	0.637545	-0.001837 	0.008001
-18.300000	0.024197	-0.610000	0.634197	-0.000583 	0.008022
-18.200000	0.024180	-0.606667	0.630847	0.000689 	0.008044
-18.100000	0.024160	-0.603333	0.627493	0.001976 	0.008065
-18.000000	0.024136	-0.600000	0.624136	0.003281 	0.008087
-17.900000	0.024110	-0.596667	0.620776	0.004602 	0.008109
-17.800000	0.024080	-0.593333	0.617413	0.005941 	0.008131
-17.700000	0.024047	-0.590000	0.614047	0.007297 	0.008153
-17.600000	0.024012	-0.586667	0.610678	0.008670 	0.008175
-17.500000	0.023973	-0.583333	0.607306	0.010062 	0.008198
-17.400000	0.023930	-0.580000	0.603930	0.011471 	0.008221
-17.300000	0.023885	-0.576667	0.600552	0.012898 	0.008244
-17.200000	0.023836	-0.573333	0.597169	0.014343 	0.008267
-17.100000	0.023784	-0.570000	0.593784	0.015807 	0.008291
-17.000000	0.023729	-0.566667	0.590396	0.017289 	0.008315
-16.900000	0.023670	-0.563333	0.587003	0.018790 	0.008339
-16.800000	0.023608	-0.560000	0.583608	0.020311 	0.008363
-16.700000	0.023542	-0.556667	0.580209	0.021850 	0.008387
-16.600000	0.023473	-0.553333	0.576807	0.023409 	0.008412
-16.500000	0.023401	-0.550000	0.573401	0.024988 	0.008437
-16.400000	0.023325	-0.546667	0.569992	0.026587 	0.008462
-16.300000	0.023245	-0.543333	0.566579	0.028205 	0.008488
-16.200000	0.023162	-0.540000	0.563162	0.029845 	0.008513
-16.100000	0.023075	-0.536667	0.559742	0.031504 	0.008539
-16.000000	0.022985	-0.533333	0.556318	0.033185 	0.008566
-15.900000	0.022891	-0.530000	0.552891	0.034886 	0.008592
-15.800000	0.022793	-0.526667	0.549460	0.036609 	0.008619
-15.700000	0.022691	-0.523333	0.546025	0.038354 	0.008646
-15.600000	0.022586	-0.520000	0.542586	0.040120 	0.008673
-15.500000	0.022477	-0.516667	0.539144	0.041908 	0.008701
-15.400000	0.022364	-0.513333	0.535697	0.043719 	0.008729
-15.300000	0.022247	-0.510000	0.532247	0.045552 	0.008757
-15.200000	0.022126	-0.506667	0.528793	0.047408 	0.008786
-15.100000	0.022001	-0.503333	0.525334	0.049287 	0.008815
-15.000000	0.021872	-0.500000	0.521872	0.051189 	0.008844
-14.900000	0.021739	-0.496667	0.518406	0.053115 	0.008873
-14.800000	0.021602	-0.493333	0.514935	0.055065 	0.008903
-14.700000	0.021461	-0.490000	0.511461	0.057039 	0.008933
-14.600000	0.021316	-0.486667	0.507982	0.059037 	0.008964
-14.500000	0.021166	-0.483333	0.504500	0.061061 	0.008995
-14.400000	0.021013	-0.480000	0.501013	0.063109 	0.009026
-14.300000	0.020855	-0.476667	0.497521	0.065183 	0.009058
-14.200000	0.020692	-0.473333	0.494026	0.067282 	0.009090
-14.100000	0.020526	-0.470000	0.490526	0.069408 	0.009122
-14.000000	0.020355	-0.466667	0.487022	0.071560 	0.009155
-13.900000	0.020180	-0.463333	0.483513	0.073738 	0.009188
-13.800000	0.020000	-0.460000	0.480000	0.075944 	0.009221
-13.700000	0.019816	-0.456667	0.476483	0.078176 	0.009255
-13.600000	0.019627	-0.453333	0.472960	0.080437 	0.009290
-13.500000	0.019434	-0.450000	0.469434	0.082725 	0.009325
-13.400000	0.019236	-0.446667	0.465903	0.085042 	0.009360
-13.300000	0.019034	-0.443333	0.462367	0.087387 	0.009396
-13.200000	0.018827	-0.440000	0.458827	0.089762 	0.009432
-13.100000	0.018615	-0.436667	0.455282	0.092166 	0.009468
-13.000000	0.018398	-0.433333	0.451732	0.094600 	0.009506
-12.900000	0.018177	-0.430000	0.448177	0.097064 	0.009543
-12.800000	0.017951	-0.426667	0.444618	0.099558 	0.009581
-12.700000	0.017720	-0.423333	0.441054	0.102083 	0.009620
-12.600000	0.017485	-0.420000	0.437485	0.104640 	0.009659
-12.500000	0.017244	-0.416667	0.433911	0.107229 	0.009699
-12.400000	0.016998	-0.413333	0.430332	0.109849 	0.009739
-12.300000	0.016748	-0.410000	0.426748	0.112503 	0.009780
-12.200000	0.016492	-0.406667	0.423159	0.115189 	0.009821
-12.100000	0.016232	-0.403333	0.419565	0.117909 	0.009863
-12.000000	0.015966	-0.400000	0.415966	0.120662 	0.009906
-11.900000	0.015695	-0.396667	0.412362	0.123450 	0.009949
-11.800000	0.015420	-0.393333	0.408753	0.126272 	0.009993
-11.700000	0.015139	-0.390000	0.405139	0.129130 	0.010037
-11.600000	0.014853	-0.386667	0.401519	0.132023 	0.010082
-11.500000	0.014561	-0.383333	0.397894	0.134953 	0.010128
-11.400000	0.014264	-0.380000	0.394264	0.137919 	0.010175
-11.300000	0.013963	-0.376667	0.390629	0.140922 	0.010222
-11.200000	0.013655	-0.373333	0.386989	0.143963 	0.010270
-11.100000	0.013343	-0.370000	0.383343	0.147041 	0.010319
-11.000000	0.013025	-0.366667	0.379692	0.150159 	0.010368
-10.900000	0.012702	-0.363333	0.376035	0.153315 	0.010418
-10.800000	0.012373	-0.360000	0.372373	0.156511 	0.010470
-10.700000	0.012039	-0.356667	0.368706	0.159747 	0.010521
-10.600000	0.011699	-0.353333	0.365033	0.163023 	0.010574
-10.500000	0.011354	-0.350000	0.361354	0.166341 	0.010628
-10.400000	0.011004	-0.346667	0.357671	0.169700 	0.010683
-10.300000	0.010648	-0.343333	0.353981	0.173102 	0.010738
-10.200000	0.010286	-0.340000	0.350286	0.176546 	0.010795
-10.100000	0.009919	-0.336667	0.346586	0.180034 	0.010852
-10.000000	0.009547	-0.333333	0.342880	0.183566 	0.010911
-9.900000	0.009168	-0.330000	0.339168	0.187142 	0.010970
-9.800000	0.008785	-0.326667	0.335451	0.190763 	0.011031
-9.700000	0.008395	-0.323333	0.331729	0.194430 	0.011092
-9.600000	0.008000	-0.320000	0.328000	0.198143 	0.011155
-9.500000	0.007600	-0.316667	0.324266	0.201903 	0.011219
-9.400000	0.007194	-0.313333	0.320527	0.205711 	0.011285
-9.300000	0.006782	-0.310000	0.316782	0.209566 	0.011351
-9.200000	0.006365	-0.306667	0.313031	0.213471 	0.011419
-9.100000	0.005942	-0.303333	0.309275	0.217424 	0.011488
-9.000000	0.005513	-0.300000	0.305513	0.221428 	0.011559
-8.900000	0.005079	-0.296667	0.301746	0.225482 	0.011630
-8.800000	0.004639	-0.293333	0.297973	0.229588 	0.011704
-8.700000	0.004194	-0.290000	0.294194	0.233745 	0.011779
-8.600000	0.003743	-0.286667	0.290410	0.237955 	0.011855
-8.500000	0.003287	-0.283333	0.286621	0.242219 	0.011933
-8.400000	0.002826	-0.280000	0.282826	0.246536 	0.012013
-8.300000	0.002358	-0.276667	0.279025	0.250908 	0.012095
-8.200000	0.001886	-0.273333	0.275219	0.255335 	0.012178
-8.100000	0.001408	-0.270000	0.271408	0.259817 	0.012263
-8.000000	0.000925	-0.266667	0.267591	0.264357 	0.012350
-7.900000	0.000436	-0.263333	0.263769	0.268953 	0.012440
-7.800000	-0.000058	-0.260000	0.259942	0.273608 	0.012531
-7.700000	-0.000557	-0.256667	0.256110	0.278321 	0.012624
-7.600000	-0.001061	-0.253333	0.252273	0.283093 	0.012720
-7.500000	-0.001570	-0.250000	0.248430	0.287926 	0.012818
-7.400000	-0.002084	-0.246667	0.244583	0.292819 	0.012918
-7.300000	-0.002603	-0.243333	0.240730	0.297773 	0.013021
-7.200000	-0.003127	-0.240000	0.236873	0.302789 	0.013127
-7.100000	-0.003655	-0.236667	0.233011	0.307867 	0.013235
-7.000000	-0.004189	-0.233333	0.229145	0.313009 	0.013346
-6.900000	-0.004726	-0.230000	0.225274	0.318215 	0.013461
-6.800000	-0.005269	-0.226667	0.221398	0.323485 	0.013578
-6.700000	-0.005815	-0.223333	0.217518	0.328821 	0.013698
-6.600000	-0.006366	-0.220000	0.213634	0.334222 	0.013822
-6.500000	-0.006920	-0.216667	0.209746	0.339689 	0.013950
-6.400000	-0.007479	-0.213333	0.205854	0.345223 	0.014081
-6.300000	-0.008041	-0.210000	0.201959	0.350824 	0.014216
-6.200000	-0.008607	-0.206667	0.198059	0.356492 	0.014356
-6.100000	-0.009177	-0.203333	0.194157	0.362229 	0.014499
-6.000000	-0.009749	-0.200000	0.190251	0.368034 	0.014647
-5.900000	-0.010325	-0.196667	0.186342	0.373908 	0.014800
-5.800000	-0.010903	-0.193333	0.182430	0.379851 	0.014958
-5.700000	-0.011484	-0.190000	0.178516	0.385862 	0.015121
-5.600000	-0.012067	-0.186667	0.174600	0.391942 	0.015290
-5.500000	-0.012652	-0.183333	0.170681	0.398090 	0.015464
-5.400000	-0.013239	-0.180000	0.166761	0.404307 	0.015645
-5.300000	-0.013827	-0.176667	0.162840	0.410593 	0.015832
-5.200000	-0.014416	-0.173333	0.158917	0.416946 	0.016026
-5.100000	-0.015006	-0.170000	0.154994	0.423366 	0.016228
-5.000000	-0.015597	-0.166667	0.151070	0.429853 	0.016437
-4.900000	-0.016188	-0.163333	0.147146	0.436407 	0.016655
-4.800000	-0.016778	-0.160000	0.143222	0.443027 	0.016882
-4.700000	-0.017368	-0.156667	0.139299	0.449711 	0.017118
-4.600000	-0.017957	-0.153333	0.135376	0.456461 	0.017364
-4.500000	-0.018545	-0.150000	0.131455	0.463273 	0.017621
-4.400000	-0.019132	-0.146667	0.127535	0.470148 	0.017890
-4.300000	-0.019716	-0.143333	0.123617	0.477083 	0.018171
-4.200000	-0.020298	-0.140000	0.119702	0.484076 	0.018466
-4.100000	-0.020877	-0.136667	0.115790	0.491121 	0.018775
-4.000000	-0.021451	-0.133333	0.111882	0.498213 	0.019100
-3.900000	-0.022020	-0.130000	0.107980	0.505341 	0.019442
-3.800000	-0.022583	-0.126667	0.104084	0.512490 	0.019803
-3.700000	-0.023136	-0.123333	0.100198	0.519638 	0.020183
-3.600000	-0.023677	-0.120000	0.096323	0.526750 	0.020585
-3.500000	-0.024201	-0.116667	0.092466	0.533775 	0.021010
-3.400000	-0.024701	-0.113333	0.088632	0.540629 	0.021460
-3.300000	-0.025166	-0.110000	0.084834	0.547177 	0.021935
-3.200000	-0.025580	-0.106667	0.081087	0.553197 	0.022436
-3.100000	-0.025916	-0.103333	0.077417	0.558359 	0.022961
-3.000000	-0.026147	-0.100000	0.073853	0.562264 	0.023509
-2.900000	-0.026271	-0.096667	0.070396	0.564745 	0.024079
-2.800000	-0.026357	-0.093333	0.066976	0.566509 	0.024686
-2.700000	-0.026550	-0.090000	0.063450	0.569252 	0.025363
-2.600000	-0.026853	-0.086667	0.059814	0.573115 	0.026123
-2.500000	-0.026957	-0.083333	0.056377	0.574031 	0.026907
-2.400000	-0.027162	-0.080000	0.052838	0.575753 	0.027794
-2.300000	-0.027349	-0.076667	0.049318	0.576591 	0.028768
-2.200000	-0.027534	-0.073333	0.045800	0.576560 	0.029853
-2.100000	-0.027723	-0.070000	0.042277	0.575496 	0.031072
-2.000000	-0.027922	-0.066667	0.038745	0.573083 	0.032457
-1.900000	-0.028155	-0.063333	0.035179	0.569117 	0.034062
-1.800000	-0.028408	-0.060000	0.031592	0.562475 	0.035944
-1.700000	-0.028732	-0.056667	0.027935	0.552963 	0.038225
-1.600000	-0.029102	-0.053333	0.024231	0.538437 	0.041042
-1.500000	-0.029792	-0.050000	0.020208	0.510656 	0.044942
-1.400000	-0.032085	-0.046667	0.014581	0.422104 	0.052908
-1.300000	-0.036571	-0.043333	0.006762	0.188328 	0.077693
-1.200000	-0.036999	-0.040000	0.003001	0.000000 	0.000000
-1.100000	-0.033867	-0.036667	0.002800	0.000000 	0.000000
-1.000000	-0.030534	-0.033333	0.002799	0.000000 	0.000000
-0.900000	-0.027198	-0.030000	0.002802	0.000000 	0.000000
-0.800000	-0.023859	-0.026667	0.002808	0.000000 	0.000000
-0.700000	-0.020519	-0.023333	0.002814	0.000000 	0.000000
-0.600000	-0.017200	-0.020000	0.002800	0.000000 	0.000000
-0.500000	-0.013869	-0.016667	0.002798	0.000000 	0.000000
-0.400000	-0.010529	-0.013333	0.002804	0.000000 	0.000000
-0.300000	-0.007204	-0.010000	0.002796	0.000000 	0.000000
-0.200000	-0.003869	-0.006667	0.002797	0.000000 	0.000000
-0.100000	-0.000549	-0.003333	0.002785	0.000000 	0.000000
0.000000	0.002793	0.000000	0.002793	0.000000 	0.000000
0.100000	0.006112	0.003333	0.002778	0.000000 	0.000000
0.200000	0.009444	0.006667	0.002778	0.000000 	0.000000
0.300000	0.012766	0.010000	0.002766	0.000000 	0.000000
0.400000	0.016099	0.013333	0.002766	0.000000 	0.000000
0.500000	0.019416	0.016667	0.002749	0.000000 	0.000000
0.600000	0.022750	0.020000	0.002750	0.000000 	0.000000
0.700000	0.026072	0.023333	0.002739	0.000000 	0.000000
0.800000	0.029407	0.026667	0.002741	0.000000 	0.000000
0.900000	0.032723	0.030000	0.002723	0.000000 	0.000000
1.000000	0.036051	0.033333	0.002718	0.000000 	0.000000
1.100000	0.039373	0.036667	0.002706	0.000000 	0.000000
1.200000	0.042704	0.040000	0.002704	0.000000 	0.000000
1.300000	0.046028	0.043333	0.002695	0.000000 	0.000000
1.400000	0.049354	0.046667	0.002687	0.000000 	0.000000
1.500000	0.052666	0.050000	0.002666	0.000000 	0.000000
1.600000	0.055994	0.053333	0.002661	0.000000 	0.000000
1.700000	0.059311	0.056667	0.002644	0.000000 	0.000000
1.800000	0.062639	0.060000	0.002639	0.000000 	0.000000
1.900000	0.065962	0.063333	0.002628	0.000000 	0.000000
2.000000	0.069278	0.066667	0.002612	0.000000 	0.000000
2.100000	0.072624	0.070000	0.002624	0.000000 	0.000000
2.200000	0.075895	0.073333	0.002562	0.000000 	0.000000
2.300000	0.079295	0.076667	0.002628	0.000000 	0.000000
2.400000	0.082517	0.080000	0.002517	0.000000 	0.000000
2.500000	0.085934	0.083333	0.002601	0.000000 	0.000000
2.600000	0.089202	0.086667	0.002535	0.000000 	0.000000
2.700000	0.092202	0.090000	0.002202	0.000000 	0.000000
2.800000	0.095877	0.093333	0.002544	0.000000 	0.000000
2.900000	0.098752	0.096667	0.002086	0.000000 	0.000000
3.000000	0.100000	0.100000	0.000000	0.000000 	0.000000
3.100000	0.103333	0.103333	0.000000	0.000000 	0.000000
3.200000	0.106667	0.106667	0.000000	0.000000 	0.000000
3.300000	0.110000	0.110000	0.000000	0.000000 	0.000000
3.400000	0.113333	0.113333	0.000000	0.000000 	0.000000
3.500000	0.116667	0.116667	0.000000	0.000000 	0.000000
3.600000	0.120000	0.120000	0.000000	0.000000 	0.000000
3.700000	0.123333	0.123333	0.000000	0.000000 	0.000000
3.800000	0.126667	0.126667	0.000000	0.000000 	0.000000
3.900000	0.130000	0.130000	0.000000	0.000000 	0.000000
4.000000	0.133333	0.133333	0.000000	0.000000 	0.000000
4.100000	0.136667	0.136667	0.000000	0.000000 	0.000000
4.200000	0.140000	0.140000	0.000000	0.000000 	0.000000
4.300000	0.143333	0.143333	0.000000	0.000000 	0.000000
4.400000	0.146667	0.146667	0.000000	0.000000 	0.000000
4.500000	0.150000	0.150000	0.000000	0.000000 	0.000000
4.600000	0.153333	0.153333	0.000000	0.000000 	0.000000
4.700000	0.156667	0.156667	0.000000	0.000000 	0.000000
4.800000	0.160000	0.160000	0.000000	0.000000 	0.000000
4.900000	0.163333	0.163333	0.000000	0.000000 	0.000000
5.000000	0.166667	0.166667	0.000000	0.000000 	0.000000
5.100000	0.170000	0.170000	0.000000	0.000000 	0.000000
5.200000	0.173333	0.173333	0.000000	0.000000 	0.000000
5.300000	0.176667	0.176667	0.000000	0.000000 	0.000000
5.400000	0.180000	0.180000	0.000000	0.000000 	0.000000
5.500000	0.183333	0.183333	0.000000	0.000000 	0.000000
5.600000	0.186667	0.186667	0.000000	0.000000 	0.000000
5.700000	0.190000	0.190000	0.000000	0.000000 	0.000000
5.800000	0.193333	0.193333	0.000000	0.000000 	0.000000
5.900000	0.196667	0.196667	0.000000	0.000000 	0.000000
6.000000	0.200000	0.200000	0.000000	0.000000 	0.000000
6.100000	0.203333	0.203333	0.000000	0.000000 	0.000000
6.200000	0.206667	0.206667	0.000000	0.000000 	0.000000
6.300000	0.210000	0.210000	0.000000	0.000000 	0.000000
6.400000	0.213333	0.213333	0.000000	0.000000 	0.000000
6.500000	0.216667	0.216667	0.000000	0.000000 	0.000000
6.600000	0.220000	0.220000	0.000000	0.000000 	0.000000
6.700000	0.223333	0.223333	0.000000	0.000000 	0.000000
6.800000	0.226667	0.226667	0.000000	0.000000 	0.000000
6.900000	0.230000	0.230000	0.000000	0.000000 	0.000000
7.000000	0.233333	0.233333	0.000000	0.000000 	0.000000
7.100000	0.236667	0.236667	0.000000	0.000000 	0.000000
7.200000	0.240000	0.240000	0.000000	0.000000 	0.000000
7.300000	0.243333	0.243333	0.000000	0.000000 	0.000000
7.400000	0.246667	0.246667	0.000000	0.000000 	0.000000
7.500000	0.250000	0.250000	0.000000	0.000000 	0.000000
7.600000	0.253333	0.253333	0.000000	0.000000 	0.000000
7.700000	0.256667	0.256667	0.000000	0.000000 	0.000000
7.800000	0.260000	0.260000	0.000000	0.000000 	0.000000
7.900000	0.263333	0.263333	0.000000	0.000000 	0.000000
8.000000	0.266667	0.266667	0.000000	0.000000 	0.000000
8.100000	0.270000	0.270000	0.000000	0.000000 	0.000000
8.200000	0.273333	0.273333	0.000000	0.000000 	0.000000
8.300000	0.276667	0.276667	0.000000	0.000000 	0.000000
8.400000	0.280000	0.280000	0.000000	0.000000 	0.000000
8.500000	0.283333	0.283333	0.000000	0.000000 	0.000000
8.600000	0.286667	0.286667	0.000000	0.000000 	0.000000
8.700000	0.290000	0.290000	0.000000	0.000000 	0.000000
8.800000	0.293333	0.293333	0.000000	0.000000 	0.000000
8.900000	0.296667	0.296667	0.000000	0.000000 	0.000000
9.000000	0.300000	0.300000	0.000000	0.000000 	0.000000
9.100000	0.303333	0.303333	0.000000	0.000000 	0.000000
9.200000	0.306667	0.306667	0.000000	0.000000 	0.000000
9.300000	0.310000	0.310000	0.000000	0.000000 	0.000000
9.400000	0.313333	0.313333	0.000000	0.000000 	0.000000
9.500000	0.316667	0.316667	0.000000	0.000000 	0.000000
9.600000	0.320000	0.320000	0.000000	0.000000 	0.000000
9.700000	0.323333	0.323333	0.000000	0.000000 	0.000000
9.800000	0.326667	0.326667	0.000000	0.000000 	0.000000
9.900000	0.330000	0.330000	0.000000	0.000000 	0.000000
