VARIABLES = X,Ksi,B,H,U,tau 
ZONE T="Time 60.000000", I=1100, DATAPACKING=POINT
-100.000000	0.013102	-3.333333	3.346435	-0.023034 	0.003492
-99.900000	0.004857	-3.330000	3.334857	-0.009131 	0.003498
-99.800000	0.008228	-3.326667	3.334895	-0.015132 	0.003498
-99.700000	0.006633	-3.323333	3.329966	-0.012619 	0.003501
-99.600000	0.007162	-3.320000	3.327162	-0.013749 	0.003503
-99.500000	0.006783	-3.316667	3.323450	-0.013321 	0.003504
-99.400000	0.006791	-3.313333	3.320124	-0.013559 	0.003506
-99.300000	0.006633	-3.310000	3.316633	-0.013511 	0.003508
-99.200000	0.006546	-3.306667	3.313213	-0.013585 	0.003510
-99.100000	0.006429	-3.303333	3.309762	-0.013607 	0.003512
-99.000000	0.006324	-3.300000	3.306324	-0.013651 	0.003514
-98.900000	0.006214	-3.296667	3.302881	-0.013685 	0.003515
-98.800000	0.006105	-3.293333	3.299438	-0.013723 	0.003517
-98.700000	0.005996	-3.290000	3.295996	-0.013759 	0.003519
-98.600000	0.005886	-3.286667	3.292553	-0.013795 	0.003521
-98.500000	0.005776	-3.283333	3.289109	-0.013831 	0.003523
-98.400000	0.005667	-3.280000	3.285667	-0.013867 	0.003525
-98.300000	0.005556	-3.276667	3.282223	-0.013903 	0.003526
-98.200000	0.005446	-3.273333	3.278779	-0.013938 	0.003528
-98.100000	0.005335	-3.270000	3.275335	-0.013973 	0.003530
-98.000000	0.005225	-3.266667	3.271892	-0.014008 	0.003532
-97.900000	0.005113	-3.263333	3.268446	-0.014042 	0.003534
-97.800000	0.005002	-3.260000	3.265002	-0.014077 	0.003536
-97.700000	0.004891	-3.256667	3.261558	-0.014111 	0.003538
-97.600000	0.004779	-3.253333	3.258112	-0.014145 	0.003539
-97.500000	0.004667	-3.250000	3.254667	-0.014178 	0.003541
-97.400000	0.004555	-3.246667	3.251222	-0.014211 	0.003543
-97.300000	0.004443	-3.243333	3.247776	-0.014244 	0.003545
-97.200000	0.004331	-3.240000	3.244331	-0.014277 	0.003547
-97.100000	0.004218	-3.236667	3.240885	-0.014310 	0.003549
-97.000000	0.004106	-3.233333	3.237439	-0.014342 	0.003551
-96.900000	0.003993	-3.230000	3.233993	-0.014374 	0.003553
-96.800000	0.003880	-3.226667	3.230547	-0.014405 	0.003555
-96.700000	0.003766	-3.223333	3.227099	-0.014437 	0.003556
-96.600000	0.003653	-3.220000	3.223653	-0.014468 	0.003558
-96.500000	0.003539	-3.216667	3.220206	-0.014499 	0.003560
-96.400000	0.003426	-3.213333	3.216759	-0.014530 	0.003562
-96.300000	0.003312	-3.210000	3.213312	-0.014560 	0.003564
-96.200000	0.003198	-3.206667	3.209865	-0.014590 	0.003566
-96.100000	0.003083	-3.203333	3.206416	-0.014620 	0.003568
-96.000000	0.002969	-3.200000	3.202969	-0.014649 	0.003570
-95.900000	0.002854	-3.196667	3.199521	-0.014679 	0.003572
-95.800000	0.002740	-3.193333	3.196073	-0.014708 	0.003574
-95.700000	0.002625	-3.190000	3.192625	-0.014736 	0.003576
-95.600000	0.002510	-3.186667	3.189177	-0.014765 	0.003577
-95.500000	0.002394	-3.183333	3.185727	-0.014793 	0.003579
-95.400000	0.002279	-3.180000	3.182279	-0.014821 	0.003581
-95.300000	0.002164	-3.176667	3.178831	-0.014849 	0.003583
-95.200000	0.002048	-3.173333	3.175381	-0.014876 	0.003585
-95.100000	0.001932	-3.170000	3.171932	-0.014903 	0.003587
-95.000000	0.001816	-3.166667	3.168483	-0.014930 	0.003589
-94.900000	0.001700	-3.163333	3.165033	-0.014956 	0.003591
-94.800000	0.001584	-3.160000	3.161584	-0.014982 	0.003593
-94.700000	0.001468	-3.156667	3.158135	-0.015008 	0.003595
-94.600000	0.001352	-3.153333	3.154685	-0.015034 	0.003597
-94.500000	0.001235	-3.150000	3.151235	-0.015059 	0.003599
-94.400000	0.001119	-3.146667	3.147786	-0.015084 	0.003601
-94.300000	0.001002	-3.143333	3.144335	-0.015109 	0.003603
-94.200000	0.000885	-3.140000	3.140885	-0.015133 	0.003605
-94.100000	0.000768	-3.136667	3.137435	-0.015157 	0.003607
-94.000000	0.000651	-3.133333	3.133984	-0.015181 	0.003609
-93.900000	0.000534	-3.130000	3.130534	-0.015204 	0.003611
-93.800000	0.000417	-3.126667	3.127084	-0.015228 	0.003613
-93.700000	0.000299	-3.123333	3.123632	-0.015251 	0.003615
-93.600000	0.000182	-3.120000	3.120182	-0.015273 	0.003617
-93.500000	0.000064	-3.116667	3.116731	-0.015295 	0.003619
-93.400000	-0.000053	-3.113333	3.113280	-0.015317 	0.003621
-93.300000	-0.000171	-3.110000	3.109829	-0.015339 	0.003623
-93.200000	-0.000289	-3.106667	3.106378	-0.015360 	0.003625
-93.100000	-0.000407	-3.103333	3.102926	-0.015381 	0.003627
-93.000000	-0.000525	-3.100000	3.099475	-0.015402 	0.003629
-92.900000	-0.000643	-3.096667	3.096024	-0.015422 	0.003631
-92.800000	-0.000761	-3.093333	3.092572	-0.015443 	0.003633
-92.700000	-0.000879	-3.090000	3.089121	-0.015462 	0.003635
-92.600000	-0.000998	-3.086667	3.085669	-0.015482 	0.003637
-92.500000	-0.001116	-3.083333	3.082217	-0.015501 	0.003639
-92.400000	-0.001234	-3.080000	3.078766	-0.015520 	0.003641
-92.300000	-0.001353	-3.076667	3.075314	-0.015538 	0.003643
-92.200000	-0.001471	-3.073333	3.071862	-0.015556 	0.003645
-92.100000	-0.001590	-3.070000	3.068410	-0.015574 	0.003647
-92.000000	-0.001708	-3.066667	3.064959	-0.015592 	0.003649
-91.900000	-0.001827	-3.063333	3.061506	-0.015609 	0.003651
-91.800000	-0.001946	-3.060000	3.058054	-0.015626 	0.003653
-91.700000	-0.002065	-3.056667	3.054602	-0.015642 	0.003655
-91.600000	-0.002183	-3.053333	3.051150	-0.015659 	0.003658
-91.500000	-0.002302	-3.050000	3.047698	-0.015674 	0.003660
-91.400000	-0.002421	-3.046667	3.044246	-0.015690 	0.003662
-91.300000	-0.002540	-3.043333	3.040793	-0.015705 	0.003664
-91.200000	-0.002659	-3.040000	3.037341	-0.015720 	0.003666
-91.100000	-0.002778	-3.036667	3.033889	-0.015734 	0.003668
-91.000000	-0.002897	-3.033333	3.030436	-0.015749 	0.003670
-90.900000	-0.003016	-3.030000	3.026984	-0.015762 	0.003672
-90.800000	-0.003135	-3.026667	3.023532	-0.015776 	0.003674
-90.700000	-0.003254	-3.023333	3.020079	-0.015789 	0.003676
-90.600000	-0.003373	-3.020000	3.016627	-0.015802 	0.003678
-90.500000	-0.003492	-3.016667	3.013175	-0.015814 	0.003680
-90.400000	-0.003611	-3.013333	3.009722	-0.015826 	0.003683
-90.300000	-0.003730	-3.010000	3.006270	-0.015838 	0.003685
-90.200000	-0.003849	-3.006667	3.002818	-0.015849 	0.003687
-90.100000	-0.003968	-3.003333	2.999365	-0.015860 	0.003689
-90.000000	-0.004087	-3.000000	2.995913	-0.015871 	0.003691
-89.900000	-0.004206	-2.996667	2.992461	-0.015881 	0.003693
-89.800000	-0.004325	-2.993333	2.989008	-0.015891 	0.003695
-89.700000	-0.004444	-2.990000	2.985556	-0.015901 	0.003697
-89.600000	-0.004563	-2.986667	2.982104	-0.015910 	0.003700
-89.500000	-0.004682	-2.983333	2.978651	-0.015919 	0.003702
-89.400000	-0.004801	-2.980000	2.975199	-0.015928 	0.003704
-89.300000	-0.004920	-2.976667	2.971747	-0.015936 	0.003706
-89.200000	-0.005039	-2.973333	2.968294	-0.015944 	0.003708
-89.100000	-0.005158	-2.970000	2.964842	-0.015951 	0.003710
-89.000000	-0.005277	-2.966667	2.961390	-0.015958 	0.003713
-88.900000	-0.005395	-2.963333	2.957938	-0.015965 	0.003715
-88.800000	-0.005514	-2.960000	2.954486	-0.015971 	0.003717
-88.700000	-0.005633	-2.956667	2.951034	-0.015977 	0.003719
-88.600000	-0.005751	-2.953333	2.947582	-0.015983 	0.003721
-88.500000	-0.005870	-2.950000	2.944130	-0.015988 	0.003723
-88.400000	-0.005989	-2.946667	2.940678	-0.015993 	0.003726
-88.300000	-0.006107	-2.943333	2.937226	-0.015997 	0.003728
-88.200000	-0.006225	-2.940000	2.933775	-0.016001 	0.003730
-88.100000	-0.006344	-2.936667	2.930323	-0.016005 	0.003732
-88.000000	-0.006462	-2.933333	2.926871	-0.016008 	0.003734
-87.900000	-0.006580	-2.930000	2.923420	-0.016011 	0.003737
-87.800000	-0.006698	-2.926667	2.919969	-0.016014 	0.003739
-87.700000	-0.006816	-2.923333	2.916517	-0.016016 	0.003741
-87.600000	-0.006934	-2.920000	2.913066	-0.016018 	0.003743
-87.500000	-0.007052	-2.916667	2.909615	-0.016019 	0.003745
-87.400000	-0.007170	-2.913333	2.906163	-0.016020 	0.003748
-87.300000	-0.007288	-2.910000	2.902712	-0.016021 	0.003750
-87.200000	-0.007405	-2.906667	2.899262	-0.016021 	0.003752
-87.100000	-0.007523	-2.903333	2.895810	-0.016021 	0.003754
-87.000000	-0.007640	-2.900000	2.892360	-0.016020 	0.003757
-86.900000	-0.007758	-2.896667	2.888909	-0.016019 	0.003759
-86.800000	-0.007875	-2.893333	2.885458	-0.016018 	0.003761
-86.700000	-0.007992	-2.890000	2.882008	-0.016016 	0.003763
-86.600000	-0.008109	-2.886667	2.878558	-0.016014 	0.003766
-86.500000	-0.008226	-2.883333	2.875107	-0.016012 	0.003768
-86.400000	-0.008343	-2.880000	2.871657	-0.016009 	0.003770
-86.300000	-0.008459	-2.876667	2.868208	-0.016005 	0.003772
-86.200000	-0.008576	-2.873333	2.864757	-0.016002 	0.003775
-86.100000	-0.008692	-2.870000	2.861308	-0.015997 	0.003777
-86.000000	-0.008808	-2.866667	2.857859	-0.015993 	0.003779
-85.900000	-0.008924	-2.863333	2.854409	-0.015988 	0.003781
-85.800000	-0.009040	-2.860000	2.850960	-0.015983 	0.003784
-85.700000	-0.009156	-2.856667	2.847511	-0.015977 	0.003786
-85.600000	-0.009272	-2.853333	2.844061	-0.015971 	0.003788
-85.500000	-0.009388	-2.850000	2.840612	-0.015964 	0.003791
-85.400000	-0.009503	-2.846667	2.837164	-0.015957 	0.003793
-85.300000	-0.009618	-2.843333	2.833715	-0.015949 	0.003795
-85.200000	-0.009733	-2.840000	2.830267	-0.015942 	0.003798
-85.100000	-0.009848	-2.836667	2.826819	-0.015933 	0.003800
-85.000000	-0.009963	-2.833333	2.823370	-0.015925 	0.003802
-84.900000	-0.010077	-2.830000	2.819923	-0.015916 	0.003805
-84.800000	-0.010192	-2.826667	2.816475	-0.015906 	0.003807
-84.700000	-0.010306	-2.823333	2.813027	-0.015896 	0.003809
-84.600000	-0.010420	-2.820000	2.809580	-0.015886 	0.003812
-84.500000	-0.010534	-2.816667	2.806133	-0.015875 	0.003814
-84.400000	-0.010648	-2.813333	2.802685	-0.015864 	0.003816
-84.300000	-0.010761	-2.810000	2.799239	-0.015852 	0.003819
-84.200000	-0.010875	-2.806667	2.795792	-0.015840 	0.003821
-84.100000	-0.010988	-2.803333	2.792345	-0.015828 	0.003823
-84.000000	-0.011101	-2.800000	2.788899	-0.015815 	0.003826
-83.900000	-0.011213	-2.796667	2.785454	-0.015801 	0.003828
-83.800000	-0.011326	-2.793333	2.782007	-0.015788 	0.003830
-83.700000	-0.011438	-2.790000	2.778562	-0.015773 	0.003833
-83.600000	-0.011550	-2.786667	2.775117	-0.015759 	0.003835
-83.500000	-0.011662	-2.783333	2.771671	-0.015744 	0.003837
-83.400000	-0.011774	-2.780000	2.768226	-0.015728 	0.003840
-83.300000	-0.011885	-2.776667	2.764782	-0.015712 	0.003842
-83.200000	-0.011997	-2.773333	2.761336	-0.015696 	0.003845
-83.100000	-0.012108	-2.770000	2.757892	-0.015679 	0.003847
-83.000000	-0.012218	-2.766667	2.754449	-0.015662 	0.003849
-82.900000	-0.012329	-2.763333	2.751004	-0.015644 	0.003852
-82.800000	-0.012439	-2.760000	2.747561	-0.015626 	0.003854
-82.700000	-0.012549	-2.756667	2.744118	-0.015607 	0.003857
-82.600000	-0.012659	-2.753333	2.740674	-0.015588 	0.003859
-82.500000	-0.012768	-2.750000	2.737232	-0.015569 	0.003862
-82.400000	-0.012878	-2.746667	2.733789	-0.015549 	0.003864
-82.300000	-0.012987	-2.743333	2.730346	-0.015528 	0.003866
-82.200000	-0.013096	-2.740000	2.726904	-0.015507 	0.003869
-82.100000	-0.013204	-2.736667	2.723463	-0.015486 	0.003871
-82.000000	-0.013312	-2.733333	2.720021	-0.015464 	0.003874
-81.900000	-0.013420	-2.730000	2.716580	-0.015442 	0.003876
-81.800000	-0.013528	-2.726667	2.713139	-0.015420 	0.003879
-81.700000	-0.013636	-2.723333	2.709697	-0.015397 	0.003881
-81.600000	-0.013743	-2.720000	2.706257	-0.015373 	0.003884
-81.500000	-0.013850	-2.716667	2.702817	-0.015349 	0.003886
-81.400000	-0.013956	-2.713333	2.699377	-0.015325 	0.003889
-81.300000	-0.014062	-2.710000	2.695938	-0.015300 	0.003891
-81.200000	-0.014168	-2.706667	2.692499	-0.015274 	0.003893
-81.100000	-0.014274	-2.703333	2.689059	-0.015249 	0.003896
-81.000000	-0.014380	-2.700000	2.685620	-0.015222 	0.003898
-80.900000	-0.014485	-2.696667	2.682182	-0.015196 	0.003901
-80.800000	-0.014589	-2.693333	2.678744	-0.015169 	0.003903
-80.700000	-0.014694	-2.690000	2.675306	-0.015141 	0.003906
-80.600000	-0.014798	-2.686667	2.671869	-0.015113 	0.003908
-80.500000	-0.014902	-2.683333	2.668431	-0.015084 	0.003911
-80.400000	-0.015005	-2.680000	2.664995	-0.015055 	0.003914
-80.300000	-0.015109	-2.676667	2.661558	-0.015026 	0.003916
-80.200000	-0.015212	-2.673333	2.658121	-0.014996 	0.003919
-80.100000	-0.015314	-2.670000	2.654686	-0.014965 	0.003921
-80.000000	-0.015416	-2.666667	2.651251	-0.014935 	0.003924
-79.900000	-0.015518	-2.663333	2.647815	-0.014903 	0.003926
-79.800000	-0.015620	-2.660000	2.644380	-0.014871 	0.003929
-79.700000	-0.015721	-2.656667	2.640946	-0.014839 	0.003931
-79.600000	-0.015822	-2.653333	2.637511	-0.014806 	0.003934
-79.500000	-0.015922	-2.650000	2.634078	-0.014773 	0.003936
-79.400000	-0.016022	-2.646667	2.630645	-0.014740 	0.003939
-79.300000	-0.016122	-2.643333	2.627211	-0.014706 	0.003942
-79.200000	-0.016221	-2.640000	2.623779	-0.014671 	0.003944
-79.100000	-0.016320	-2.636667	2.620347	-0.014636 	0.003947
-79.000000	-0.016419	-2.633333	2.616914	-0.014600 	0.003949
-78.900000	-0.016517	-2.630000	2.613483	-0.014564 	0.003952
-78.800000	-0.016615	-2.626667	2.610052	-0.014528 	0.003955
-78.700000	-0.016713	-2.623333	2.606620	-0.014491 	0.003957
-78.600000	-0.016810	-2.620000	2.603190	-0.014454 	0.003960
-78.500000	-0.016907	-2.616667	2.599760	-0.014416 	0.003962
-78.400000	-0.017003	-2.613333	2.596330	-0.014377 	0.003965
-78.300000	-0.017099	-2.610000	2.592901	-0.014339 	0.003968
-78.200000	-0.017194	-2.606667	2.589473	-0.014299 	0.003970
-78.100000	-0.017289	-2.603333	2.586044	-0.014260 	0.003973
-78.000000	-0.017384	-2.600000	2.582616	-0.014219 	0.003975
-77.900000	-0.017479	-2.596667	2.579188	-0.014179 	0.003978
-77.800000	-0.017572	-2.593333	2.575761	-0.014137 	0.003981
-77.700000	-0.017666	-2.590000	2.572334	-0.014096 	0.003983
-77.600000	-0.017759	-2.586667	2.568908	-0.014054 	0.003986
-77.500000	-0.017852	-2.583333	2.565481	-0.014011 	0.003989
-77.400000	-0.017944	-2.580000	2.562056	-0.013968 	0.003991
-77.300000	-0.018036	-2.576667	2.558631	-0.013925 	0.003994
-77.200000	-0.018127	-2.573333	2.555206	-0.013881 	0.003997
-77.100000	-0.018218	-2.570000	2.551782	-0.013836 	0.003999
-77.000000	-0.018308	-2.566667	2.548359	-0.013791 	0.004002
-76.900000	-0.018398	-2.563333	2.544935	-0.013746 	0.004005
-76.800000	-0.018488	-2.560000	2.541512	-0.013700 	0.004007
-76.700000	-0.018577	-2.556667	2.538090	-0.013654 	0.004010
-76.600000	-0.018666	-2.553333	2.534667	-0.013607 	0.004013
-76.500000	-0.018754	-2.550000	2.531246	-0.013559 	0.004016
-76.400000	-0.018842	-2.546667	2.527825	-0.013512 	0.004018
-76.300000	-0.018929	-2.543333	2.524404	-0.013463 	0.004021
-76.200000	-0.019016	-2.540000	2.520984	-0.013415 	0.004024
-76.100000	-0.019102	-2.536667	2.517565	-0.013366 	0.004026
-76.000000	-0.019188	-2.533333	2.514145	-0.013316 	0.004029
-75.900000	-0.019273	-2.530000	2.510727	-0.013266 	0.004032
-75.800000	-0.019358	-2.526667	2.507309	-0.013215 	0.004035
-75.700000	-0.019442	-2.523333	2.503891	-0.013164 	0.004037
-75.600000	-0.019526	-2.520000	2.500474	-0.013113 	0.004040
-75.500000	-0.019610	-2.516667	2.497057	-0.013061 	0.004043
-75.400000	-0.019692	-2.513333	2.493641	-0.013008 	0.004046
-75.300000	-0.019775	-2.510000	2.490225	-0.012955 	0.004049
-75.200000	-0.019857	-2.506667	2.486810	-0.012902 	0.004051
-75.100000	-0.019938	-2.503333	2.483395	-0.012848 	0.004054
-75.000000	-0.020019	-2.500000	2.479981	-0.012794 	0.004057
-74.900000	-0.020099	-2.496667	2.476568	-0.012739 	0.004060
-74.800000	-0.020179	-2.493333	2.473154	-0.012683 	0.004062
-74.700000	-0.020258	-2.490000	2.469742	-0.012628 	0.004065
-74.600000	-0.020337	-2.486667	2.466330	-0.012571 	0.004068
-74.500000	-0.020415	-2.483333	2.462918	-0.012515 	0.004071
-74.400000	-0.020493	-2.480000	2.459507	-0.012458 	0.004074
-74.300000	-0.020570	-2.476667	2.456097	-0.012400 	0.004077
-74.200000	-0.020646	-2.473333	2.452687	-0.012342 	0.004079
-74.100000	-0.020723	-2.470000	2.449277	-0.012284 	0.004082
-74.000000	-0.020798	-2.466667	2.445869	-0.012225 	0.004085
-73.900000	-0.020873	-2.463333	2.442460	-0.012165 	0.004088
-73.800000	-0.020947	-2.460000	2.439053	-0.012105 	0.004091
-73.700000	-0.021021	-2.456667	2.435646	-0.012045 	0.004094
-73.600000	-0.021094	-2.453333	2.432239	-0.011984 	0.004097
-73.500000	-0.021167	-2.450000	2.428833	-0.011923 	0.004099
-73.400000	-0.021239	-2.446667	2.425428	-0.011861 	0.004102
-73.300000	-0.021311	-2.443333	2.422022	-0.011799 	0.004105
-73.200000	-0.021382	-2.440000	2.418618	-0.011736 	0.004108
-73.100000	-0.021452	-2.436667	2.415215	-0.011673 	0.004111
-73.000000	-0.021522	-2.433333	2.411811	-0.011609 	0.004114
-72.900000	-0.021591	-2.430000	2.408409	-0.011545 	0.004117
-72.800000	-0.021659	-2.426667	2.405008	-0.011481 	0.004120
-72.700000	-0.021727	-2.423333	2.401606	-0.011416 	0.004123
-72.600000	-0.021795	-2.420000	2.398205	-0.011350 	0.004125
-72.500000	-0.021862	-2.416667	2.394805	-0.011284 	0.004128
-72.400000	-0.021928	-2.413333	2.391405	-0.011218 	0.004131
-72.300000	-0.021993	-2.410000	2.388007	-0.011151 	0.004134
-72.200000	-0.022058	-2.406667	2.384609	-0.011084 	0.004137
-72.100000	-0.022123	-2.403333	2.381210	-0.011016 	0.004140
-72.000000	-0.022186	-2.400000	2.377814	-0.010948 	0.004143
-71.900000	-0.022249	-2.396667	2.374418	-0.010880 	0.004146
-71.800000	-0.022312	-2.393333	2.371021	-0.010811 	0.004149
-71.700000	-0.022374	-2.390000	2.367626	-0.010741 	0.004152
-71.600000	-0.022435	-2.386667	2.364232	-0.010671 	0.004155
-71.500000	-0.022495	-2.383333	2.360838	-0.010601 	0.004158
-71.400000	-0.022555	-2.380000	2.357445	-0.010530 	0.004161
-71.300000	-0.022615	-2.376667	2.354052	-0.010459 	0.004164
-71.200000	-0.022673	-2.373333	2.350660	-0.010387 	0.004167
-71.100000	-0.022731	-2.370000	2.347269	-0.010315 	0.004170
-71.000000	-0.022789	-2.366667	2.343878	-0.010242 	0.004173
-70.900000	-0.022845	-2.363333	2.340488	-0.010169 	0.004176
-70.800000	-0.022901	-2.360000	2.337099	-0.010096 	0.004179
-70.700000	-0.022957	-2.356667	2.333710	-0.010022 	0.004182
-70.600000	-0.023011	-2.353333	2.330322	-0.009948 	0.004185
-70.500000	-0.023065	-2.350000	2.326935	-0.009873 	0.004188
-70.400000	-0.023119	-2.346667	2.323548	-0.009797 	0.004191
-70.300000	-0.023171	-2.343333	2.320162	-0.009722 	0.004194
-70.200000	-0.023223	-2.340000	2.316777	-0.009646 	0.004197
-70.100000	-0.023275	-2.336667	2.313392	-0.009569 	0.004200
-70.000000	-0.023325	-2.333333	2.310008	-0.009492 	0.004203
-69.900000	-0.023375	-2.330000	2.306625	-0.009415 	0.004207
-69.800000	-0.023425	-2.326667	2.303242	-0.009337 	0.004210
-69.700000	-0.023473	-2.323333	2.299860	-0.009259 	0.004213
-69.600000	-0.023521	-2.320000	2.296479	-0.009180 	0.004216
-69.500000	-0.023568	-2.316667	2.293099	-0.009101 	0.004219
-69.400000	-0.023615	-2.313333	2.289718	-0.009021 	0.004222
-69.300000	-0.023660	-2.310000	2.286340	-0.008941 	0.004225
-69.200000	-0.023706	-2.306667	2.282961	-0.008860 	0.004228
-69.100000	-0.023750	-2.303333	2.279583	-0.008780 	0.004231
-69.000000	-0.023794	-2.300000	2.276206	-0.008698 	0.004235
-68.900000	-0.023836	-2.296667	2.272831	-0.008616 	0.004238
-68.800000	-0.023879	-2.293333	2.269454	-0.008534 	0.004241
-68.700000	-0.023920	-2.290000	2.266080	-0.008452 	0.004244
-68.600000	-0.023961	-2.286667	2.262706	-0.008369 	0.004247
-68.500000	-0.024001	-2.283333	2.259332	-0.008285 	0.004250
-68.400000	-0.024040	-2.280000	2.255960	-0.008201 	0.004254
-68.300000	-0.024079	-2.276667	2.252588	-0.008117 	0.004257
-68.200000	-0.024117	-2.273333	2.249216	-0.008032 	0.004260
-68.100000	-0.024154	-2.270000	2.245846	-0.007947 	0.004263
-68.000000	-0.024190	-2.266667	2.242477	-0.007861 	0.004266
-67.900000	-0.024226	-2.263333	2.239107	-0.007775 	0.004270
-67.800000	-0.024261	-2.260000	2.235739	-0.007689 	0.004273
-67.700000	-0.024295	-2.256667	2.232372	-0.007602 	0.004276
-67.600000	-0.024328	-2.253333	2.229005	-0.007515 	0.004279
-67.500000	-0.024361	-2.250000	2.225639	-0.007427 	0.004282
-67.400000	-0.024393	-2.246667	2.222274	-0.007339 	0.004286
-67.300000	-0.024424	-2.243333	2.218909	-0.007250 	0.004289
-67.200000	-0.024455	-2.240000	2.215545	-0.007161 	0.004292
-67.100000	-0.024484	-2.236667	2.212183	-0.007072 	0.004295
-67.000000	-0.024513	-2.233333	2.208820	-0.006982 	0.004299
-66.900000	-0.024541	-2.230000	2.205459	-0.006891 	0.004302
-66.800000	-0.024569	-2.226667	2.202098	-0.006801 	0.004305
-66.700000	-0.024595	-2.223333	2.198738	-0.006710 	0.004309
-66.600000	-0.024621	-2.220000	2.195379	-0.006618 	0.004312
-66.500000	-0.024646	-2.216667	2.192021	-0.006526 	0.004315
-66.400000	-0.024671	-2.213333	2.188662	-0.006434 	0.004318
-66.300000	-0.024694	-2.210000	2.185306	-0.006341 	0.004322
-66.200000	-0.024717	-2.206667	2.181950	-0.006248 	0.004325
-66.100000	-0.024739	-2.203333	2.178594	-0.006154 	0.004328
-66.000000	-0.024760	-2.200000	2.175240	-0.006060 	0.004332
-65.900000	-0.024780	-2.196667	2.171887	-0.005965 	0.004335
-65.800000	-0.024800	-2.193333	2.168533	-0.005870 	0.004338
-65.700000	-0.024819	-2.190000	2.165181	-0.005775 	0.004342
-65.600000	-0.024837	-2.186667	2.161830	-0.005679 	0.004345
-65.500000	-0.024854	-2.183333	2.158479	-0.005583 	0.004349
-65.400000	-0.024871	-2.180000	2.155129	-0.005486 	0.004352
-65.300000	-0.024886	-2.176667	2.151781	-0.005389 	0.004355
-65.200000	-0.024901	-2.173333	2.148432	-0.005292 	0.004359
-65.100000	-0.024915	-2.170000	2.145085	-0.005194 	0.004362
-65.000000	-0.024929	-2.166667	2.141738	-0.005096 	0.004365
-64.900000	-0.024941	-2.163333	2.138392	-0.004997 	0.004369
-64.800000	-0.024953	-2.160000	2.135047	-0.004898 	0.004372
-64.700000	-0.024964	-2.156667	2.131703	-0.004798 	0.004376
-64.600000	-0.024974	-2.153333	2.128359	-0.004698 	0.004379
-64.500000	-0.024983	-2.150000	2.125017	-0.004597 	0.004383
-64.400000	-0.024992	-2.146667	2.121675	-0.004497 	0.004386
-64.300000	-0.024999	-2.143333	2.118334	-0.004395 	0.004390
-64.200000	-0.025006	-2.140000	2.114994	-0.004294 	0.004393
-64.100000	-0.025012	-2.136667	2.111655	-0.004191 	0.004396
-64.000000	-0.025018	-2.133333	2.108315	-0.004089 	0.004400
-63.900000	-0.025022	-2.130000	2.104978	-0.003986 	0.004403
-63.800000	-0.025026	-2.126667	2.101641	-0.003882 	0.004407
-63.700000	-0.025029	-2.123333	2.098304	-0.003779 	0.004410
-63.600000	-0.025031	-2.120000	2.094969	-0.003674 	0.004414
-63.500000	-0.025032	-2.116667	2.091635	-0.003570 	0.004417
-63.400000	-0.025032	-2.113333	2.088301	-0.003464 	0.004421
-63.300000	-0.025032	-2.110000	2.084968	-0.003359 	0.004425
-63.200000	-0.025030	-2.106667	2.081637	-0.003253 	0.004428
-63.100000	-0.025028	-2.103333	2.078305	-0.003146 	0.004432
-63.000000	-0.025025	-2.100000	2.074975	-0.003040 	0.004435
-62.900000	-0.025022	-2.096667	2.071645	-0.002932 	0.004439
-62.800000	-0.025017	-2.093333	2.068316	-0.002825 	0.004442
-62.700000	-0.025012	-2.090000	2.064988	-0.002717 	0.004446
-62.600000	-0.025006	-2.086667	2.061661	-0.002608 	0.004449
-62.500000	-0.024998	-2.083333	2.058335	-0.002499 	0.004453
-62.400000	-0.024991	-2.080000	2.055009	-0.002390 	0.004457
-62.300000	-0.024982	-2.076667	2.051685	-0.002280 	0.004460
-62.200000	-0.024972	-2.073333	2.048361	-0.002170 	0.004464
-62.100000	-0.024962	-2.070000	2.045038	-0.002059 	0.004468
-62.000000	-0.024951	-2.066667	2.041716	-0.001948 	0.004471
-61.900000	-0.024939	-2.063333	2.038394	-0.001836 	0.004475
-61.800000	-0.024926	-2.060000	2.035074	-0.001724 	0.004478
-61.700000	-0.024912	-2.056667	2.031755	-0.001612 	0.004482
-61.600000	-0.024898	-2.053333	2.028435	-0.001499 	0.004486
-61.500000	-0.024882	-2.050000	2.025118	-0.001386 	0.004489
-61.400000	-0.024866	-2.046667	2.021801	-0.001272 	0.004493
-61.300000	-0.024849	-2.043333	2.018484	-0.001158 	0.004497
-61.200000	-0.024831	-2.040000	2.015169	-0.001044 	0.004501
-61.100000	-0.024812	-2.036667	2.011855	-0.000929 	0.004504
-61.000000	-0.024793	-2.033333	2.008540	-0.000814 	0.004508
-60.900000	-0.024772	-2.030000	2.005228	-0.000698 	0.004512
-60.800000	-0.024751	-2.026667	2.001916	-0.000582 	0.004515
-60.700000	-0.024729	-2.023333	1.998604	-0.000465 	0.004519
-60.600000	-0.024706	-2.020000	1.995294	-0.000348 	0.004523
-60.500000	-0.024682	-2.016667	1.991985	-0.000231 	0.004527
-60.400000	-0.024658	-2.013333	1.988675	-0.000113 	0.004530
-60.300000	-0.024632	-2.010000	1.985368	0.000006 	0.004534
-60.200000	-0.024606	-2.006667	1.982061	0.000124 	0.004538
-60.100000	-0.024579	-2.003333	1.978754	0.000243 	0.004542
-60.000000	-0.024551	-2.000000	1.975449	0.000363 	0.004546
-59.900000	-0.024522	-1.996667	1.972145	0.000483 	0.004549
-59.800000	-0.024492	-1.993333	1.968841	0.000603 	0.004553
-59.700000	-0.024461	-1.990000	1.965539	0.000724 	0.004557
-59.600000	-0.024430	-1.986667	1.962237	0.000845 	0.004561
-59.500000	-0.024398	-1.983333	1.958935	0.000967 	0.004565
-59.400000	-0.024364	-1.980000	1.955636	0.001089 	0.004568
-59.300000	-0.024330	-1.976667	1.952337	0.001211 	0.004572
-59.200000	-0.024295	-1.973333	1.949038	0.001334 	0.004576
-59.100000	-0.024260	-1.970000	1.945740	0.001457 	0.004580
-59.000000	-0.024223	-1.966667	1.942444	0.001581 	0.004584
-58.900000	-0.024186	-1.963333	1.939147	0.001705 	0.004588
-58.800000	-0.024147	-1.960000	1.935853	0.001829 	0.004592
-58.700000	-0.024108	-1.956667	1.932559	0.001954 	0.004596
-58.600000	-0.024068	-1.953333	1.929265	0.002079 	0.004600
-58.500000	-0.024027	-1.950000	1.925973	0.002205 	0.004604
-58.400000	-0.023985	-1.946667	1.922682	0.002331 	0.004607
-58.300000	-0.023943	-1.943333	1.919390	0.002457 	0.004611
-58.200000	-0.023899	-1.940000	1.916101	0.002584 	0.004615
-58.100000	-0.023855	-1.936667	1.912812	0.002711 	0.004619
-58.000000	-0.023810	-1.933333	1.909523	0.002839 	0.004623
-57.900000	-0.023764	-1.930000	1.906236	0.002966 	0.004627
-57.800000	-0.023717	-1.926667	1.902950	0.003095 	0.004631
-57.700000	-0.023669	-1.923333	1.899664	0.003223 	0.004635
-57.600000	-0.023620	-1.920000	1.896380	0.003352 	0.004639
-57.500000	-0.023570	-1.916667	1.893097	0.003482 	0.004643
-57.400000	-0.023520	-1.913333	1.889813	0.003612 	0.004647
-57.300000	-0.023469	-1.910000	1.886531	0.003742 	0.004651
-57.200000	-0.023416	-1.906667	1.883251	0.003872 	0.004655
-57.100000	-0.023363	-1.903333	1.879970	0.004003 	0.004660
-57.000000	-0.023309	-1.900000	1.876691	0.004134 	0.004664
-56.900000	-0.023255	-1.896667	1.873412	0.004266 	0.004668
-56.800000	-0.023199	-1.893333	1.870134	0.004398 	0.004672
-56.700000	-0.023142	-1.890000	1.866858	0.004530 	0.004676
-56.600000	-0.023085	-1.886667	1.863582	0.004663 	0.004680
-56.500000	-0.023027	-1.883333	1.860306	0.004796 	0.004684
-56.400000	-0.022967	-1.880000	1.857033	0.004929 	0.004688
-56.300000	-0.022907	-1.876667	1.853760	0.005063 	0.004692
-56.200000	-0.022846	-1.873333	1.850487	0.005197 	0.004696
-56.100000	-0.022784	-1.870000	1.847216	0.005331 	0.004701
-56.000000	-0.022722	-1.866667	1.843945	0.005466 	0.004705
-55.900000	-0.022658	-1.863333	1.840675	0.005600 	0.004709
-55.800000	-0.022593	-1.860000	1.837407	0.005736 	0.004713
-55.700000	-0.022528	-1.856667	1.834139	0.005871 	0.004717
-55.600000	-0.022462	-1.853333	1.830871	0.006007 	0.004722
-55.500000	-0.022395	-1.850000	1.827605	0.006143 	0.004726
-55.400000	-0.022326	-1.846667	1.824341	0.006280 	0.004730
-55.300000	-0.022258	-1.843333	1.821075	0.006416 	0.004734
-55.200000	-0.022188	-1.840000	1.817812	0.006553 	0.004739
-55.100000	-0.022117	-1.836667	1.814550	0.006691 	0.004743
-55.000000	-0.022045	-1.833333	1.811288	0.006828 	0.004747
-54.900000	-0.021973	-1.830000	1.808027	0.006966 	0.004751
-54.800000	-0.021899	-1.826667	1.804768	0.007104 	0.004756
-54.700000	-0.021825	-1.823333	1.801508	0.007243 	0.004760
-54.600000	-0.021750	-1.820000	1.798250	0.007381 	0.004764
-54.500000	-0.021674	-1.816667	1.794993	0.007520 	0.004769
-54.400000	-0.021597	-1.813333	1.791736	0.007659 	0.004773
-54.300000	-0.021519	-1.810000	1.788481	0.007799 	0.004777
-54.200000	-0.021440	-1.806667	1.785227	0.007939 	0.004782
-54.100000	-0.021360	-1.803333	1.781973	0.008078 	0.004786
-54.000000	-0.021280	-1.800000	1.778720	0.008219 	0.004790
-53.900000	-0.021198	-1.796667	1.775469	0.008359 	0.004795
-53.800000	-0.021116	-1.793333	1.772217	0.008499 	0.004799
-53.700000	-0.021033	-1.790000	1.768967	0.008640 	0.004803
-53.600000	-0.020948	-1.786667	1.765719	0.008781 	0.004808
-53.500000	-0.020863	-1.783333	1.762470	0.008922 	0.004812
-53.400000	-0.020777	-1.780000	1.759223	0.009064 	0.004817
-53.300000	-0.020690	-1.776667	1.755977	0.009205 	0.004821
-53.200000	-0.020603	-1.773333	1.752730	0.009347 	0.004826
-53.100000	-0.020514	-1.770000	1.749486	0.009489 	0.004830
-53.000000	-0.020424	-1.766667	1.746243	0.009631 	0.004835
-52.900000	-0.020334	-1.763333	1.742999	0.009773 	0.004839
-52.800000	-0.020242	-1.760000	1.739758	0.009916 	0.004844
-52.700000	-0.020150	-1.756667	1.736517	0.010058 	0.004848
-52.600000	-0.020057	-1.753333	1.733276	0.010201 	0.004853
-52.500000	-0.019962	-1.750000	1.730038	0.010344 	0.004857
-52.400000	-0.019867	-1.746667	1.726800	0.010487 	0.004862
-52.300000	-0.019771	-1.743333	1.723562	0.010630 	0.004866
-52.200000	-0.019674	-1.740000	1.720326	0.010773 	0.004871
-52.100000	-0.019577	-1.736667	1.717090	0.010916 	0.004876
-52.000000	-0.019478	-1.733333	1.713855	0.011060 	0.004880
-51.900000	-0.019378	-1.730000	1.710622	0.011203 	0.004885
-51.800000	-0.019278	-1.726667	1.707389	0.011347 	0.004889
-51.700000	-0.019176	-1.723333	1.704157	0.011490 	0.004894
-51.600000	-0.019074	-1.720000	1.700926	0.011634 	0.004899
-51.500000	-0.018970	-1.716667	1.697697	0.011778 	0.004903
-51.400000	-0.018866	-1.713333	1.694467	0.011921 	0.004908
-51.300000	-0.018761	-1.710000	1.691239	0.012065 	0.004913
-51.200000	-0.018655	-1.706667	1.688012	0.012209 	0.004917
-51.100000	-0.018548	-1.703333	1.684785	0.012353 	0.004922
-51.000000	-0.018440	-1.700000	1.681560	0.012497 	0.004927
-50.900000	-0.018331	-1.696667	1.678336	0.012641 	0.004931
-50.800000	-0.018222	-1.693333	1.675111	0.012785 	0.004936
-50.700000	-0.018111	-1.690000	1.671889	0.012929 	0.004941
-50.600000	-0.017999	-1.686667	1.668668	0.013073 	0.004946
-50.500000	-0.017887	-1.683333	1.665446	0.013216 	0.004951
-50.400000	-0.017773	-1.680000	1.662227	0.013360 	0.004955
-50.300000	-0.017659	-1.676667	1.659008	0.013504 	0.004960
-50.200000	-0.017543	-1.673333	1.655790	0.013648 	0.004965
-50.100000	-0.017427	-1.670000	1.652573	0.013791 	0.004970
-50.000000	-0.017310	-1.666667	1.649357	0.013935 	0.004975
-49.900000	-0.017192	-1.663333	1.646141	0.014078 	0.004979
-49.800000	-0.017073	-1.660000	1.642927	0.014221 	0.004984
-49.700000	-0.016952	-1.656667	1.639715	0.014364 	0.004989
-49.600000	-0.016831	-1.653333	1.636502	0.014507 	0.004994
-49.500000	-0.016710	-1.650000	1.633290	0.014650 	0.004999
-49.400000	-0.016587	-1.646667	1.630080	0.014793 	0.005004
-49.300000	-0.016463	-1.643333	1.626870	0.014935 	0.005009
-49.200000	-0.016338	-1.640000	1.623662	0.015077 	0.005014
-49.100000	-0.016212	-1.636667	1.620455	0.015219 	0.005019
-49.000000	-0.016085	-1.633333	1.617248	0.015361 	0.005024
-48.900000	-0.015958	-1.630000	1.614042	0.015503 	0.005029
-48.800000	-0.015829	-1.626667	1.610838	0.015644 	0.005034
-48.700000	-0.015699	-1.623333	1.607634	0.015785 	0.005039
-48.600000	-0.015569	-1.620000	1.604431	0.015926 	0.005044
-48.500000	-0.015437	-1.616667	1.601230	0.016066 	0.005049
-48.400000	-0.015304	-1.613333	1.598029	0.016206 	0.005054
-48.300000	-0.015171	-1.610000	1.594829	0.016345 	0.005059
-48.200000	-0.015036	-1.606667	1.591631	0.016485 	0.005064
-48.100000	-0.014901	-1.603333	1.588432	0.016623 	0.005069
-48.000000	-0.014764	-1.600000	1.585236	0.016762 	0.005074
-47.900000	-0.014626	-1.596667	1.582041	0.016899 	0.005079
-47.800000	-0.014488	-1.593333	1.578845	0.017037 	0.005084
-47.700000	-0.014348	-1.590000	1.575652	0.017174 	0.005090
-47.600000	-0.014207	-1.586667	1.572460	0.017310 	0.005095
-47.500000	-0.014066	-1.583333	1.569267	0.017446 	0.005100
-47.400000	-0.013923	-1.580000	1.566077	0.017581 	0.005105
-47.300000	-0.013779	-1.576667	1.562888	0.017715 	0.005110
-47.200000	-0.013634	-1.573333	1.559699	0.017849 	0.005116
-47.100000	-0.013489	-1.570000	1.556511	0.017982 	0.005121
-47.000000	-0.013342	-1.566667	1.553325	0.018115 	0.005126
-46.900000	-0.013194	-1.563333	1.550139	0.018247 	0.005131
-46.800000	-0.013045	-1.560000	1.546955	0.018378 	0.005137
-46.700000	-0.012895	-1.556667	1.543772	0.018508 	0.005142
-46.600000	-0.012743	-1.553333	1.540590	0.018637 	0.005147
-46.500000	-0.012591	-1.550000	1.537409	0.018766 	0.005153
-46.400000	-0.012438	-1.546667	1.534229	0.018893 	0.005158
-46.300000	-0.012283	-1.543333	1.531050	0.019020 	0.005163
-46.200000	-0.012128	-1.540000	1.527872	0.019146 	0.005169
-46.100000	-0.011971	-1.536667	1.524696	0.019271 	0.005174
-46.000000	-0.011813	-1.533333	1.521520	0.019394 	0.005179
-45.900000	-0.011654	-1.530000	1.518346	0.019517 	0.005185
-45.800000	-0.011494	-1.526667	1.515173	0.019639 	0.005190
-45.700000	-0.011333	-1.523333	1.512000	0.019760 	0.005196
-45.600000	-0.011171	-1.520000	1.508829	0.019879 	0.005201
-45.500000	-0.011007	-1.516667	1.505660	0.019998 	0.005207
-45.400000	-0.010843	-1.513333	1.502490	0.020115 	0.005212
-45.300000	-0.010677	-1.510000	1.499323	0.020231 	0.005218
-45.200000	-0.010510	-1.506667	1.496157	0.020346 	0.005223
-45.100000	-0.010342	-1.503333	1.492991	0.020459 	0.005229
-45.000000	-0.010173	-1.500000	1.489827	0.020572 	0.005234
-44.900000	-0.010003	-1.496667	1.486664	0.020683 	0.005240
-44.800000	-0.009831	-1.493333	1.483502	0.020793 	0.005245
-44.700000	-0.009659	-1.490000	1.480341	0.020902 	0.005251
-44.600000	-0.009485	-1.486667	1.477182	0.021009 	0.005257
-44.500000	-0.009310	-1.483333	1.474023	0.021115 	0.005262
-44.400000	-0.009134	-1.480000	1.470866	0.021220 	0.005268
-44.300000	-0.008957	-1.476667	1.467710	0.021323 	0.005273
-44.200000	-0.008779	-1.473333	1.464554	0.021425 	0.005279
-44.100000	-0.008600	-1.470000	1.461400	0.021526 	0.005285
-44.000000	-0.008420	-1.466667	1.458247	0.021626 	0.005291
-43.900000	-0.008238	-1.463333	1.455095	0.021724 	0.005296
-43.800000	-0.008056	-1.460000	1.451944	0.021821 	0.005302
-43.700000	-0.007872	-1.456667	1.448795	0.021916 	0.005308
-43.600000	-0.007688	-1.453333	1.445645	0.022011 	0.005314
-43.500000	-0.007502	-1.450000	1.442498	0.022104 	0.005319
-43.400000	-0.007315	-1.446667	1.439352	0.022196 	0.005325
-43.300000	-0.007127	-1.443333	1.436206	0.022286 	0.005331
-43.200000	-0.006939	-1.440000	1.433061	0.022376 	0.005337
-43.100000	-0.006749	-1.436667	1.429918	0.022464 	0.005343
-43.000000	-0.006558	-1.433333	1.426775	0.022551 	0.005349
-42.900000	-0.006367	-1.430000	1.423633	0.022637 	0.005354
-42.800000	-0.006174	-1.426667	1.420493	0.022722 	0.005360
-42.700000	-0.005981	-1.423333	1.417352	0.022805 	0.005366
-42.600000	-0.005786	-1.420000	1.414214	0.022888 	0.005372
-42.500000	-0.005591	-1.416667	1.411076	0.022969 	0.005378
-42.400000	-0.005395	-1.413333	1.407938	0.023050 	0.005384
-42.300000	-0.005198	-1.410000	1.404802	0.023130 	0.005390
-42.200000	-0.005000	-1.406667	1.401667	0.023208 	0.005396
-42.100000	-0.004802	-1.403333	1.398531	0.023286 	0.005402
-42.000000	-0.004602	-1.400000	1.395398	0.023362 	0.005408
-41.900000	-0.004402	-1.396667	1.392265	0.023438 	0.005414
-41.800000	-0.004201	-1.393333	1.389132	0.023513 	0.005421
-41.700000	-0.003999	-1.390000	1.386001	0.023587 	0.005427
-41.600000	-0.003797	-1.386667	1.382870	0.023660 	0.005433
-41.500000	-0.003594	-1.383333	1.379739	0.023733 	0.005439
-41.400000	-0.003390	-1.380000	1.376610	0.023804 	0.005445
-41.300000	-0.003185	-1.376667	1.373482	0.023875 	0.005451
-41.200000	-0.002980	-1.373333	1.370353	0.023945 	0.005458
-41.100000	-0.002774	-1.370000	1.367226	0.024014 	0.005464
-41.000000	-0.002568	-1.366667	1.364099	0.024082 	0.005470
-40.900000	-0.002360	-1.363333	1.360973	0.024150 	0.005476
-40.800000	-0.002152	-1.360000	1.357848	0.024216 	0.005483
-40.700000	-0.001944	-1.356667	1.354723	0.024282 	0.005489
-40.600000	-0.001735	-1.353333	1.351598	0.024347 	0.005495
-40.500000	-0.001525	-1.350000	1.348475	0.024412 	0.005502
-40.400000	-0.001315	-1.346667	1.345352	0.024475 	0.005508
-40.300000	-0.001104	-1.343333	1.342229	0.024538 	0.005514
-40.200000	-0.000892	-1.340000	1.339108	0.024600 	0.005521
-40.100000	-0.000680	-1.336667	1.335987	0.024661 	0.005527
-40.000000	-0.000467	-1.333333	1.332866	0.024721 	0.005534
-39.900000	-0.000253	-1.330000	1.329747	0.024780 	0.005540
-39.800000	-0.000039	-1.326667	1.326628	0.024839 	0.005547
-39.700000	0.000175	-1.323333	1.323508	0.024896 	0.005553
-39.600000	0.000390	-1.320000	1.320390	0.024953 	0.005560
-39.500000	0.000606	-1.316667	1.317273	0.025009 	0.005566
-39.400000	0.000822	-1.313333	1.314155	0.025063 	0.005573
-39.300000	0.001039	-1.310000	1.311039	0.025117 	0.005580
-39.200000	0.001257	-1.306667	1.307924	0.025170 	0.005586
-39.100000	0.001475	-1.303333	1.304808	0.025222 	0.005593
-39.000000	0.001693	-1.300000	1.301693	0.025273 	0.005600
-38.900000	0.001912	-1.296667	1.298579	0.025323 	0.005606
-38.800000	0.002132	-1.293333	1.295465	0.025372 	0.005613
-38.700000	0.002352	-1.290000	1.292352	0.025420 	0.005620
-38.600000	0.002572	-1.286667	1.289239	0.025468 	0.005627
-38.500000	0.002794	-1.283333	1.286127	0.025514 	0.005633
-38.400000	0.003015	-1.280000	1.283015	0.025559 	0.005640
-38.300000	0.003237	-1.276667	1.279904	0.025603 	0.005647
-38.200000	0.003460	-1.273333	1.276793	0.025647 	0.005654
-38.100000	0.003683	-1.270000	1.273683	0.025689 	0.005661
-38.000000	0.003906	-1.266667	1.270573	0.025731 	0.005668
-37.900000	0.004130	-1.263333	1.267463	0.025772 	0.005675
-37.800000	0.004354	-1.260000	1.264354	0.025811 	0.005682
-37.700000	0.004578	-1.256667	1.261245	0.025850 	0.005689
-37.600000	0.004803	-1.253333	1.258136	0.025888 	0.005696
-37.500000	0.005028	-1.250000	1.255028	0.025926 	0.005703
-37.400000	0.005254	-1.246667	1.251921	0.025962 	0.005710
-37.300000	0.005480	-1.243333	1.248813	0.025998 	0.005717
-37.200000	0.005706	-1.240000	1.245706	0.026033 	0.005724
-37.100000	0.005932	-1.236667	1.242599	0.026067 	0.005731
-37.000000	0.006159	-1.233333	1.239492	0.026100 	0.005738
-36.900000	0.006385	-1.230000	1.236385	0.026133 	0.005746
-36.800000	0.006613	-1.226667	1.233280	0.026165 	0.005753
-36.700000	0.006840	-1.223333	1.230173	0.026196 	0.005760
-36.600000	0.007067	-1.220000	1.227067	0.026227 	0.005767
-36.500000	0.007295	-1.216667	1.223962	0.026257 	0.005775
-36.400000	0.007523	-1.213333	1.220856	0.026286 	0.005782
-36.300000	0.007751	-1.210000	1.217751	0.026315 	0.005789
-36.200000	0.007979	-1.206667	1.214646	0.026343 	0.005797
-36.100000	0.008207	-1.203333	1.211540	0.026371 	0.005804
-36.000000	0.008435	-1.200000	1.208435	0.026397 	0.005812
-35.900000	0.008663	-1.196667	1.205330	0.026424 	0.005819
-35.800000	0.008892	-1.193333	1.202225	0.026449 	0.005827
-35.700000	0.009120	-1.190000	1.199120	0.026474 	0.005834
-35.600000	0.009349	-1.186667	1.196016	0.026499 	0.005842
-35.500000	0.009577	-1.183333	1.192910	0.026522 	0.005849
-35.400000	0.009806	-1.180000	1.189806	0.026546 	0.005857
-35.300000	0.010035	-1.176667	1.186702	0.026568 	0.005865
-35.200000	0.010263	-1.173333	1.183596	0.026590 	0.005872
-35.100000	0.010492	-1.170000	1.180492	0.026611 	0.005880
-35.000000	0.010720	-1.166667	1.177387	0.026632 	0.005888
-34.900000	0.010949	-1.163333	1.174282	0.026652 	0.005896
-34.800000	0.011178	-1.160000	1.171178	0.026671 	0.005903
-34.700000	0.011406	-1.156667	1.168073	0.026689 	0.005911
-34.600000	0.011635	-1.153333	1.164968	0.026707 	0.005919
-34.500000	0.011863	-1.150000	1.161863	0.026724 	0.005927
-34.400000	0.012091	-1.146667	1.158758	0.026740 	0.005935
-34.300000	0.012320	-1.143333	1.155653	0.026756 	0.005943
-34.200000	0.012548	-1.140000	1.152548	0.026771 	0.005951
-34.100000	0.012776	-1.136667	1.149443	0.026785 	0.005959
-34.000000	0.013004	-1.133333	1.146337	0.026798 	0.005967
-33.900000	0.013232	-1.130000	1.143232	0.026810 	0.005975
-33.800000	0.013460	-1.126667	1.140127	0.026822 	0.005983
-33.700000	0.013688	-1.123333	1.137021	0.026832 	0.005991
-33.600000	0.013916	-1.120000	1.133916	0.026842 	0.006000
-33.500000	0.014143	-1.116667	1.130810	0.026851 	0.006008
-33.400000	0.014371	-1.113333	1.127704	0.026859 	0.006016
-33.300000	0.014598	-1.110000	1.124598	0.026866 	0.006024
-33.200000	0.014825	-1.106667	1.121492	0.026872 	0.006033
-33.100000	0.015052	-1.103333	1.118385	0.026877 	0.006041
-33.000000	0.015279	-1.100000	1.115279	0.026881 	0.006050
-32.900000	0.015506	-1.096667	1.112173	0.026885 	0.006058
-32.800000	0.015732	-1.093333	1.109065	0.026887 	0.006067
-32.700000	0.015958	-1.090000	1.105958	0.026888 	0.006075
-32.600000	0.016184	-1.086667	1.102851	0.026888 	0.006084
-32.500000	0.016410	-1.083333	1.099743	0.026887 	0.006092
-32.400000	0.016636	-1.080000	1.096636	0.026886 	0.006101
-32.300000	0.016861	-1.076667	1.093528	0.026883 	0.006109
-32.200000	0.017086	-1.073333	1.090419	0.026879 	0.006118
-32.100000	0.017311	-1.070000	1.087311	0.026874 	0.006127
-32.000000	0.017535	-1.066667	1.084202	0.026867 	0.006136
-31.900000	0.017759	-1.063333	1.081092	0.026860 	0.006144
-31.800000	0.017983	-1.060000	1.077983	0.026852 	0.006153
-31.700000	0.018207	-1.056667	1.074874	0.026842 	0.006162
-31.600000	0.018430	-1.053333	1.071763	0.026832 	0.006171
-31.500000	0.018653	-1.050000	1.068653	0.026820 	0.006180
-31.400000	0.018875	-1.046667	1.065542	0.026807 	0.006189
-31.300000	0.019097	-1.043333	1.062430	0.026793 	0.006198
-31.200000	0.019319	-1.040000	1.059319	0.026777 	0.006207
-31.100000	0.019540	-1.036667	1.056207	0.026761 	0.006216
-31.000000	0.019761	-1.033333	1.053094	0.026743 	0.006226
-30.900000	0.019982	-1.030000	1.049982	0.026724 	0.006235
-30.800000	0.020202	-1.026667	1.046869	0.026704 	0.006244
-30.700000	0.020421	-1.023333	1.043754	0.026682 	0.006253
-30.600000	0.020640	-1.020000	1.040640	0.026660 	0.006263
-30.500000	0.020859	-1.016667	1.037526	0.026635 	0.006272
-30.400000	0.021077	-1.013333	1.034410	0.026610 	0.006282
-30.300000	0.021295	-1.010000	1.031295	0.026583 	0.006291
-30.200000	0.021512	-1.006667	1.028179	0.026556 	0.006301
-30.100000	0.021729	-1.003333	1.025062	0.026526 	0.006310
-30.000000	0.021945	-1.000000	1.021945	0.026496 	0.006320
-29.900000	0.022160	-0.996667	1.018827	0.026463 	0.006329
-29.800000	0.022375	-0.993333	1.015708	0.026430 	0.006339
-29.700000	0.022589	-0.990000	1.012589	0.026395 	0.006349
-29.600000	0.022803	-0.986667	1.009470	0.026359 	0.006359
-29.500000	0.023016	-0.983333	1.006349	0.026321 	0.006369
-29.400000	0.023228	-0.980000	1.003228	0.026282 	0.006378
-29.300000	0.023440	-0.976667	1.000107	0.026242 	0.006388
-29.200000	0.023651	-0.973333	0.996985	0.026200 	0.006398
-29.100000	0.023862	-0.970000	0.993862	0.026156 	0.006408
-29.000000	0.024071	-0.966667	0.990738	0.026111 	0.006419
-28.900000	0.024280	-0.963333	0.987614	0.026064 	0.006429
-28.800000	0.024489	-0.960000	0.984489	0.026016 	0.006439
-28.700000	0.024696	-0.956667	0.981363	0.025967 	0.006449
-28.600000	0.024903	-0.953333	0.978236	0.025915 	0.006459
-28.500000	0.025109	-0.950000	0.975109	0.025862 	0.006470
-28.400000	0.025314	-0.946667	0.971981	0.025808 	0.006480
-28.300000	0.025518	-0.943333	0.968852	0.025752 	0.006491
-28.200000	0.025722	-0.940000	0.965722	0.025694 	0.006501
-28.100000	0.025924	-0.936667	0.962591	0.025635 	0.006512
-28.000000	0.026126	-0.933333	0.959460	0.025574 	0.006522
-27.900000	0.026327	-0.930000	0.956327	0.025511 	0.006533
-27.800000	0.026527	-0.926667	0.953194	0.025446 	0.006544
-27.700000	0.026726	-0.923333	0.950060	0.025380 	0.006555
-27.600000	0.026924	-0.920000	0.946924	0.025312 	0.006565
-27.500000	0.027122	-0.916667	0.943788	0.025242 	0.006576
-27.400000	0.027318	-0.913333	0.940651	0.025170 	0.006587
-27.300000	0.027513	-0.910000	0.937513	0.025097 	0.006598
-27.200000	0.027707	-0.906667	0.934374	0.025021 	0.006609
-27.100000	0.027900	-0.903333	0.931234	0.024944 	0.006620
-27.000000	0.028093	-0.900000	0.928093	0.024865 	0.006632
-26.900000	0.028284	-0.896667	0.924950	0.024784 	0.006643
-26.800000	0.028474	-0.893333	0.921807	0.024701 	0.006654
-26.700000	0.028663	-0.890000	0.918663	0.024616 	0.006666
-26.600000	0.028851	-0.886667	0.915517	0.024528 	0.006677
-26.500000	0.029037	-0.883333	0.912371	0.024439 	0.006689
-26.400000	0.029223	-0.880000	0.909223	0.024348 	0.006700
-26.300000	0.029407	-0.876667	0.906074	0.024255 	0.006712
-26.200000	0.029590	-0.873333	0.902924	0.024159 	0.006723
-26.100000	0.029772	-0.870000	0.899772	0.024062 	0.006735
-26.000000	0.029953	-0.866667	0.896620	0.023962 	0.006747
-25.900000	0.030133	-0.863333	0.893466	0.023860 	0.006759
-25.800000	0.030311	-0.860000	0.890311	0.023756 	0.006771
-25.700000	0.030488	-0.856667	0.887154	0.023650 	0.006783
-25.600000	0.030663	-0.853333	0.883997	0.023541 	0.006795
-25.500000	0.030838	-0.850000	0.880838	0.023430 	0.006807
-25.400000	0.031011	-0.846667	0.877677	0.023317 	0.006819
-25.300000	0.031182	-0.843333	0.874515	0.023201 	0.006832
-25.200000	0.031352	-0.840000	0.871352	0.023083 	0.006844
-25.100000	0.031521	-0.836667	0.868188	0.022962 	0.006857
-25.000000	0.031688	-0.833333	0.865022	0.022839 	0.006869
-24.900000	0.031854	-0.830000	0.861854	0.022713 	0.006882
-24.800000	0.032019	-0.826667	0.858685	0.022585 	0.006894
-24.700000	0.032182	-0.823333	0.855515	0.022454 	0.006907
-24.600000	0.032343	-0.820000	0.852343	0.022321 	0.006920
-24.500000	0.032503	-0.816667	0.849169	0.022185 	0.006933
-24.400000	0.032661	-0.813333	0.845994	0.022046 	0.006946
-24.300000	0.032818	-0.810000	0.842818	0.021905 	0.006959
-24.200000	0.032973	-0.806667	0.839639	0.021761 	0.006972
-24.100000	0.033126	-0.803333	0.836459	0.021614 	0.006985
-24.000000	0.033278	-0.800000	0.833278	0.021464 	0.006999
-23.900000	0.033428	-0.796667	0.830094	0.021311 	0.007012
-23.800000	0.033576	-0.793333	0.826909	0.021156 	0.007026
-23.700000	0.033723	-0.790000	0.823723	0.020997 	0.007039
-23.600000	0.033868	-0.786667	0.820534	0.020836 	0.007053
-23.500000	0.034011	-0.783333	0.817344	0.020671 	0.007067
-23.400000	0.034152	-0.780000	0.814152	0.020503 	0.007081
-23.300000	0.034291	-0.776667	0.810958	0.020332 	0.007094
-23.200000	0.034429	-0.773333	0.807762	0.020158 	0.007108
-23.100000	0.034564	-0.770000	0.804564	0.019981 	0.007123
-23.000000	0.034698	-0.766667	0.801365	0.019800 	0.007137
-22.900000	0.034830	-0.763333	0.798163	0.019617 	0.007151
-22.800000	0.034960	-0.760000	0.794960	0.019429 	0.007165
-22.700000	0.035088	-0.756667	0.791754	0.019239 	0.007180
-22.600000	0.035213	-0.753333	0.788547	0.019045 	0.007195
-22.500000	0.035337	-0.750000	0.785337	0.018847 	0.007209
-22.400000	0.035459	-0.746667	0.782125	0.018646 	0.007224
-22.300000	0.035578	-0.743333	0.778912	0.018441 	0.007239
-22.200000	0.035696	-0.740000	0.775696	0.018232 	0.007254
-22.100000	0.035811	-0.736667	0.772478	0.018020 	0.007269
-22.000000	0.035924	-0.733333	0.769257	0.017804 	0.007284
-21.900000	0.036035	-0.730000	0.766035	0.017584 	0.007299
-21.800000	0.036144	-0.726667	0.762810	0.017360 	0.007315
-21.700000	0.036250	-0.723333	0.759583	0.017133 	0.007330
-21.600000	0.036354	-0.720000	0.756354	0.016901 	0.007346
-21.500000	0.036456	-0.716667	0.753122	0.016665 	0.007362
-21.400000	0.036555	-0.713333	0.749888	0.016425 	0.007378
-21.300000	0.036652	-0.710000	0.746652	0.016181 	0.007394
-21.200000	0.036746	-0.706667	0.743413	0.015932 	0.007410
-21.100000	0.036838	-0.703333	0.740172	0.015680 	0.007426
-21.000000	0.036928	-0.700000	0.736928	0.015423 	0.007442
-20.900000	0.037015	-0.696667	0.733681	0.015161 	0.007459
-20.800000	0.037099	-0.693333	0.730432	0.014895 	0.007475
-20.700000	0.037181	-0.690000	0.727181	0.014624 	0.007492
-20.600000	0.037260	-0.686667	0.723927	0.014348 	0.007509
-20.500000	0.037336	-0.683333	0.720670	0.014068 	0.007526
-20.400000	0.037410	-0.680000	0.717410	0.013783 	0.007543
-20.300000	0.037481	-0.676667	0.714148	0.013493 	0.007560
-20.200000	0.037549	-0.673333	0.710883	0.013198 	0.007577
-20.100000	0.037615	-0.670000	0.707615	0.012898 	0.007595
-20.000000	0.037677	-0.666667	0.704344	0.012593 	0.007612
-19.900000	0.037737	-0.663333	0.701070	0.012283 	0.007630
-19.800000	0.037794	-0.660000	0.697794	0.011967 	0.007648
-19.700000	0.037847	-0.656667	0.694514	0.011646 	0.007666
-19.600000	0.037898	-0.653333	0.691231	0.011320 	0.007684
-19.500000	0.037946	-0.650000	0.687946	0.010988 	0.007703
-19.400000	0.037990	-0.646667	0.684657	0.010650 	0.007721
-19.300000	0.038032	-0.643333	0.681365	0.010307 	0.007740
-19.200000	0.038070	-0.640000	0.678070	0.009958 	0.007759
-19.100000	0.038105	-0.636667	0.674772	0.009602 	0.007777
-19.000000	0.038137	-0.633333	0.671470	0.009241 	0.007797
-18.900000	0.038166	-0.630000	0.668166	0.008874 	0.007816
-18.800000	0.038191	-0.626667	0.664858	0.008500 	0.007835
-18.700000	0.038213	-0.623333	0.661546	0.008120 	0.007855
-18.600000	0.038231	-0.620000	0.658231	0.007734 	0.007875
-18.500000	0.038246	-0.616667	0.654913	0.007341 	0.007895
-18.400000	0.038257	-0.613333	0.651591	0.006941 	0.007915
-18.300000	0.038265	-0.610000	0.648265	0.006535 	0.007935
-18.200000	0.038270	-0.606667	0.644936	0.006121 	0.007955
-18.100000	0.038270	-0.603333	0.641603	0.005701 	0.007976
-18.000000	0.038267	-0.600000	0.638267	0.005273 	0.007997
-17.900000	0.038260	-0.596667	0.634927	0.004839 	0.008018
-17.800000	0.038249	-0.593333	0.631583	0.004397 	0.008039
-17.700000	0.038235	-0.590000	0.628235	0.003947 	0.008060
-17.600000	0.038217	-0.586667	0.624883	0.003490 	0.008082
-17.500000	0.038194	-0.583333	0.621527	0.003025 	0.008104
-17.400000	0.038168	-0.580000	0.618168	0.002552 	0.008126
-17.300000	0.038137	-0.576667	0.614804	0.002071 	0.008148
-17.200000	0.038103	-0.573333	0.611436	0.001582 	0.008170
-17.100000	0.038064	-0.570000	0.608064	0.001084 	0.008193
-17.000000	0.038021	-0.566667	0.604688	0.000578 	0.008216
-16.900000	0.037974	-0.563333	0.601307	0.000064 	0.008239
-16.800000	0.037922	-0.560000	0.597922	-0.000460 	0.008262
-16.700000	0.037866	-0.556667	0.594533	-0.000992 	0.008286
-16.600000	0.037806	-0.553333	0.591139	-0.001534 	0.008309
-16.500000	0.037741	-0.550000	0.587741	-0.002084 	0.008333
-16.400000	0.037671	-0.546667	0.584338	-0.002645 	0.008358
-16.300000	0.037597	-0.543333	0.580930	-0.003214 	0.008382
-16.200000	0.037518	-0.540000	0.577518	-0.003794 	0.008407
-16.100000	0.037434	-0.536667	0.574101	-0.004383 	0.008432
-16.000000	0.037346	-0.533333	0.570679	-0.004983 	0.008457
-15.900000	0.037253	-0.530000	0.567253	-0.005593 	0.008483
-15.800000	0.037154	-0.526667	0.563821	-0.006214 	0.008508
-15.700000	0.037051	-0.523333	0.560384	-0.006845 	0.008534
-15.600000	0.036942	-0.520000	0.556942	-0.007488 	0.008561
-15.500000	0.036828	-0.516667	0.553495	-0.008141 	0.008587
-15.400000	0.036709	-0.513333	0.550043	-0.008806 	0.008614
-15.300000	0.036585	-0.510000	0.546585	-0.009482 	0.008641
-15.200000	0.036455	-0.506667	0.543122	-0.010171 	0.008669
-15.100000	0.036320	-0.503333	0.539654	-0.010871 	0.008697
-15.000000	0.036180	-0.500000	0.536180	-0.011584 	0.008725
-14.900000	0.036033	-0.496667	0.532700	-0.012309 	0.008753
-14.800000	0.035881	-0.493333	0.529214	-0.013047 	0.008782
-14.700000	0.035723	-0.490000	0.525723	-0.013798 	0.008811
-14.600000	0.035560	-0.486667	0.522226	-0.014562 	0.008841
-14.500000	0.035390	-0.483333	0.518723	-0.015340 	0.008871
-14.400000	0.035214	-0.480000	0.515214	-0.016131 	0.008901
-14.300000	0.035032	-0.476667	0.511699	-0.016937 	0.008931
-14.200000	0.034844	-0.473333	0.508177	-0.017757 	0.008962
-14.100000	0.034650	-0.470000	0.504650	-0.018592 	0.008993
-14.000000	0.034449	-0.466667	0.501115	-0.019442 	0.009025
-13.900000	0.034241	-0.463333	0.497575	-0.020307 	0.009057
-13.800000	0.034027	-0.460000	0.494027	-0.021188 	0.009090
-13.700000	0.033807	-0.456667	0.490474	-0.022084 	0.009122
-13.600000	0.033579	-0.453333	0.486913	-0.022997 	0.009156
-13.500000	0.033345	-0.450000	0.483345	-0.023927 	0.009189
-13.400000	0.033104	-0.446667	0.479770	-0.024873 	0.009224
-13.300000	0.032855	-0.443333	0.476188	-0.025837 	0.009258
-13.200000	0.032599	-0.440000	0.472599	-0.026818 	0.009293
-13.100000	0.032336	-0.436667	0.469003	-0.027817 	0.009329
-13.000000	0.032066	-0.433333	0.465399	-0.028835 	0.009365
-12.900000	0.031788	-0.430000	0.461788	-0.029871 	0.009401
-12.800000	0.031502	-0.426667	0.458168	-0.030927 	0.009439
-12.700000	0.031208	-0.423333	0.454541	-0.032001 	0.009476
-12.600000	0.030906	-0.420000	0.450906	-0.033096 	0.009514
-12.500000	0.030597	-0.416667	0.447263	-0.034211 	0.009553
-12.400000	0.030278	-0.413333	0.443612	-0.035347 	0.009592
-12.300000	0.029952	-0.410000	0.439952	-0.036504 	0.009632
-12.200000	0.029617	-0.406667	0.436284	-0.037682 	0.009672
-12.100000	0.029273	-0.403333	0.432607	-0.038882 	0.009713
-12.000000	0.028921	-0.400000	0.428921	-0.040105 	0.009755
-11.900000	0.028559	-0.396667	0.425226	-0.041350 	0.009797
-11.800000	0.028188	-0.393333	0.421522	-0.042618 	0.009840
-11.700000	0.027808	-0.390000	0.417808	-0.043910 	0.009884
-11.600000	0.027419	-0.386667	0.414085	-0.045227 	0.009928
-11.500000	0.027019	-0.383333	0.410353	-0.046567 	0.009973
-11.400000	0.026610	-0.380000	0.406610	-0.047933 	0.010019
-11.300000	0.026191	-0.376667	0.402858	-0.049324 	0.010066
-11.200000	0.025761	-0.373333	0.399094	-0.050741 	0.010113
-11.100000	0.025321	-0.370000	0.395321	-0.052184 	0.010161
-11.000000	0.024870	-0.366667	0.391537	-0.053655 	0.010210
-10.900000	0.024409	-0.363333	0.387742	-0.055153 	0.010260
-10.800000	0.023936	-0.360000	0.383936	-0.056679 	0.010311
-10.700000	0.023452	-0.356667	0.380118	-0.058233 	0.010362
-10.600000	0.022956	-0.353333	0.376289	-0.059816 	0.010415
-10.500000	0.022448	-0.350000	0.372448	-0.061429 	0.010468
-10.400000	0.021929	-0.346667	0.368595	-0.063073 	0.010523
-10.300000	0.021397	-0.343333	0.364730	-0.064747 	0.010579
-10.200000	0.020852	-0.340000	0.360852	-0.066453 	0.010635
-10.100000	0.020295	-0.336667	0.356962	-0.068191 	0.010693
-10.000000	0.019725	-0.333333	0.353058	-0.069963 	0.010752
-9.900000	0.019142	-0.330000	0.349142	-0.071768 	0.010812
-9.800000	0.018545	-0.326667	0.345212	-0.073607 	0.010874
-9.700000	0.017934	-0.323333	0.341268	-0.075483 	0.010936
-9.600000	0.017310	-0.320000	0.337310	-0.077394 	0.011000
-9.500000	0.016671	-0.316667	0.333337	-0.079343 	0.011066
-9.400000	0.016017	-0.313333	0.329350	-0.081330 	0.011132
-9.300000	0.015349	-0.310000	0.325349	-0.083356 	0.011201
-9.200000	0.014665	-0.306667	0.321332	-0.085423 	0.011270
-9.100000	0.013966	-0.303333	0.317299	-0.087531 	0.011342
-9.000000	0.013252	-0.300000	0.313252	-0.089682 	0.011415
-8.900000	0.012521	-0.296667	0.309188	-0.091877 	0.011490
-8.800000	0.011774	-0.293333	0.305107	-0.094117 	0.011566
-8.700000	0.011011	-0.290000	0.301011	-0.096405 	0.011645
-8.600000	0.010230	-0.286667	0.296897	-0.098740 	0.011725
-8.500000	0.009433	-0.283333	0.292766	-0.101125 	0.011807
-8.400000	0.008618	-0.280000	0.288618	-0.103562 	0.011892
-8.300000	0.007786	-0.276667	0.284452	-0.106051 	0.011979
-8.200000	0.006935	-0.273333	0.280268	-0.108596 	0.012068
-8.100000	0.006066	-0.270000	0.276066	-0.111197 	0.012159
-8.000000	0.005178	-0.266667	0.271845	-0.113857 	0.012253
-7.900000	0.004271	-0.263333	0.267604	-0.116577 	0.012350
-7.800000	0.003344	-0.260000	0.263344	-0.119361 	0.012450
-7.700000	0.002398	-0.256667	0.259065	-0.122209 	0.012552
-7.600000	0.001432	-0.253333	0.254765	-0.125125 	0.012657
-7.500000	0.000445	-0.250000	0.250445	-0.128111 	0.012766
-7.400000	-0.000563	-0.246667	0.246104	-0.131168 	0.012878
-7.300000	-0.001591	-0.243333	0.241742	-0.134301 	0.012994
-7.200000	-0.002642	-0.240000	0.237358	-0.137512 	0.013113
-7.100000	-0.003714	-0.236667	0.232952	-0.140803 	0.013237
-7.000000	-0.004809	-0.233333	0.228524	-0.144178 	0.013364
-6.900000	-0.005927	-0.230000	0.224073	-0.147640 	0.013497
-6.800000	-0.007068	-0.226667	0.219599	-0.151192 	0.013633
-6.700000	-0.008232	-0.223333	0.215101	-0.154838 	0.013775
-6.600000	-0.009421	-0.220000	0.210579	-0.158580 	0.013922
-6.500000	-0.010633	-0.216667	0.206033	-0.162424 	0.014075
-6.400000	-0.011871	-0.213333	0.201462	-0.166372 	0.014234
-6.300000	-0.013134	-0.210000	0.196866	-0.170429 	0.014399
-6.200000	-0.014422	-0.206667	0.192244	-0.174599 	0.014571
-6.100000	-0.015737	-0.203333	0.187597	-0.178887 	0.014750
-6.000000	-0.017078	-0.200000	0.182922	-0.183298 	0.014938
-5.900000	-0.018445	-0.196667	0.178221	-0.187835 	0.015133
-5.800000	-0.019840	-0.193333	0.173493	-0.192505 	0.015338
-5.700000	-0.021263	-0.190000	0.168737	-0.197311 	0.015553
-5.600000	-0.022713	-0.186667	0.163953	-0.202261 	0.015778
-5.500000	-0.024192	-0.183333	0.159141	-0.207360 	0.016015
-5.400000	-0.025700	-0.180000	0.154300	-0.212612 	0.016264
-5.300000	-0.027236	-0.176667	0.149430	-0.218025 	0.016527
-5.200000	-0.028802	-0.173333	0.144531	-0.223605 	0.016805
-5.100000	-0.030397	-0.170000	0.139603	-0.229358 	0.017099
-5.000000	-0.032021	-0.166667	0.134645	-0.235291 	0.017411
-4.900000	-0.033676	-0.163333	0.129658	-0.241411 	0.017743
-4.800000	-0.035359	-0.160000	0.124641	-0.247723 	0.018096
-4.700000	-0.037073	-0.156667	0.119594	-0.254236 	0.018474
-4.600000	-0.038816	-0.153333	0.114517	-0.260956 	0.018879
-4.500000	-0.040588	-0.150000	0.109412	-0.267889 	0.019315
-4.400000	-0.042390	-0.146667	0.104277	-0.275043 	0.019784
-4.300000	-0.044219	-0.143333	0.099114	-0.282423 	0.020293
-4.200000	-0.046076	-0.140000	0.093924	-0.290033 	0.020846
-4.100000	-0.047960	-0.136667	0.088706	-0.297879 	0.021451
-4.000000	-0.049870	-0.133333	0.083464	-0.305964 	0.022114
-3.900000	-0.051803	-0.130000	0.078197	-0.314288 	0.022847
-3.800000	-0.053759	-0.126667	0.072908	-0.322849 	0.023661
-3.700000	-0.055734	-0.123333	0.067599	-0.331642 	0.024572
-3.600000	-0.057727	-0.120000	0.062273	-0.340655 	0.025602
-3.500000	-0.059734	-0.116667	0.056933	-0.349868 	0.026775
-3.400000	-0.061751	-0.113333	0.051582	-0.359251 	0.028130
-3.300000	-0.063773	-0.110000	0.046227	-0.368756 	0.029714
-3.200000	-0.065793	-0.106667	0.040874	-0.378306 	0.031601
-3.100000	-0.067805	-0.103333	0.035529	-0.387787 	0.033894
-3.000000	-0.069797	-0.100000	0.030203	-0.397007 	0.036762
-2.900000	-0.071759	-0.096667	0.024908	-0.405653 	0.040481
-2.800000	-0.073672	-0.093333	0.019661	-0.413166 	0.045563
-2.700000	-0.075520	-0.090000	0.014480	-0.418456 	0.053092
-2.600000	-0.077285	-0.086667	0.009382	-0.419817 	0.065960
-2.500000	-0.078760	-0.083333	0.004574	-0.413681 	0.094467
-2.400000	-0.077324	-0.080000	0.002676	0.000000 	0.000000
-2.300000	-0.074063	-0.076667	0.002603	0.000000 	0.000000
-2.200000	-0.070689	-0.073333	0.002644	0.000000 	0.000000
-2.100000	-0.067315	-0.070000	0.002685	0.000000 	0.000000
-2.000000	-0.063954	-0.066667	0.002713	0.000000 	0.000000
-1.900000	-0.060612	-0.063333	0.002721	0.000000 	0.000000
-1.800000	-0.057251	-0.060000	0.002749	0.000000 	0.000000
-1.700000	-0.053914	-0.056667	0.002753	0.000000 	0.000000
-1.600000	-0.050558	-0.053333	0.002775	0.000000 	0.000000
-1.500000	-0.047216	-0.050000	0.002784	0.000000 	0.000000
-1.400000	-0.043875	-0.046667	0.002791	0.000000 	0.000000
-1.300000	-0.040540	-0.043333	0.002793	0.000000 	0.000000
-1.200000	-0.037201	-0.040000	0.002799	0.000000 	0.000000
-1.100000	-0.033867	-0.036667	0.002800	0.000000 	0.000000
-1.000000	-0.030534	-0.033333	0.002799	0.000000 	0.000000
-0.900000	-0.027198	-0.030000	0.002802	0.000000 	0.000000
-0.800000	-0.023859	-0.026667	0.002808	0.000000 	0.000000
-0.700000	-0.020519	-0.023333	0.002814	0.000000 	0.000000
-0.600000	-0.017200	-0.020000	0.002800	0.000000 	0.000000
-0.500000	-0.013869	-0.016667	0.002798	0.000000 	0.000000
-0.400000	-0.010529	-0.013333	0.002804	0.000000 	0.000000
-0.300000	-0.007204	-0.010000	0.002796	0.000000 	0.000000
-0.200000	-0.003869	-0.006667	0.002797	0.000000 	0.000000
-0.100000	-0.000549	-0.003333	0.002785	0.000000 	0.000000
0.000000	0.002793	0.000000	0.002793	0.000000 	0.000000
0.100000	0.006112	0.003333	0.002778	0.000000 	0.000000
0.200000	0.009444	0.006667	0.002778	0.000000 	0.000000
0.300000	0.012766	0.010000	0.002766	0.000000 	0.000000
0.400000	0.016099	0.013333	0.002766	0.000000 	0.000000
0.500000	0.019416	0.016667	0.002749	0.000000 	0.000000
0.600000	0.022750	0.020000	0.002750	0.000000 	0.000000
0.700000	0.026072	0.023333	0.002739	0.000000 	0.000000
0.800000	0.029407	0.026667	0.002741	0.000000 	0.000000
0.900000	0.032723	0.030000	0.002723	0.000000 	0.000000
1.000000	0.036051	0.033333	0.002718	0.000000 	0.000000
1.100000	0.039373	0.036667	0.002706	0.000000 	0.000000
1.200000	0.042704	0.040000	0.002704	0.000000 	0.000000
1.300000	0.046028	0.043333	0.002695	0.000000 	0.000000
1.400000	0.049354	0.046667	0.002687	0.000000 	0.000000
1.500000	0.052666	0.050000	0.002666	0.000000 	0.000000
1.600000	0.055994	0.053333	0.002661	0.000000 	0.000000
1.700000	0.059311	0.056667	0.002644	0.000000 	0.000000
1.800000	0.062639	0.060000	0.002639	0.000000 	0.000000
1.900000	0.065962	0.063333	0.002628	0.000000 	0.000000
2.000000	0.069278	0.066667	0.002612	0.000000 	0.000000
2.100000	0.072624	0.070000	0.002624	0.000000 	0.000000
2.200000	0.075895	0.073333	0.002562	0.000000 	0.000000
2.300000	0.079295	0.076667	0.002628	0.000000 	0.000000
2.400000	0.082517	0.080000	0.002517	0.000000 	0.000000
2.500000	0.085934	0.083333	0.002601	0.000000 	0.000000
2.600000	0.089202	0.086667	0.002535	0.000000 	0.000000
2.700000	0.092202	0.090000	0.002202	0.000000 	0.000000
2.800000	0.095877	0.093333	0.002544	0.000000 	0.000000
2.900000	0.098752	0.096667	0.002086	0.000000 	0.000000
3.000000	0.100000	0.100000	0.000000	0.000000 	0.000000
3.100000	0.103333	0.103333	0.000000	0.000000 	0.000000
3.200000	0.106667	0.106667	0.000000	0.000000 	0.000000
3.300000	0.110000	0.110000	0.000000	0.000000 	0.000000
3.400000	0.113333	0.113333	0.000000	0.000000 	0.000000
3.500000	0.116667	0.116667	0.000000	0.000000 	0.000000
3.600000	0.120000	0.120000	0.000000	0.000000 	0.000000
3.700000	0.123333	0.123333	0.000000	0.000000 	0.000000
3.800000	0.126667	0.126667	0.000000	0.000000 	0.000000
3.900000	0.130000	0.130000	0.000000	0.000000 	0.000000
4.000000	0.133333	0.133333	0.000000	0.000000 	0.000000
4.100000	0.136667	0.136667	0.000000	0.000000 	0.000000
4.200000	0.140000	0.140000	0.000000	0.000000 	0.000000
4.300000	0.143333	0.143333	0.000000	0.000000 	0.000000
4.400000	0.146667	0.146667	0.000000	0.000000 	0.000000
4.500000	0.150000	0.150000	0.000000	0.000000 	0.000000
4.600000	0.153333	0.153333	0.000000	0.000000 	0.000000
4.700000	0.156667	0.156667	0.000000	0.000000 	0.000000
4.800000	0.160000	0.160000	0.000000	0.000000 	0.000000
4.900000	0.163333	0.163333	0.000000	0.000000 	0.000000
5.000000	0.166667	0.166667	0.000000	0.000000 	0.000000
5.100000	0.170000	0.170000	0.000000	0.000000 	0.000000
5.200000	0.173333	0.173333	0.000000	0.000000 	0.000000
5.300000	0.176667	0.176667	0.000000	0.000000 	0.000000
5.400000	0.180000	0.180000	0.000000	0.000000 	0.000000
5.500000	0.183333	0.183333	0.000000	0.000000 	0.000000
5.600000	0.186667	0.186667	0.000000	0.000000 	0.000000
5.700000	0.190000	0.190000	0.000000	0.000000 	0.000000
5.800000	0.193333	0.193333	0.000000	0.000000 	0.000000
5.900000	0.196667	0.196667	0.000000	0.000000 	0.000000
6.000000	0.200000	0.200000	0.000000	0.000000 	0.000000
6.100000	0.203333	0.203333	0.000000	0.000000 	0.000000
6.200000	0.206667	0.206667	0.000000	0.000000 	0.000000
6.300000	0.210000	0.210000	0.000000	0.000000 	0.000000
6.400000	0.213333	0.213333	0.000000	0.000000 	0.000000
6.500000	0.216667	0.216667	0.000000	0.000000 	0.000000
6.600000	0.220000	0.220000	0.000000	0.000000 	0.000000
6.700000	0.223333	0.223333	0.000000	0.000000 	0.000000
6.800000	0.226667	0.226667	0.000000	0.000000 	0.000000
6.900000	0.230000	0.230000	0.000000	0.000000 	0.000000
7.000000	0.233333	0.233333	0.000000	0.000000 	0.000000
7.100000	0.236667	0.236667	0.000000	0.000000 	0.000000
7.200000	0.240000	0.240000	0.000000	0.000000 	0.000000
7.300000	0.243333	0.243333	0.000000	0.000000 	0.000000
7.400000	0.246667	0.246667	0.000000	0.000000 	0.000000
7.500000	0.250000	0.250000	0.000000	0.000000 	0.000000
7.600000	0.253333	0.253333	0.000000	0.000000 	0.000000
7.700000	0.256667	0.256667	0.000000	0.000000 	0.000000
7.800000	0.260000	0.260000	0.000000	0.000000 	0.000000
7.900000	0.263333	0.263333	0.000000	0.000000 	0.000000
8.000000	0.266667	0.266667	0.000000	0.000000 	0.000000
8.100000	0.270000	0.270000	0.000000	0.000000 	0.000000
8.200000	0.273333	0.273333	0.000000	0.000000 	0.000000
8.300000	0.276667	0.276667	0.000000	0.000000 	0.000000
8.400000	0.280000	0.280000	0.000000	0.000000 	0.000000
8.500000	0.283333	0.283333	0.000000	0.000000 	0.000000
8.600000	0.286667	0.286667	0.000000	0.000000 	0.000000
8.700000	0.290000	0.290000	0.000000	0.000000 	0.000000
8.800000	0.293333	0.293333	0.000000	0.000000 	0.000000
8.900000	0.296667	0.296667	0.000000	0.000000 	0.000000
9.000000	0.300000	0.300000	0.000000	0.000000 	0.000000
9.100000	0.303333	0.303333	0.000000	0.000000 	0.000000
9.200000	0.306667	0.306667	0.000000	0.000000 	0.000000
9.300000	0.310000	0.310000	0.000000	0.000000 	0.000000
9.400000	0.313333	0.313333	0.000000	0.000000 	0.000000
9.500000	0.316667	0.316667	0.000000	0.000000 	0.000000
9.600000	0.320000	0.320000	0.000000	0.000000 	0.000000
9.700000	0.323333	0.323333	0.000000	0.000000 	0.000000
9.800000	0.326667	0.326667	0.000000	0.000000 	0.000000
9.900000	0.330000	0.330000	0.000000	0.000000 	0.000000
