VARIABLES = X,Ksi,B,H,U,tau 
ZONE T="Time 15.000000", I=1100, DATAPACKING=POINT
-100.000000	0.009519	-3.333333	3.342852	0.024849 	0.003494
-99.900000	0.005629	-3.330000	3.335629	0.031438 	0.003498
-99.800000	0.007179	-3.326667	3.333846	0.028701 	0.003499
-99.700000	0.006386	-3.323333	3.329719	0.029981 	0.003501
-99.600000	0.006602	-3.320000	3.326602	0.029530 	0.003503
-99.500000	0.006384	-3.316667	3.323051	0.029824 	0.003505
-99.400000	0.006352	-3.313333	3.319685	0.029796 	0.003506
-99.300000	0.006239	-3.310000	3.316239	0.029907 	0.003508
-99.200000	0.006162	-3.306667	3.312829	0.029957 	0.003510
-99.100000	0.006068	-3.303333	3.309401	0.030033 	0.003512
-99.000000	0.005981	-3.300000	3.305981	0.030096 	0.003514
-98.900000	0.005892	-3.296667	3.302559	0.030165 	0.003516
-98.800000	0.005803	-3.293333	3.299136	0.030230 	0.003517
-98.700000	0.005713	-3.290000	3.295713	0.030296 	0.003519
-98.600000	0.005624	-3.286667	3.292291	0.030361 	0.003521
-98.500000	0.005534	-3.283333	3.288867	0.030426 	0.003523
-98.400000	0.005444	-3.280000	3.285444	0.030490 	0.003525
-98.300000	0.005354	-3.276667	3.282021	0.030554 	0.003527
-98.200000	0.005263	-3.273333	3.278596	0.030618 	0.003528
-98.100000	0.005173	-3.270000	3.275173	0.030680 	0.003530
-98.000000	0.005082	-3.266667	3.271749	0.030743 	0.003532
-97.900000	0.004991	-3.263333	3.268324	0.030804 	0.003534
-97.800000	0.004900	-3.260000	3.264900	0.030866 	0.003536
-97.700000	0.004809	-3.256667	3.261476	0.030927 	0.003538
-97.600000	0.004718	-3.253333	3.258051	0.030987 	0.003539
-97.500000	0.004626	-3.250000	3.254626	0.031046 	0.003541
-97.400000	0.004534	-3.246667	3.251201	0.031106 	0.003543
-97.300000	0.004442	-3.243333	3.247775	0.031164 	0.003545
-97.200000	0.004350	-3.240000	3.244350	0.031222 	0.003547
-97.100000	0.004258	-3.236667	3.240925	0.031280 	0.003549
-97.000000	0.004166	-3.233333	3.237499	0.031337 	0.003551
-96.900000	0.004073	-3.230000	3.234073	0.031394 	0.003553
-96.800000	0.003980	-3.226667	3.230647	0.031449 	0.003554
-96.700000	0.003887	-3.223333	3.227220	0.031505 	0.003556
-96.600000	0.003794	-3.220000	3.223794	0.031560 	0.003558
-96.500000	0.003701	-3.216667	3.220368	0.031614 	0.003560
-96.400000	0.003608	-3.213333	3.216941	0.031668 	0.003562
-96.300000	0.003514	-3.210000	3.213514	0.031721 	0.003564
-96.200000	0.003421	-3.206667	3.210088	0.031773 	0.003566
-96.100000	0.003327	-3.203333	3.206660	0.031826 	0.003568
-96.000000	0.003233	-3.200000	3.203233	0.031877 	0.003570
-95.900000	0.003139	-3.196667	3.199806	0.031928 	0.003572
-95.800000	0.003044	-3.193333	3.196377	0.031978 	0.003573
-95.700000	0.002950	-3.190000	3.192950	0.032028 	0.003575
-95.600000	0.002855	-3.186667	3.189522	0.032077 	0.003577
-95.500000	0.002761	-3.183333	3.186094	0.032126 	0.003579
-95.400000	0.002666	-3.180000	3.182666	0.032174 	0.003581
-95.300000	0.002571	-3.176667	3.179238	0.032221 	0.003583
-95.200000	0.002476	-3.173333	3.175809	0.032268 	0.003585
-95.100000	0.002381	-3.170000	3.172381	0.032314 	0.003587
-95.000000	0.002285	-3.166667	3.168952	0.032360 	0.003589
-94.900000	0.002190	-3.163333	3.165523	0.032405 	0.003591
-94.800000	0.002094	-3.160000	3.162094	0.032449 	0.003593
-94.700000	0.001999	-3.156667	3.158666	0.032493 	0.003595
-94.600000	0.001903	-3.153333	3.155236	0.032536 	0.003597
-94.500000	0.001807	-3.150000	3.151807	0.032578 	0.003599
-94.400000	0.001711	-3.146667	3.148378	0.032620 	0.003601
-94.300000	0.001615	-3.143333	3.144948	0.032662 	0.003603
-94.200000	0.001518	-3.140000	3.141518	0.032702 	0.003605
-94.100000	0.001422	-3.136667	3.138089	0.032742 	0.003606
-94.000000	0.001325	-3.133333	3.134658	0.032782 	0.003608
-93.900000	0.001229	-3.130000	3.131229	0.032820 	0.003610
-93.800000	0.001132	-3.126667	3.127799	0.032858 	0.003612
-93.700000	0.001035	-3.123333	3.124368	0.032896 	0.003614
-93.600000	0.000938	-3.120000	3.120938	0.032933 	0.003616
-93.500000	0.000841	-3.116667	3.117508	0.032969 	0.003618
-93.400000	0.000744	-3.113333	3.114077	0.033004 	0.003620
-93.300000	0.000647	-3.110000	3.110647	0.033039 	0.003622
-93.200000	0.000549	-3.106667	3.107216	0.033073 	0.003624
-93.100000	0.000452	-3.103333	3.103785	0.033107 	0.003626
-93.000000	0.000354	-3.100000	3.100354	0.033140 	0.003628
-92.900000	0.000257	-3.096667	3.096924	0.033172 	0.003630
-92.800000	0.000159	-3.093333	3.093492	0.033203 	0.003632
-92.700000	0.000061	-3.090000	3.090061	0.033234 	0.003634
-92.600000	-0.000037	-3.086667	3.086630	0.033264 	0.003636
-92.500000	-0.000135	-3.083333	3.083198	0.033294 	0.003638
-92.400000	-0.000233	-3.080000	3.079767	0.033322 	0.003640
-92.300000	-0.000331	-3.076667	3.076336	0.033350 	0.003643
-92.200000	-0.000429	-3.073333	3.072904	0.033378 	0.003645
-92.100000	-0.000528	-3.070000	3.069472	0.033405 	0.003647
-92.000000	-0.000626	-3.066667	3.066041	0.033431 	0.003649
-91.900000	-0.000724	-3.063333	3.062609	0.033456 	0.003651
-91.800000	-0.000823	-3.060000	3.059177	0.033480 	0.003653
-91.700000	-0.000922	-3.056667	3.055745	0.033504 	0.003655
-91.600000	-0.001020	-3.053333	3.052313	0.033528 	0.003657
-91.500000	-0.001119	-3.050000	3.048881	0.033550 	0.003659
-91.400000	-0.001218	-3.046667	3.045449	0.033572 	0.003661
-91.300000	-0.001316	-3.043333	3.042017	0.033593 	0.003663
-91.200000	-0.001415	-3.040000	3.038585	0.033613 	0.003665
-91.100000	-0.001514	-3.036667	3.035153	0.033633 	0.003667
-91.000000	-0.001613	-3.033333	3.031720	0.033652 	0.003669
-90.900000	-0.001712	-3.030000	3.028288	0.033670 	0.003671
-90.800000	-0.001811	-3.026667	3.024856	0.033687 	0.003673
-90.700000	-0.001910	-3.023333	3.021423	0.033704 	0.003675
-90.600000	-0.002010	-3.020000	3.017990	0.033720 	0.003678
-90.500000	-0.002109	-3.016667	3.014558	0.033735 	0.003680
-90.400000	-0.002208	-3.013333	3.011125	0.033749 	0.003682
-90.300000	-0.002307	-3.010000	3.007693	0.033763 	0.003684
-90.200000	-0.002407	-3.006667	3.004260	0.033776 	0.003686
-90.100000	-0.002506	-3.003333	3.000827	0.033788 	0.003688
-90.000000	-0.002605	-3.000000	2.997395	0.033800 	0.003690
-89.900000	-0.002705	-2.996667	2.993962	0.033810 	0.003692
-89.800000	-0.002804	-2.993333	2.990529	0.033820 	0.003694
-89.700000	-0.002904	-2.990000	2.987096	0.033829 	0.003697
-89.600000	-0.003003	-2.986667	2.983664	0.033838 	0.003699
-89.500000	-0.003103	-2.983333	2.980230	0.033845 	0.003701
-89.400000	-0.003202	-2.980000	2.976798	0.033852 	0.003703
-89.300000	-0.003302	-2.976667	2.973365	0.033858 	0.003705
-89.200000	-0.003401	-2.973333	2.969932	0.033863 	0.003707
-89.100000	-0.003501	-2.970000	2.966499	0.033868 	0.003709
-89.000000	-0.003601	-2.966667	2.963066	0.033871 	0.003711
-88.900000	-0.003700	-2.963333	2.959633	0.033874 	0.003714
-88.800000	-0.003800	-2.960000	2.956200	0.033877 	0.003716
-88.700000	-0.003899	-2.956667	2.952768	0.033878 	0.003718
-88.600000	-0.003999	-2.953333	2.949334	0.033878 	0.003720
-88.500000	-0.004098	-2.950000	2.945902	0.033878 	0.003722
-88.400000	-0.004198	-2.946667	2.942469	0.033877 	0.003724
-88.300000	-0.004298	-2.943333	2.939035	0.033875 	0.003727
-88.200000	-0.004397	-2.940000	2.935603	0.033872 	0.003729
-88.100000	-0.004497	-2.936667	2.932170	0.033869 	0.003731
-88.000000	-0.004596	-2.933333	2.928737	0.033865 	0.003733
-87.900000	-0.004696	-2.930000	2.925304	0.033859 	0.003735
-87.800000	-0.004795	-2.926667	2.921872	0.033853 	0.003738
-87.700000	-0.004895	-2.923333	2.918438	0.033847 	0.003740
-87.600000	-0.004994	-2.920000	2.915006	0.033839 	0.003742
-87.500000	-0.005093	-2.916667	2.911574	0.033831 	0.003744
-87.400000	-0.005193	-2.913333	2.908140	0.033821 	0.003746
-87.300000	-0.005292	-2.910000	2.904708	0.033811 	0.003749
-87.200000	-0.005392	-2.906667	2.901275	0.033800 	0.003751
-87.100000	-0.005491	-2.903333	2.897842	0.033789 	0.003753
-87.000000	-0.005590	-2.900000	2.894410	0.033776 	0.003755
-86.900000	-0.005689	-2.896667	2.890978	0.033763 	0.003757
-86.800000	-0.005788	-2.893333	2.887545	0.033748 	0.003760
-86.700000	-0.005887	-2.890000	2.884113	0.033733 	0.003762
-86.600000	-0.005987	-2.886667	2.880680	0.033717 	0.003764
-86.500000	-0.006086	-2.883333	2.877247	0.033700 	0.003766
-86.400000	-0.006185	-2.880000	2.873815	0.033683 	0.003769
-86.300000	-0.006283	-2.876667	2.870384	0.033664 	0.003771
-86.200000	-0.006382	-2.873333	2.866951	0.033645 	0.003773
-86.100000	-0.006481	-2.870000	2.863519	0.033625 	0.003775
-86.000000	-0.006580	-2.866667	2.860087	0.033603 	0.003778
-85.900000	-0.006678	-2.863333	2.856655	0.033581 	0.003780
-85.800000	-0.006777	-2.860000	2.853223	0.033559 	0.003782
-85.700000	-0.006876	-2.856667	2.849791	0.033535 	0.003785
-85.600000	-0.006974	-2.853333	2.846359	0.033510 	0.003787
-85.500000	-0.007072	-2.850000	2.842928	0.033485 	0.003789
-85.400000	-0.007171	-2.846667	2.839496	0.033458 	0.003791
-85.300000	-0.007269	-2.843333	2.836064	0.033431 	0.003794
-85.200000	-0.007367	-2.840000	2.832633	0.033403 	0.003796
-85.100000	-0.007465	-2.836667	2.829202	0.033374 	0.003798
-85.000000	-0.007563	-2.833333	2.825770	0.033344 	0.003801
-84.900000	-0.007661	-2.830000	2.822339	0.033313 	0.003803
-84.800000	-0.007759	-2.826667	2.818908	0.033282 	0.003805
-84.700000	-0.007856	-2.823333	2.815477	0.033249 	0.003808
-84.600000	-0.007954	-2.820000	2.812046	0.033216 	0.003810
-84.500000	-0.008051	-2.816667	2.808616	0.033181 	0.003812
-84.400000	-0.008149	-2.813333	2.805184	0.033146 	0.003814
-84.300000	-0.008246	-2.810000	2.801754	0.033110 	0.003817
-84.200000	-0.008343	-2.806667	2.798324	0.033073 	0.003819
-84.100000	-0.008440	-2.803333	2.794893	0.033035 	0.003822
-84.000000	-0.008537	-2.800000	2.791463	0.032996 	0.003824
-83.900000	-0.008634	-2.796667	2.788033	0.032956 	0.003826
-83.800000	-0.008731	-2.793333	2.784602	0.032915 	0.003829
-83.700000	-0.008827	-2.790000	2.781173	0.032874 	0.003831
-83.600000	-0.008924	-2.786667	2.777743	0.032831 	0.003833
-83.500000	-0.009020	-2.783333	2.774313	0.032788 	0.003836
-83.400000	-0.009116	-2.780000	2.770884	0.032743 	0.003838
-83.300000	-0.009212	-2.776667	2.767455	0.032698 	0.003840
-83.200000	-0.009308	-2.773333	2.764025	0.032652 	0.003843
-83.100000	-0.009404	-2.770000	2.760596	0.032605 	0.003845
-83.000000	-0.009500	-2.766667	2.757167	0.032556 	0.003848
-82.900000	-0.009595	-2.763333	2.753738	0.032507 	0.003850
-82.800000	-0.009690	-2.760000	2.750310	0.032458 	0.003852
-82.700000	-0.009786	-2.756667	2.746881	0.032407 	0.003855
-82.600000	-0.009881	-2.753333	2.743452	0.032355 	0.003857
-82.500000	-0.009976	-2.750000	2.740024	0.032302 	0.003860
-82.400000	-0.010070	-2.746667	2.736597	0.032248 	0.003862
-82.300000	-0.010165	-2.743333	2.733168	0.032194 	0.003864
-82.200000	-0.010259	-2.740000	2.729741	0.032138 	0.003867
-82.100000	-0.010354	-2.736667	2.726313	0.032082 	0.003869
-82.000000	-0.010448	-2.733333	2.722885	0.032024 	0.003872
-81.900000	-0.010542	-2.730000	2.719458	0.031966 	0.003874
-81.800000	-0.010635	-2.726667	2.716032	0.031906 	0.003877
-81.700000	-0.010729	-2.723333	2.712604	0.031846 	0.003879
-81.600000	-0.010822	-2.720000	2.709178	0.031785 	0.003881
-81.500000	-0.010915	-2.716667	2.705752	0.031723 	0.003884
-81.400000	-0.011008	-2.713333	2.702325	0.031660 	0.003886
-81.300000	-0.011101	-2.710000	2.698899	0.031595 	0.003889
-81.200000	-0.011194	-2.706667	2.695473	0.031530 	0.003891
-81.100000	-0.011286	-2.703333	2.692047	0.031464 	0.003894
-81.000000	-0.011379	-2.700000	2.688621	0.031397 	0.003896
-80.900000	-0.011471	-2.696667	2.685196	0.031329 	0.003899
-80.800000	-0.011563	-2.693333	2.681770	0.031260 	0.003901
-80.700000	-0.011654	-2.690000	2.678346	0.031191 	0.003904
-80.600000	-0.011746	-2.686667	2.674921	0.031120 	0.003906
-80.500000	-0.011837	-2.683333	2.671496	0.031048 	0.003909
-80.400000	-0.011928	-2.680000	2.668072	0.030975 	0.003911
-80.300000	-0.012019	-2.676667	2.664648	0.030901 	0.003914
-80.200000	-0.012109	-2.673333	2.661224	0.030827 	0.003916
-80.100000	-0.012200	-2.670000	2.657800	0.030751 	0.003919
-80.000000	-0.012290	-2.666667	2.654377	0.030674 	0.003921
-79.900000	-0.012380	-2.663333	2.650953	0.030597 	0.003924
-79.800000	-0.012469	-2.660000	2.647531	0.030518 	0.003926
-79.700000	-0.012559	-2.656667	2.644108	0.030438 	0.003929
-79.600000	-0.012648	-2.653333	2.640685	0.030358 	0.003932
-79.500000	-0.012737	-2.650000	2.637263	0.030276 	0.003934
-79.400000	-0.012826	-2.646667	2.633841	0.030194 	0.003937
-79.300000	-0.012914	-2.643333	2.630419	0.030110 	0.003939
-79.200000	-0.013003	-2.640000	2.626997	0.030026 	0.003942
-79.100000	-0.013091	-2.636667	2.623576	0.029940 	0.003944
-79.000000	-0.013178	-2.633333	2.620155	0.029854 	0.003947
-78.900000	-0.013266	-2.630000	2.616734	0.029767 	0.003949
-78.800000	-0.013353	-2.626667	2.613314	0.029678 	0.003952
-78.700000	-0.013440	-2.623333	2.609893	0.029589 	0.003955
-78.600000	-0.013527	-2.620000	2.606473	0.029498 	0.003957
-78.500000	-0.013613	-2.616667	2.603054	0.029407 	0.003960
-78.400000	-0.013699	-2.613333	2.599634	0.029315 	0.003962
-78.300000	-0.013785	-2.610000	2.596215	0.029221 	0.003965
-78.200000	-0.013871	-2.606667	2.592796	0.029127 	0.003968
-78.100000	-0.013956	-2.603333	2.589377	0.029032 	0.003970
-78.000000	-0.014041	-2.600000	2.585959	0.028935 	0.003973
-77.900000	-0.014126	-2.596667	2.582541	0.028838 	0.003976
-77.800000	-0.014211	-2.593333	2.579122	0.028740 	0.003978
-77.700000	-0.014295	-2.590000	2.575705	0.028641 	0.003981
-77.600000	-0.014379	-2.586667	2.572288	0.028540 	0.003983
-77.500000	-0.014462	-2.583333	2.568871	0.028439 	0.003986
-77.400000	-0.014546	-2.580000	2.565454	0.028337 	0.003989
-77.300000	-0.014629	-2.576667	2.562038	0.028234 	0.003991
-77.200000	-0.014711	-2.573333	2.558622	0.028129 	0.003994
-77.100000	-0.014794	-2.570000	2.555206	0.028024 	0.003997
-77.000000	-0.014876	-2.566667	2.551791	0.027918 	0.003999
-76.900000	-0.014958	-2.563333	2.548375	0.027811 	0.004002
-76.800000	-0.015039	-2.560000	2.544961	0.027703 	0.004005
-76.700000	-0.015120	-2.556667	2.541547	0.027593 	0.004007
-76.600000	-0.015201	-2.553333	2.538132	0.027483 	0.004010
-76.500000	-0.015282	-2.550000	2.534718	0.027372 	0.004013
-76.400000	-0.015362	-2.546667	2.531305	0.027260 	0.004016
-76.300000	-0.015442	-2.543333	2.527891	0.027147 	0.004018
-76.200000	-0.015521	-2.540000	2.524479	0.027033 	0.004021
-76.100000	-0.015600	-2.536667	2.521067	0.026917 	0.004024
-76.000000	-0.015679	-2.533333	2.517654	0.026801 	0.004026
-75.900000	-0.015758	-2.530000	2.514242	0.026684 	0.004029
-75.800000	-0.015836	-2.526667	2.510831	0.026566 	0.004032
-75.700000	-0.015913	-2.523333	2.507420	0.026447 	0.004035
-75.600000	-0.015991	-2.520000	2.504009	0.026327 	0.004037
-75.500000	-0.016068	-2.516667	2.500599	0.026206 	0.004040
-75.400000	-0.016145	-2.513333	2.497188	0.026084 	0.004043
-75.300000	-0.016221	-2.510000	2.493779	0.025961 	0.004046
-75.200000	-0.016297	-2.506667	2.490370	0.025837 	0.004048
-75.100000	-0.016373	-2.503333	2.486960	0.025711 	0.004051
-75.000000	-0.016448	-2.500000	2.483552	0.025585 	0.004054
-74.900000	-0.016523	-2.496667	2.480144	0.025458 	0.004057
-74.800000	-0.016597	-2.493333	2.476736	0.025330 	0.004060
-74.700000	-0.016671	-2.490000	2.473329	0.025201 	0.004062
-74.600000	-0.016745	-2.486667	2.469922	0.025071 	0.004065
-74.500000	-0.016819	-2.483333	2.466514	0.024940 	0.004068
-74.400000	-0.016892	-2.480000	2.463108	0.024808 	0.004071
-74.300000	-0.016964	-2.476667	2.459703	0.024675 	0.004074
-74.200000	-0.017036	-2.473333	2.456297	0.024541 	0.004076
-74.100000	-0.017108	-2.470000	2.452892	0.024406 	0.004079
-74.000000	-0.017179	-2.466667	2.449488	0.024271 	0.004082
-73.900000	-0.017250	-2.463333	2.446083	0.024134 	0.004085
-73.800000	-0.017321	-2.460000	2.442679	0.023996 	0.004088
-73.700000	-0.017391	-2.456667	2.439276	0.023857 	0.004091
-73.600000	-0.017461	-2.453333	2.435872	0.023717 	0.004093
-73.500000	-0.017530	-2.450000	2.432470	0.023576 	0.004096
-73.400000	-0.017599	-2.446667	2.429068	0.023434 	0.004099
-73.300000	-0.017668	-2.443333	2.425665	0.023292 	0.004102
-73.200000	-0.017736	-2.440000	2.422264	0.023148 	0.004105
-73.100000	-0.017803	-2.436667	2.418864	0.023003 	0.004108
-73.000000	-0.017871	-2.433333	2.415462	0.022857 	0.004111
-72.900000	-0.017937	-2.430000	2.412063	0.022711 	0.004114
-72.800000	-0.018004	-2.426667	2.408663	0.022563 	0.004117
-72.700000	-0.018070	-2.423333	2.405263	0.022414 	0.004119
-72.600000	-0.018135	-2.420000	2.401865	0.022265 	0.004122
-72.500000	-0.018200	-2.416667	2.398467	0.022114 	0.004125
-72.400000	-0.018265	-2.413333	2.395068	0.021963 	0.004128
-72.300000	-0.018329	-2.410000	2.391671	0.021810 	0.004131
-72.200000	-0.018392	-2.406667	2.388275	0.021657 	0.004134
-72.100000	-0.018456	-2.403333	2.384877	0.021502 	0.004137
-72.000000	-0.018518	-2.400000	2.381482	0.021347 	0.004140
-71.900000	-0.018581	-2.396667	2.378086	0.021191 	0.004143
-71.800000	-0.018643	-2.393333	2.374690	0.021033 	0.004146
-71.700000	-0.018704	-2.390000	2.371296	0.020875 	0.004149
-71.600000	-0.018765	-2.386667	2.367902	0.020716 	0.004152
-71.500000	-0.018825	-2.383333	2.364508	0.020556 	0.004155
-71.400000	-0.018885	-2.380000	2.361115	0.020395 	0.004158
-71.300000	-0.018945	-2.376667	2.357722	0.020233 	0.004161
-71.200000	-0.019003	-2.373333	2.354330	0.020070 	0.004164
-71.100000	-0.019062	-2.370000	2.350938	0.019906 	0.004167
-71.000000	-0.019120	-2.366667	2.347547	0.019741 	0.004170
-70.900000	-0.019177	-2.363333	2.344156	0.019575 	0.004173
-70.800000	-0.019234	-2.360000	2.340766	0.019408 	0.004176
-70.700000	-0.019291	-2.356667	2.337376	0.019240 	0.004179
-70.600000	-0.019347	-2.353333	2.333986	0.019072 	0.004182
-70.500000	-0.019402	-2.350000	2.330598	0.018902 	0.004185
-70.400000	-0.019457	-2.346667	2.327210	0.018732 	0.004188
-70.300000	-0.019512	-2.343333	2.323821	0.018560 	0.004191
-70.200000	-0.019566	-2.340000	2.320434	0.018388 	0.004194
-70.100000	-0.019619	-2.336667	2.317048	0.018215 	0.004197
-70.000000	-0.019672	-2.333333	2.313661	0.018040 	0.004200
-69.900000	-0.019724	-2.330000	2.310276	0.017865 	0.004203
-69.800000	-0.019776	-2.326667	2.306891	0.017689 	0.004206
-69.700000	-0.019828	-2.323333	2.303505	0.017512 	0.004209
-69.600000	-0.019878	-2.320000	2.300122	0.017334 	0.004213
-69.500000	-0.019929	-2.316667	2.296738	0.017156 	0.004216
-69.400000	-0.019978	-2.313333	2.293355	0.016976 	0.004219
-69.300000	-0.020028	-2.310000	2.289972	0.016795 	0.004222
-69.200000	-0.020076	-2.306667	2.286591	0.016614 	0.004225
-69.100000	-0.020124	-2.303333	2.283209	0.016431 	0.004228
-69.000000	-0.020172	-2.300000	2.279828	0.016248 	0.004231
-68.900000	-0.020219	-2.296667	2.276448	0.016064 	0.004234
-68.800000	-0.020265	-2.293333	2.273068	0.015879 	0.004238
-68.700000	-0.020311	-2.290000	2.269689	0.015693 	0.004241
-68.600000	-0.020356	-2.286667	2.266311	0.015506 	0.004244
-68.500000	-0.020401	-2.283333	2.262932	0.015318 	0.004247
-68.400000	-0.020445	-2.280000	2.259555	0.015130 	0.004250
-68.300000	-0.020489	-2.276667	2.256178	0.014940 	0.004253
-68.200000	-0.020532	-2.273333	2.252801	0.014750 	0.004257
-68.100000	-0.020574	-2.270000	2.249426	0.014559 	0.004260
-68.000000	-0.020616	-2.266667	2.246051	0.014366 	0.004263
-67.900000	-0.020658	-2.263333	2.242675	0.014174 	0.004266
-67.800000	-0.020698	-2.260000	2.239302	0.013980 	0.004269
-67.700000	-0.020739	-2.256667	2.235928	0.013785 	0.004273
-67.600000	-0.020778	-2.253333	2.232555	0.013589 	0.004276
-67.500000	-0.020817	-2.250000	2.229183	0.013393 	0.004279
-67.400000	-0.020855	-2.246667	2.225812	0.013196 	0.004282
-67.300000	-0.020893	-2.243333	2.222440	0.012998 	0.004286
-67.200000	-0.020930	-2.240000	2.219070	0.012799 	0.004289
-67.100000	-0.020967	-2.236667	2.215700	0.012599 	0.004292
-67.000000	-0.021003	-2.233333	2.212330	0.012398 	0.004295
-66.900000	-0.021038	-2.230000	2.208962	0.012197 	0.004299
-66.800000	-0.021073	-2.226667	2.205594	0.011995 	0.004302
-66.700000	-0.021107	-2.223333	2.202226	0.011792 	0.004305
-66.600000	-0.021140	-2.220000	2.198860	0.011588 	0.004308
-66.500000	-0.021173	-2.216667	2.195494	0.011383 	0.004312
-66.400000	-0.021205	-2.213333	2.192128	0.011178 	0.004315
-66.300000	-0.021237	-2.210000	2.188763	0.010971 	0.004318
-66.200000	-0.021268	-2.206667	2.185399	0.010764 	0.004322
-66.100000	-0.021298	-2.203333	2.182035	0.010556 	0.004325
-66.000000	-0.021328	-2.200000	2.178672	0.010347 	0.004328
-65.900000	-0.021357	-2.196667	2.175310	0.010138 	0.004332
-65.800000	-0.021386	-2.193333	2.171947	0.009928 	0.004335
-65.700000	-0.021413	-2.190000	2.168587	0.009716 	0.004338
-65.600000	-0.021441	-2.186667	2.165226	0.009505 	0.004342
-65.500000	-0.021467	-2.183333	2.161866	0.009292 	0.004345
-65.400000	-0.021493	-2.180000	2.158507	0.009079 	0.004349
-65.300000	-0.021518	-2.176667	2.155149	0.008864 	0.004352
-65.200000	-0.021543	-2.173333	2.151790	0.008649 	0.004355
-65.100000	-0.021566	-2.170000	2.148434	0.008434 	0.004359
-65.000000	-0.021590	-2.166667	2.145077	0.008217 	0.004362
-64.900000	-0.021612	-2.163333	2.141721	0.008000 	0.004366
-64.800000	-0.021634	-2.160000	2.138366	0.007782 	0.004369
-64.700000	-0.021655	-2.156667	2.135012	0.007563 	0.004372
-64.600000	-0.021676	-2.153333	2.131657	0.007344 	0.004376
-64.500000	-0.021696	-2.150000	2.128304	0.007124 	0.004379
-64.400000	-0.021715	-2.146667	2.124952	0.006903 	0.004383
-64.300000	-0.021733	-2.143333	2.121600	0.006681 	0.004386
-64.200000	-0.021751	-2.140000	2.118249	0.006459 	0.004390
-64.100000	-0.021768	-2.136667	2.114899	0.006236 	0.004393
-64.000000	-0.021785	-2.133333	2.111548	0.006012 	0.004397
-63.900000	-0.021801	-2.130000	2.108199	0.005788 	0.004400
-63.800000	-0.021816	-2.126667	2.104851	0.005562 	0.004404
-63.700000	-0.021830	-2.123333	2.101503	0.005337 	0.004407
-63.600000	-0.021844	-2.120000	2.098156	0.005110 	0.004411
-63.500000	-0.021857	-2.116667	2.094810	0.004883 	0.004414
-63.400000	-0.021869	-2.113333	2.091464	0.004655 	0.004418
-63.300000	-0.021880	-2.110000	2.088120	0.004426 	0.004421
-63.200000	-0.021891	-2.106667	2.084776	0.004197 	0.004425
-63.100000	-0.021901	-2.103333	2.081432	0.003967 	0.004428
-63.000000	-0.021911	-2.100000	2.078089	0.003736 	0.004432
-62.900000	-0.021920	-2.096667	2.074747	0.003505 	0.004435
-62.800000	-0.021927	-2.093333	2.071406	0.003273 	0.004439
-62.700000	-0.021935	-2.090000	2.068065	0.003041 	0.004443
-62.600000	-0.021941	-2.086667	2.064726	0.002808 	0.004446
-62.500000	-0.021947	-2.083333	2.061386	0.002574 	0.004450
-62.400000	-0.021952	-2.080000	2.058048	0.002340 	0.004453
-62.300000	-0.021957	-2.076667	2.054710	0.002104 	0.004457
-62.200000	-0.021960	-2.073333	2.051373	0.001869 	0.004461
-62.100000	-0.021963	-2.070000	2.048037	0.001633 	0.004464
-62.000000	-0.021965	-2.066667	2.044702	0.001396 	0.004468
-61.900000	-0.021967	-2.063333	2.041366	0.001158 	0.004472
-61.800000	-0.021967	-2.060000	2.038033	0.000920 	0.004475
-61.700000	-0.021967	-2.056667	2.034700	0.000682 	0.004479
-61.600000	-0.021967	-2.053333	2.031366	0.000442 	0.004483
-61.500000	-0.021965	-2.050000	2.028035	0.000203 	0.004486
-61.400000	-0.021963	-2.046667	2.024704	-0.000038 	0.004490
-61.300000	-0.021960	-2.043333	2.021373	-0.000279 	0.004494
-61.200000	-0.021956	-2.040000	2.018044	-0.000520 	0.004497
-61.100000	-0.021951	-2.036667	2.014716	-0.000762 	0.004501
-61.000000	-0.021946	-2.033333	2.011387	-0.001005 	0.004505
-60.900000	-0.021940	-2.030000	2.008060	-0.001248 	0.004508
-60.800000	-0.021933	-2.026667	2.004734	-0.001492 	0.004512
-60.700000	-0.021925	-2.023333	2.001408	-0.001736 	0.004516
-60.600000	-0.021917	-2.020000	1.998083	-0.001981 	0.004520
-60.500000	-0.021908	-2.016667	1.994759	-0.002226 	0.004523
-60.400000	-0.021898	-2.013333	1.991435	-0.002472 	0.004527
-60.300000	-0.021887	-2.010000	1.988113	-0.002718 	0.004531
-60.200000	-0.021876	-2.006667	1.984791	-0.002965 	0.004535
-60.100000	-0.021863	-2.003333	1.981470	-0.003212 	0.004539
-60.000000	-0.021850	-2.000000	1.978150	-0.003460 	0.004542
-59.900000	-0.021837	-1.996667	1.974830	-0.003708 	0.004546
-59.800000	-0.021822	-1.993333	1.971511	-0.003957 	0.004550
-59.700000	-0.021807	-1.990000	1.968193	-0.004206 	0.004554
-59.600000	-0.021790	-1.986667	1.964877	-0.004455 	0.004558
-59.500000	-0.021773	-1.983333	1.961560	-0.004705 	0.004562
-59.400000	-0.021756	-1.980000	1.958244	-0.004956 	0.004565
-59.300000	-0.021737	-1.976667	1.954930	-0.005207 	0.004569
-59.200000	-0.021718	-1.973333	1.951615	-0.005458 	0.004573
-59.100000	-0.021698	-1.970000	1.948302	-0.005710 	0.004577
-59.000000	-0.021677	-1.966667	1.944990	-0.005962 	0.004581
-58.900000	-0.021655	-1.963333	1.941678	-0.006215 	0.004585
-58.800000	-0.021632	-1.960000	1.938368	-0.006468 	0.004589
-58.700000	-0.021609	-1.956667	1.935058	-0.006721 	0.004593
-58.600000	-0.021585	-1.953333	1.931748	-0.006975 	0.004597
-58.500000	-0.021560	-1.950000	1.928440	-0.007229 	0.004601
-58.400000	-0.021534	-1.946667	1.925133	-0.007484 	0.004605
-58.300000	-0.021508	-1.943333	1.921825	-0.007738 	0.004609
-58.200000	-0.021480	-1.940000	1.918520	-0.007994 	0.004612
-58.100000	-0.021452	-1.936667	1.915215	-0.008249 	0.004616
-58.000000	-0.021423	-1.933333	1.911910	-0.008505 	0.004620
-57.900000	-0.021393	-1.930000	1.908607	-0.008762 	0.004624
-57.800000	-0.021362	-1.926667	1.905305	-0.009018 	0.004628
-57.700000	-0.021331	-1.923333	1.902002	-0.009275 	0.004632
-57.600000	-0.021299	-1.920000	1.898701	-0.009533 	0.004636
-57.500000	-0.021266	-1.916667	1.895401	-0.009790 	0.004641
-57.400000	-0.021232	-1.913333	1.892101	-0.010048 	0.004645
-57.300000	-0.021197	-1.910000	1.888803	-0.010306 	0.004649
-57.200000	-0.021161	-1.906667	1.885506	-0.010565 	0.004653
-57.100000	-0.021125	-1.903333	1.882208	-0.010824 	0.004657
-57.000000	-0.021088	-1.900000	1.878912	-0.011083 	0.004661
-56.900000	-0.021049	-1.896667	1.875618	-0.011342 	0.004665
-56.800000	-0.021011	-1.893333	1.872322	-0.011602 	0.004669
-56.700000	-0.020971	-1.890000	1.869029	-0.011862 	0.004673
-56.600000	-0.020930	-1.886667	1.865737	-0.012122 	0.004677
-56.500000	-0.020889	-1.883333	1.862444	-0.012382 	0.004681
-56.400000	-0.020846	-1.880000	1.859154	-0.012642 	0.004686
-56.300000	-0.020803	-1.876667	1.855864	-0.012903 	0.004690
-56.200000	-0.020759	-1.873333	1.852574	-0.013164 	0.004694
-56.100000	-0.020715	-1.870000	1.849285	-0.013425 	0.004698
-56.000000	-0.020669	-1.866667	1.845998	-0.013687 	0.004702
-55.900000	-0.020622	-1.863333	1.842711	-0.013948 	0.004706
-55.800000	-0.020575	-1.860000	1.839425	-0.014210 	0.004711
-55.700000	-0.020527	-1.856667	1.836140	-0.014472 	0.004715
-55.600000	-0.020478	-1.853333	1.832855	-0.014734 	0.004719
-55.500000	-0.020428	-1.850000	1.829572	-0.014996 	0.004723
-55.400000	-0.020377	-1.846667	1.826290	-0.015258 	0.004728
-55.300000	-0.020326	-1.843333	1.823007	-0.015521 	0.004732
-55.200000	-0.020273	-1.840000	1.819727	-0.015784 	0.004736
-55.100000	-0.020220	-1.836667	1.816447	-0.016046 	0.004740
-55.000000	-0.020166	-1.833333	1.813167	-0.016309 	0.004745
-54.900000	-0.020111	-1.830000	1.809889	-0.016572 	0.004749
-54.800000	-0.020055	-1.826667	1.806612	-0.016835 	0.004753
-54.700000	-0.019998	-1.823333	1.803335	-0.017098 	0.004757
-54.600000	-0.019941	-1.820000	1.800059	-0.017362 	0.004762
-54.500000	-0.019882	-1.816667	1.796785	-0.017625 	0.004766
-54.400000	-0.019823	-1.813333	1.793510	-0.017888 	0.004771
-54.300000	-0.019763	-1.810000	1.790237	-0.018152 	0.004775
-54.200000	-0.019702	-1.806667	1.786965	-0.018415 	0.004779
-54.100000	-0.019640	-1.803333	1.783693	-0.018678 	0.004784
-54.000000	-0.019577	-1.800000	1.780423	-0.018942 	0.004788
-53.900000	-0.019514	-1.796667	1.777153	-0.019206 	0.004792
-53.800000	-0.019449	-1.793333	1.773884	-0.019469 	0.004797
-53.700000	-0.019384	-1.790000	1.770616	-0.019733 	0.004801
-53.600000	-0.019318	-1.786667	1.767349	-0.019996 	0.004806
-53.500000	-0.019251	-1.783333	1.764082	-0.020260 	0.004810
-53.400000	-0.019183	-1.780000	1.760817	-0.020523 	0.004815
-53.300000	-0.019114	-1.776667	1.757553	-0.020787 	0.004819
-53.200000	-0.019044	-1.773333	1.754289	-0.021050 	0.004824
-53.100000	-0.018974	-1.770000	1.751026	-0.021313 	0.004828
-53.000000	-0.018902	-1.766667	1.747765	-0.021577 	0.004833
-52.900000	-0.018830	-1.763333	1.744503	-0.021840 	0.004837
-52.800000	-0.018757	-1.760000	1.741243	-0.022103 	0.004842
-52.700000	-0.018683	-1.756667	1.737984	-0.022366 	0.004846
-52.600000	-0.018608	-1.753333	1.734725	-0.022629 	0.004851
-52.500000	-0.018532	-1.750000	1.731468	-0.022892 	0.004855
-52.400000	-0.018456	-1.746667	1.728211	-0.023155 	0.004860
-52.300000	-0.018378	-1.743333	1.724955	-0.023417 	0.004864
-52.200000	-0.018300	-1.740000	1.721700	-0.023680 	0.004869
-52.100000	-0.018221	-1.736667	1.718446	-0.023942 	0.004874
-52.000000	-0.018141	-1.733333	1.715192	-0.024204 	0.004878
-51.900000	-0.018060	-1.730000	1.711940	-0.024466 	0.004883
-51.800000	-0.017978	-1.726667	1.708689	-0.024728 	0.004887
-51.700000	-0.017895	-1.723333	1.705438	-0.024990 	0.004892
-51.600000	-0.017812	-1.720000	1.702188	-0.025251 	0.004897
-51.500000	-0.017727	-1.716667	1.698940	-0.025512 	0.004901
-51.400000	-0.017642	-1.713333	1.695691	-0.025773 	0.004906
-51.300000	-0.017556	-1.710000	1.692444	-0.026034 	0.004911
-51.200000	-0.017469	-1.706667	1.689198	-0.026295 	0.004916
-51.100000	-0.017381	-1.703333	1.685952	-0.026555 	0.004920
-51.000000	-0.017292	-1.700000	1.682708	-0.026815 	0.004925
-50.900000	-0.017203	-1.696667	1.679464	-0.027075 	0.004930
-50.800000	-0.017112	-1.693333	1.676221	-0.027334 	0.004935
-50.700000	-0.017021	-1.690000	1.672979	-0.027594 	0.004939
-50.600000	-0.016929	-1.686667	1.669738	-0.027853 	0.004944
-50.500000	-0.016836	-1.683333	1.666497	-0.028111 	0.004949
-50.400000	-0.016742	-1.680000	1.663258	-0.028370 	0.004954
-50.300000	-0.016647	-1.676667	1.660020	-0.028628 	0.004959
-50.200000	-0.016551	-1.673333	1.656782	-0.028885 	0.004963
-50.100000	-0.016455	-1.670000	1.653545	-0.029143 	0.004968
-50.000000	-0.016357	-1.666667	1.650310	-0.029400 	0.004973
-49.900000	-0.016259	-1.663333	1.647074	-0.029656 	0.004978
-49.800000	-0.016160	-1.660000	1.643840	-0.029913 	0.004983
-49.700000	-0.016060	-1.656667	1.640607	-0.030169 	0.004988
-49.600000	-0.015959	-1.653333	1.637374	-0.030424 	0.004993
-49.500000	-0.015858	-1.650000	1.634142	-0.030679 	0.004998
-49.400000	-0.015755	-1.646667	1.630912	-0.030934 	0.005003
-49.300000	-0.015652	-1.643333	1.627681	-0.031188 	0.005008
-49.200000	-0.015547	-1.640000	1.624453	-0.031442 	0.005013
-49.100000	-0.015442	-1.636667	1.621225	-0.031695 	0.005018
-49.000000	-0.015336	-1.633333	1.617997	-0.031948 	0.005023
-48.900000	-0.015229	-1.630000	1.614771	-0.032200 	0.005028
-48.800000	-0.015122	-1.626667	1.611545	-0.032452 	0.005033
-48.700000	-0.015013	-1.623333	1.608320	-0.032704 	0.005038
-48.600000	-0.014904	-1.620000	1.605096	-0.032955 	0.005043
-48.500000	-0.014794	-1.616667	1.601873	-0.033205 	0.005048
-48.400000	-0.014682	-1.613333	1.598651	-0.033455 	0.005053
-48.300000	-0.014570	-1.610000	1.595430	-0.033705 	0.005058
-48.200000	-0.014458	-1.606667	1.592209	-0.033953 	0.005063
-48.100000	-0.014344	-1.603333	1.588989	-0.034202 	0.005068
-48.000000	-0.014230	-1.600000	1.585770	-0.034449 	0.005073
-47.900000	-0.014114	-1.596667	1.582553	-0.034696 	0.005079
-47.800000	-0.013998	-1.593333	1.579335	-0.034943 	0.005084
-47.700000	-0.013881	-1.590000	1.576119	-0.035189 	0.005089
-47.600000	-0.013763	-1.586667	1.572904	-0.035434 	0.005094
-47.500000	-0.013645	-1.583333	1.569688	-0.035679 	0.005099
-47.400000	-0.013525	-1.580000	1.566475	-0.035923 	0.005105
-47.300000	-0.013405	-1.576667	1.563262	-0.036166 	0.005110
-47.200000	-0.013284	-1.573333	1.560049	-0.036409 	0.005115
-47.100000	-0.013162	-1.570000	1.556838	-0.036651 	0.005120
-47.000000	-0.013039	-1.566667	1.553628	-0.036893 	0.005126
-46.900000	-0.012915	-1.563333	1.550418	-0.037133 	0.005131
-46.800000	-0.012791	-1.560000	1.547209	-0.037373 	0.005136
-46.700000	-0.012666	-1.556667	1.544001	-0.037613 	0.005142
-46.600000	-0.012539	-1.553333	1.540794	-0.037851 	0.005147
-46.500000	-0.012413	-1.550000	1.537587	-0.038089 	0.005152
-46.400000	-0.012285	-1.546667	1.534382	-0.038326 	0.005158
-46.300000	-0.012156	-1.543333	1.531177	-0.038562 	0.005163
-46.200000	-0.012027	-1.540000	1.527973	-0.038798 	0.005168
-46.100000	-0.011897	-1.536667	1.524770	-0.039033 	0.005174
-46.000000	-0.011766	-1.533333	1.521567	-0.039267 	0.005179
-45.900000	-0.011634	-1.530000	1.518366	-0.039500 	0.005185
-45.800000	-0.011501	-1.526667	1.515166	-0.039732 	0.005190
-45.700000	-0.011368	-1.523333	1.511965	-0.039964 	0.005196
-45.600000	-0.011234	-1.520000	1.508766	-0.040194 	0.005201
-45.500000	-0.011099	-1.516667	1.505568	-0.040424 	0.005207
-45.400000	-0.010963	-1.513333	1.502370	-0.040653 	0.005212
-45.300000	-0.010827	-1.510000	1.499173	-0.040881 	0.005218
-45.200000	-0.010689	-1.506667	1.495978	-0.041108 	0.005223
-45.100000	-0.010551	-1.503333	1.492782	-0.041334 	0.005229
-45.000000	-0.010412	-1.500000	1.489588	-0.041560 	0.005235
-44.900000	-0.010273	-1.496667	1.486394	-0.041784 	0.005240
-44.800000	-0.010132	-1.493333	1.483201	-0.042007 	0.005246
-44.700000	-0.009991	-1.490000	1.480009	-0.042230 	0.005252
-44.600000	-0.009849	-1.486667	1.476818	-0.042451 	0.005257
-44.500000	-0.009706	-1.483333	1.473627	-0.042672 	0.005263
-44.400000	-0.009563	-1.480000	1.470437	-0.042891 	0.005269
-44.300000	-0.009418	-1.476667	1.467249	-0.043110 	0.005274
-44.200000	-0.009273	-1.473333	1.464060	-0.043327 	0.005280
-44.100000	-0.009127	-1.470000	1.460873	-0.043544 	0.005286
-44.000000	-0.008981	-1.466667	1.457686	-0.043759 	0.005292
-43.900000	-0.008833	-1.463333	1.454500	-0.043973 	0.005297
-43.800000	-0.008685	-1.460000	1.451315	-0.044187 	0.005303
-43.700000	-0.008537	-1.456667	1.448130	-0.044399 	0.005309
-43.600000	-0.008387	-1.453333	1.444946	-0.044610 	0.005315
-43.500000	-0.008237	-1.450000	1.441763	-0.044820 	0.005321
-43.400000	-0.008086	-1.446667	1.438581	-0.045028 	0.005327
-43.300000	-0.007934	-1.443333	1.435399	-0.045236 	0.005332
-43.200000	-0.007781	-1.440000	1.432219	-0.045443 	0.005338
-43.100000	-0.007628	-1.436667	1.429039	-0.045648 	0.005344
-43.000000	-0.007474	-1.433333	1.425859	-0.045852 	0.005350
-42.900000	-0.007320	-1.430000	1.422680	-0.046055 	0.005356
-42.800000	-0.007164	-1.426667	1.419503	-0.046257 	0.005362
-42.700000	-0.007008	-1.423333	1.416325	-0.046457 	0.005368
-42.600000	-0.006851	-1.420000	1.413149	-0.046657 	0.005374
-42.500000	-0.006694	-1.416667	1.409973	-0.046855 	0.005380
-42.400000	-0.006536	-1.413333	1.406797	-0.047051 	0.005386
-42.300000	-0.006377	-1.410000	1.403623	-0.047247 	0.005393
-42.200000	-0.006217	-1.406667	1.400450	-0.047441 	0.005399
-42.100000	-0.006057	-1.403333	1.397276	-0.047634 	0.005405
-42.000000	-0.005896	-1.400000	1.394104	-0.047825 	0.005411
-41.900000	-0.005735	-1.396667	1.390932	-0.048015 	0.005417
-41.800000	-0.005572	-1.393333	1.387761	-0.048204 	0.005423
-41.700000	-0.005410	-1.390000	1.384590	-0.048392 	0.005429
-41.600000	-0.005246	-1.386667	1.381421	-0.048578 	0.005436
-41.500000	-0.005082	-1.383333	1.378251	-0.048763 	0.005442
-41.400000	-0.004917	-1.380000	1.375083	-0.048946 	0.005448
-41.300000	-0.004751	-1.376667	1.371916	-0.049128 	0.005454
-41.200000	-0.004585	-1.373333	1.368748	-0.049308 	0.005461
-41.100000	-0.004418	-1.370000	1.365582	-0.049487 	0.005467
-41.000000	-0.004251	-1.366667	1.362416	-0.049665 	0.005473
-40.900000	-0.004083	-1.363333	1.359250	-0.049841 	0.005480
-40.800000	-0.003914	-1.360000	1.356086	-0.050015 	0.005486
-40.700000	-0.003745	-1.356667	1.352922	-0.050188 	0.005493
-40.600000	-0.003575	-1.353333	1.349758	-0.050360 	0.005499
-40.500000	-0.003404	-1.350000	1.346596	-0.050529 	0.005506
-40.400000	-0.003233	-1.346667	1.343434	-0.050698 	0.005512
-40.300000	-0.003061	-1.343333	1.340272	-0.050864 	0.005518
-40.200000	-0.002889	-1.340000	1.337111	-0.051030 	0.005525
-40.100000	-0.002716	-1.336667	1.333951	-0.051193 	0.005532
-40.000000	-0.002542	-1.333333	1.330791	-0.051355 	0.005538
-39.900000	-0.002368	-1.330000	1.327632	-0.051515 	0.005545
-39.800000	-0.002193	-1.326667	1.324474	-0.051674 	0.005551
-39.700000	-0.002018	-1.323333	1.321315	-0.051831 	0.005558
-39.600000	-0.001842	-1.320000	1.318158	-0.051986 	0.005565
-39.500000	-0.001666	-1.316667	1.315001	-0.052140 	0.005571
-39.400000	-0.001489	-1.313333	1.311844	-0.052292 	0.005578
-39.300000	-0.001311	-1.310000	1.308689	-0.052442 	0.005585
-39.200000	-0.001133	-1.306667	1.305534	-0.052590 	0.005591
-39.100000	-0.000955	-1.303333	1.302378	-0.052737 	0.005598
-39.000000	-0.000776	-1.300000	1.299224	-0.052881 	0.005605
-38.900000	-0.000596	-1.296667	1.296071	-0.053024 	0.005612
-38.800000	-0.000416	-1.293333	1.292917	-0.053165 	0.005619
-38.700000	-0.000235	-1.290000	1.289765	-0.053305 	0.005626
-38.600000	-0.000054	-1.286667	1.286613	-0.053442 	0.005632
-38.500000	0.000127	-1.283333	1.283460	-0.053578 	0.005639
-38.400000	0.000310	-1.280000	1.280310	-0.053711 	0.005646
-38.300000	0.000492	-1.276667	1.277159	-0.053843 	0.005653
-38.200000	0.000675	-1.273333	1.274008	-0.053973 	0.005660
-38.100000	0.000859	-1.270000	1.270859	-0.054101 	0.005667
-38.000000	0.001043	-1.266667	1.267710	-0.054227 	0.005674
-37.900000	0.001227	-1.263333	1.264560	-0.054351 	0.005681
-37.800000	0.001412	-1.260000	1.261412	-0.054472 	0.005688
-37.700000	0.001598	-1.256667	1.258265	-0.054592 	0.005695
-37.600000	0.001784	-1.253333	1.255117	-0.054710 	0.005703
-37.500000	0.001970	-1.250000	1.251970	-0.054826 	0.005710
-37.400000	0.002157	-1.246667	1.248824	-0.054940 	0.005717
-37.300000	0.002344	-1.243333	1.245677	-0.055051 	0.005724
-37.200000	0.002531	-1.240000	1.242531	-0.055161 	0.005731
-37.100000	0.002719	-1.236667	1.239386	-0.055268 	0.005739
-37.000000	0.002907	-1.233333	1.236240	-0.055373 	0.005746
-36.900000	0.003096	-1.230000	1.233096	-0.055476 	0.005753
-36.800000	0.003285	-1.226667	1.229952	-0.055577 	0.005761
-36.700000	0.003475	-1.223333	1.226808	-0.055676 	0.005768
-36.600000	0.003664	-1.220000	1.223664	-0.055772 	0.005775
-36.500000	0.003855	-1.216667	1.220522	-0.055867 	0.005783
-36.400000	0.004045	-1.213333	1.217378	-0.055959 	0.005790
-36.300000	0.004236	-1.210000	1.214236	-0.056048 	0.005798
-36.200000	0.004427	-1.206667	1.211094	-0.056136 	0.005805
-36.100000	0.004619	-1.203333	1.207952	-0.056221 	0.005813
-36.000000	0.004810	-1.200000	1.204810	-0.056304 	0.005820
-35.900000	0.005002	-1.196667	1.201669	-0.056385 	0.005828
-35.800000	0.005194	-1.193333	1.198527	-0.056464 	0.005836
-35.700000	0.005386	-1.190000	1.195386	-0.056541 	0.005843
-35.600000	0.005579	-1.186667	1.192246	-0.056617 	0.005851
-35.500000	0.005771	-1.183333	1.189104	-0.056690 	0.005859
-35.400000	0.005963	-1.180000	1.185963	-0.056762 	0.005867
-35.300000	0.006155	-1.176667	1.182822	-0.056833 	0.005874
-35.200000	0.006347	-1.173333	1.179680	-0.056904 	0.005882
-35.100000	0.006538	-1.170000	1.176538	-0.056973 	0.005890
-35.000000	0.006728	-1.166667	1.173395	-0.057043 	0.005898
-34.900000	0.006918	-1.163333	1.170251	-0.057112 	0.005906
-34.800000	0.007107	-1.160000	1.167107	-0.057183 	0.005914
-34.700000	0.007295	-1.156667	1.163962	-0.057254 	0.005922
-34.600000	0.007482	-1.153333	1.160815	-0.057328 	0.005930
-34.500000	0.007667	-1.150000	1.157667	-0.057403 	0.005938
-34.400000	0.007851	-1.146667	1.154518	-0.057481 	0.005946
-34.300000	0.008032	-1.143333	1.151365	-0.057562 	0.005954
-34.200000	0.008212	-1.140000	1.148212	-0.057645 	0.005962
-34.100000	0.008391	-1.136667	1.145058	-0.057733 	0.005970
-34.000000	0.008567	-1.133333	1.141900	-0.057824 	0.005979
-33.900000	0.008741	-1.130000	1.138741	-0.057919 	0.005987
-33.800000	0.008913	-1.126667	1.135580	-0.058018 	0.005995
-33.700000	0.009083	-1.123333	1.132416	-0.058120 	0.006004
-33.600000	0.009251	-1.120000	1.129251	-0.058226 	0.006012
-33.500000	0.009417	-1.116667	1.126084	-0.058335 	0.006020
-33.400000	0.009581	-1.113333	1.122914	-0.058446 	0.006029
-33.300000	0.009744	-1.110000	1.119744	-0.058559 	0.006038
-33.200000	0.009906	-1.106667	1.116573	-0.058673 	0.006046
-33.100000	0.010067	-1.103333	1.113400	-0.058788 	0.006055
-33.000000	0.010228	-1.100000	1.110228	-0.058902 	0.006063
-32.900000	0.010387	-1.096667	1.107054	-0.059015 	0.006072
-32.800000	0.010547	-1.093333	1.103880	-0.059125 	0.006081
-32.700000	0.010707	-1.090000	1.100707	-0.059231 	0.006089
-32.600000	0.010868	-1.086667	1.097535	-0.059334 	0.006098
-32.500000	0.011029	-1.083333	1.094362	-0.059432 	0.006107
-32.400000	0.011191	-1.080000	1.091191	-0.059523 	0.006116
-32.300000	0.011355	-1.076667	1.088022	-0.059608 	0.006125
-32.200000	0.011519	-1.073333	1.084852	-0.059686 	0.006134
-32.100000	0.011686	-1.070000	1.081686	-0.059755 	0.006143
-32.000000	0.011854	-1.066667	1.078521	-0.059817 	0.006152
-31.900000	0.012024	-1.063333	1.075357	-0.059870 	0.006161
-31.800000	0.012196	-1.060000	1.072196	-0.059914 	0.006170
-31.700000	0.012369	-1.056667	1.069036	-0.059949 	0.006179
-31.600000	0.012544	-1.053333	1.065877	-0.059975 	0.006188
-31.500000	0.012721	-1.050000	1.062721	-0.059992 	0.006197
-31.400000	0.012900	-1.046667	1.059567	-0.060000 	0.006207
-31.300000	0.013081	-1.043333	1.056414	-0.060000 	0.006216
-31.200000	0.013263	-1.040000	1.053263	-0.059991 	0.006225
-31.100000	0.013446	-1.036667	1.050113	-0.059973 	0.006234
-31.000000	0.013630	-1.033333	1.046963	-0.059948 	0.006244
-30.900000	0.013816	-1.030000	1.043816	-0.059915 	0.006253
-30.800000	0.014003	-1.026667	1.040670	-0.059874 	0.006263
-30.700000	0.014191	-1.023333	1.037524	-0.059827 	0.006272
-30.600000	0.014379	-1.020000	1.034379	-0.059773 	0.006282
-30.500000	0.014568	-1.016667	1.031235	-0.059712 	0.006291
-30.400000	0.014757	-1.013333	1.028090	-0.059645 	0.006301
-30.300000	0.014947	-1.010000	1.024947	-0.059573 	0.006311
-30.200000	0.015137	-1.006667	1.021804	-0.059494 	0.006320
-30.100000	0.015328	-1.003333	1.018661	-0.059411 	0.006330
-30.000000	0.015518	-1.000000	1.015518	-0.059321 	0.006340
-29.900000	0.015709	-0.996667	1.012375	-0.059227 	0.006350
-29.800000	0.015899	-0.993333	1.009232	-0.059128 	0.006359
-29.700000	0.016089	-0.990000	1.006089	-0.059024 	0.006369
-29.600000	0.016279	-0.986667	1.002946	-0.058915 	0.006379
-29.500000	0.016469	-0.983333	0.999802	-0.058802 	0.006389
-29.400000	0.016659	-0.980000	0.996659	-0.058684 	0.006399
-29.300000	0.016848	-0.976667	0.993515	-0.058561 	0.006410
-29.200000	0.017037	-0.973333	0.990370	-0.058434 	0.006420
-29.100000	0.017225	-0.970000	0.987225	-0.058302 	0.006430
-29.000000	0.017413	-0.966667	0.984080	-0.058166 	0.006440
-28.900000	0.017601	-0.963333	0.980934	-0.058025 	0.006451
-28.800000	0.017788	-0.960000	0.977788	-0.057880 	0.006461
-28.700000	0.017975	-0.956667	0.974641	-0.057731 	0.006471
-28.600000	0.018161	-0.953333	0.971494	-0.057576 	0.006482
-28.500000	0.018346	-0.950000	0.968346	-0.057417 	0.006492
-28.400000	0.018531	-0.946667	0.965198	-0.057254 	0.006503
-28.300000	0.018715	-0.943333	0.962049	-0.057086 	0.006514
-28.200000	0.018899	-0.940000	0.958899	-0.056913 	0.006524
-28.100000	0.019082	-0.936667	0.955749	-0.056735 	0.006535
-28.000000	0.019264	-0.933333	0.952598	-0.056553 	0.006546
-27.900000	0.019446	-0.930000	0.949446	-0.056366 	0.006557
-27.800000	0.019627	-0.926667	0.946294	-0.056174 	0.006568
-27.700000	0.019807	-0.923333	0.943141	-0.055977 	0.006579
-27.600000	0.019987	-0.920000	0.939987	-0.055776 	0.006590
-27.500000	0.020166	-0.916667	0.936832	-0.055569 	0.006601
-27.400000	0.020344	-0.913333	0.933677	-0.055357 	0.006612
-27.300000	0.020521	-0.910000	0.930521	-0.055140 	0.006623
-27.200000	0.020697	-0.906667	0.927364	-0.054918 	0.006634
-27.100000	0.020873	-0.903333	0.924206	-0.054691 	0.006646
-27.000000	0.021047	-0.900000	0.921047	-0.054458 	0.006657
-26.900000	0.021221	-0.896667	0.917888	-0.054220 	0.006668
-26.800000	0.021394	-0.893333	0.914727	-0.053977 	0.006680
-26.700000	0.021566	-0.890000	0.911566	-0.053729 	0.006691
-26.600000	0.021737	-0.886667	0.908404	-0.053474 	0.006703
-26.500000	0.021907	-0.883333	0.905241	-0.053215 	0.006715
-26.400000	0.022076	-0.880000	0.902076	-0.052949 	0.006727
-26.300000	0.022245	-0.876667	0.898911	-0.052678 	0.006738
-26.200000	0.022412	-0.873333	0.895745	-0.052402 	0.006750
-26.100000	0.022578	-0.870000	0.892578	-0.052119 	0.006762
-26.000000	0.022743	-0.866667	0.889409	-0.051831 	0.006774
-25.900000	0.022906	-0.863333	0.886240	-0.051536 	0.006786
-25.800000	0.023069	-0.860000	0.883069	-0.051236 	0.006799
-25.700000	0.023231	-0.856667	0.879897	-0.050930 	0.006811
-25.600000	0.023391	-0.853333	0.876724	-0.050617 	0.006823
-25.500000	0.023550	-0.850000	0.873550	-0.050298 	0.006836
-25.400000	0.023708	-0.846667	0.870375	-0.049973 	0.006848
-25.300000	0.023865	-0.843333	0.867198	-0.049641 	0.006861
-25.200000	0.024020	-0.840000	0.864020	-0.049303 	0.006873
-25.100000	0.024175	-0.836667	0.860841	-0.048958 	0.006886
-25.000000	0.024327	-0.833333	0.857661	-0.048607 	0.006899
-24.900000	0.024479	-0.830000	0.854479	-0.048249 	0.006911
-24.800000	0.024629	-0.826667	0.851295	-0.047884 	0.006924
-24.700000	0.024777	-0.823333	0.848110	-0.047512 	0.006937
-24.600000	0.024924	-0.820000	0.844924	-0.047133 	0.006950
-24.500000	0.025070	-0.816667	0.841736	-0.046747 	0.006964
-24.400000	0.025214	-0.813333	0.838547	-0.046354 	0.006977
-24.300000	0.025356	-0.810000	0.835356	-0.045953 	0.006990
-24.200000	0.025497	-0.806667	0.832164	-0.045545 	0.007003
-24.100000	0.025636	-0.803333	0.828970	-0.045129 	0.007017
-24.000000	0.025774	-0.800000	0.825774	-0.044706 	0.007031
-23.900000	0.025910	-0.796667	0.822577	-0.044275 	0.007044
-23.800000	0.026044	-0.793333	0.819377	-0.043836 	0.007058
-23.700000	0.026176	-0.790000	0.816176	-0.043389 	0.007072
-23.600000	0.026307	-0.786667	0.812973	-0.042933 	0.007086
-23.500000	0.026435	-0.783333	0.809769	-0.042470 	0.007100
-23.400000	0.026562	-0.780000	0.806562	-0.041998 	0.007114
-23.300000	0.026687	-0.776667	0.803354	-0.041517 	0.007128
-23.200000	0.026810	-0.773333	0.800143	-0.041028 	0.007142
-23.100000	0.026931	-0.770000	0.796931	-0.040530 	0.007157
-23.000000	0.027050	-0.766667	0.793716	-0.040023 	0.007171
-22.900000	0.027166	-0.763333	0.790500	-0.039508 	0.007186
-22.800000	0.027281	-0.760000	0.787281	-0.038982 	0.007200
-22.700000	0.027394	-0.756667	0.784060	-0.038448 	0.007215
-22.600000	0.027504	-0.753333	0.780837	-0.037904 	0.007230
-22.500000	0.027612	-0.750000	0.777612	-0.037351 	0.007245
-22.400000	0.027718	-0.746667	0.774384	-0.036787 	0.007260
-22.300000	0.027821	-0.743333	0.771154	-0.036214 	0.007275
-22.200000	0.027922	-0.740000	0.767922	-0.035631 	0.007291
-22.100000	0.028021	-0.736667	0.764688	-0.035038 	0.007306
-22.000000	0.028117	-0.733333	0.761451	-0.034434 	0.007321
-21.900000	0.028211	-0.730000	0.758211	-0.033820 	0.007337
-21.800000	0.028302	-0.726667	0.754969	-0.033196 	0.007353
-21.700000	0.028391	-0.723333	0.751724	-0.032560 	0.007369
-21.600000	0.028477	-0.720000	0.748477	-0.031914 	0.007385
-21.500000	0.028561	-0.716667	0.745228	-0.031257 	0.007401
-21.400000	0.028642	-0.713333	0.741975	-0.030589 	0.007417
-21.300000	0.028720	-0.710000	0.738720	-0.029910 	0.007433
-21.200000	0.028796	-0.706667	0.735462	-0.029219 	0.007450
-21.100000	0.028869	-0.703333	0.732202	-0.028517 	0.007466
-21.000000	0.028939	-0.700000	0.728939	-0.027804 	0.007483
-20.900000	0.029006	-0.696667	0.725673	-0.027079 	0.007500
-20.800000	0.029070	-0.693333	0.722404	-0.026341 	0.007517
-20.700000	0.029132	-0.690000	0.719132	-0.025592 	0.007534
-20.600000	0.029191	-0.686667	0.715857	-0.024831 	0.007551
-20.500000	0.029246	-0.683333	0.712580	-0.024058 	0.007568
-20.400000	0.029299	-0.680000	0.709299	-0.023273 	0.007586
-20.300000	0.029349	-0.676667	0.706016	-0.022475 	0.007603
-20.200000	0.029396	-0.673333	0.702729	-0.021665 	0.007621
-20.100000	0.029440	-0.670000	0.699440	-0.020842 	0.007639
-20.000000	0.029480	-0.666667	0.696147	-0.020006 	0.007657
-19.900000	0.029518	-0.663333	0.692851	-0.019158 	0.007675
-19.800000	0.029553	-0.660000	0.689553	-0.018297 	0.007694
-19.700000	0.029584	-0.656667	0.686251	-0.017423 	0.007712
-19.600000	0.029613	-0.653333	0.682946	-0.016536 	0.007731
-19.500000	0.029638	-0.650000	0.679638	-0.015636 	0.007750
-19.400000	0.029660	-0.646667	0.676326	-0.014722 	0.007769
-19.300000	0.029679	-0.643333	0.673012	-0.013795 	0.007788
-19.200000	0.029694	-0.640000	0.669694	-0.012855 	0.007807
-19.100000	0.029706	-0.636667	0.666373	-0.011901 	0.007826
-19.000000	0.029715	-0.633333	0.663049	-0.010933 	0.007846
-18.900000	0.029721	-0.630000	0.659721	-0.009952 	0.007866
-18.800000	0.029724	-0.626667	0.656390	-0.008957 	0.007886
-18.700000	0.029723	-0.623333	0.653056	-0.007948 	0.007906
-18.600000	0.029718	-0.620000	0.649718	-0.006924 	0.007926
-18.500000	0.029710	-0.616667	0.646377	-0.005887 	0.007946
-18.400000	0.029699	-0.613333	0.643033	-0.004835 	0.007967
-18.300000	0.029685	-0.610000	0.639685	-0.003769 	0.007988
-18.200000	0.029667	-0.606667	0.636333	-0.002689 	0.008009
-18.100000	0.029645	-0.603333	0.632978	-0.001593 	0.008030
-18.000000	0.029620	-0.600000	0.629620	-0.000483 	0.008052
-17.900000	0.029591	-0.596667	0.626258	0.000642 	0.008073
-17.800000	0.029559	-0.593333	0.622892	0.001782 	0.008095
-17.700000	0.029523	-0.590000	0.619523	0.002937 	0.008117
-17.600000	0.029483	-0.586667	0.616150	0.004107 	0.008139
-17.500000	0.029440	-0.583333	0.612773	0.005293 	0.008161
-17.400000	0.029393	-0.580000	0.609393	0.006494 	0.008184
-17.300000	0.029343	-0.576667	0.606009	0.007711 	0.008207
-17.200000	0.029288	-0.573333	0.602621	0.008944 	0.008230
-17.100000	0.029230	-0.570000	0.599230	0.010193 	0.008253
-17.000000	0.029168	-0.566667	0.595834	0.011458 	0.008277
-16.900000	0.029102	-0.563333	0.592435	0.012740 	0.008300
-16.800000	0.029032	-0.560000	0.589032	0.014038 	0.008324
-16.700000	0.028958	-0.556667	0.585625	0.015353 	0.008348
-16.600000	0.028880	-0.553333	0.582213	0.016685 	0.008373
-16.500000	0.028798	-0.550000	0.578798	0.018033 	0.008398
-16.400000	0.028712	-0.546667	0.575379	0.019399 	0.008422
-16.300000	0.028622	-0.543333	0.571955	0.020783 	0.008448
-16.200000	0.028528	-0.540000	0.568528	0.022184 	0.008473
-16.100000	0.028429	-0.536667	0.565096	0.023603 	0.008499
-16.000000	0.028326	-0.533333	0.561660	0.025041 	0.008525
-15.900000	0.028219	-0.530000	0.558219	0.026496 	0.008551
-15.800000	0.028108	-0.526667	0.554775	0.027970 	0.008577
-15.700000	0.027992	-0.523333	0.551325	0.029463 	0.008604
-15.600000	0.027872	-0.520000	0.547872	0.030975 	0.008631
-15.500000	0.027747	-0.516667	0.544414	0.032507 	0.008659
-15.400000	0.027618	-0.513333	0.540951	0.034057 	0.008686
-15.300000	0.027484	-0.510000	0.537484	0.035628 	0.008714
-15.200000	0.027345	-0.506667	0.534012	0.037219 	0.008743
-15.100000	0.027202	-0.503333	0.530535	0.038830 	0.008771
-15.000000	0.027054	-0.500000	0.527054	0.040461 	0.008800
-14.900000	0.026901	-0.496667	0.523568	0.042114 	0.008829
-14.800000	0.026744	-0.493333	0.520077	0.043787 	0.008859
-14.700000	0.026581	-0.490000	0.516581	0.045482 	0.008889
-14.600000	0.026414	-0.486667	0.513080	0.047199 	0.008919
-14.500000	0.026241	-0.483333	0.509574	0.048938 	0.008950
-14.400000	0.026063	-0.480000	0.506063	0.050699 	0.008981
-14.300000	0.025880	-0.476667	0.502547	0.052483 	0.009012
-14.200000	0.025692	-0.473333	0.499026	0.054290 	0.009044
-14.100000	0.025499	-0.470000	0.495499	0.056120 	0.009076
-14.000000	0.025300	-0.466667	0.491967	0.057974 	0.009109
-13.900000	0.025096	-0.463333	0.488430	0.059852 	0.009141
-13.800000	0.024887	-0.460000	0.484887	0.061754 	0.009175
-13.700000	0.024672	-0.456667	0.481339	0.063682 	0.009209
-13.600000	0.024451	-0.453333	0.477785	0.065634 	0.009243
-13.500000	0.024225	-0.450000	0.474225	0.067612 	0.009277
-13.400000	0.023993	-0.446667	0.470660	0.069615 	0.009312
-13.300000	0.023755	-0.443333	0.467089	0.071645 	0.009348
-13.200000	0.023512	-0.440000	0.463512	0.073702 	0.009384
-13.100000	0.023262	-0.436667	0.459929	0.075786 	0.009420
-13.000000	0.023007	-0.433333	0.456340	0.077897 	0.009457
-12.900000	0.022745	-0.430000	0.452745	0.080036 	0.009495
-12.800000	0.022477	-0.426667	0.449144	0.082204 	0.009533
-12.700000	0.022203	-0.423333	0.445537	0.084400 	0.009571
-12.600000	0.021923	-0.420000	0.441923	0.086626 	0.009610
-12.500000	0.021637	-0.416667	0.438303	0.088882 	0.009650
-12.400000	0.021344	-0.413333	0.434677	0.091168 	0.009690
-12.300000	0.021044	-0.410000	0.431044	0.093484 	0.009731
-12.200000	0.020738	-0.406667	0.427405	0.095832 	0.009772
-12.100000	0.020426	-0.403333	0.423759	0.098211 	0.009814
-12.000000	0.020106	-0.400000	0.420106	0.100623 	0.009857
-11.900000	0.019780	-0.396667	0.416447	0.103068 	0.009900
-11.800000	0.019447	-0.393333	0.412780	0.105546 	0.009944
-11.700000	0.019107	-0.390000	0.409107	0.108057 	0.009988
-11.600000	0.018760	-0.386667	0.405427	0.110604 	0.010034
-11.500000	0.018406	-0.383333	0.401739	0.113185 	0.010080
-11.400000	0.018045	-0.380000	0.398045	0.115802 	0.010126
-11.300000	0.017676	-0.376667	0.394343	0.118455 	0.010174
-11.200000	0.017301	-0.373333	0.390634	0.121145 	0.010222
-11.100000	0.016917	-0.370000	0.386917	0.123872 	0.010271
-11.000000	0.016527	-0.366667	0.383193	0.126638 	0.010321
-10.900000	0.016128	-0.363333	0.379461	0.129442 	0.010371
-10.800000	0.015722	-0.360000	0.375722	0.132286 	0.010423
-10.700000	0.015308	-0.356667	0.371975	0.135170 	0.010475
-10.600000	0.014887	-0.353333	0.368220	0.138095 	0.010528
-10.500000	0.014457	-0.350000	0.364457	0.141061 	0.010583
-10.400000	0.014020	-0.346667	0.360687	0.144069 	0.010638
-10.300000	0.013574	-0.343333	0.356908	0.147121 	0.010694
-10.200000	0.013121	-0.340000	0.353121	0.150216 	0.010751
-10.100000	0.012659	-0.336667	0.349325	0.153356 	0.010809
-10.000000	0.012189	-0.333333	0.345522	0.156542 	0.010869
-9.900000	0.011710	-0.330000	0.341710	0.159773 	0.010929
-9.800000	0.011223	-0.326667	0.337889	0.163052 	0.010991
-9.700000	0.010727	-0.323333	0.334060	0.166378 	0.011054
-9.600000	0.010222	-0.320000	0.330222	0.169754 	0.011118
-9.500000	0.009709	-0.316667	0.326376	0.173179 	0.011183
-9.400000	0.009187	-0.313333	0.322521	0.176654 	0.011250
-9.300000	0.008656	-0.310000	0.318656	0.180181 	0.011318
-9.200000	0.008116	-0.306667	0.314783	0.183761 	0.011387
-9.100000	0.007567	-0.303333	0.310901	0.187394 	0.011458
-9.000000	0.007009	-0.300000	0.307009	0.191082 	0.011530
-8.900000	0.006442	-0.296667	0.303108	0.194825 	0.011604
-8.800000	0.005865	-0.293333	0.299198	0.198624 	0.011680
-8.700000	0.005279	-0.290000	0.295279	0.202482 	0.011757
-8.600000	0.004683	-0.286667	0.291350	0.206398 	0.011836
-8.500000	0.004078	-0.283333	0.287411	0.210374 	0.011917
-8.400000	0.003463	-0.280000	0.283463	0.214411 	0.012000
-8.300000	0.002838	-0.276667	0.279505	0.218510 	0.012084
-8.200000	0.002204	-0.273333	0.275537	0.222673 	0.012171
-8.100000	0.001560	-0.270000	0.271560	0.226900 	0.012260
-8.000000	0.000906	-0.266667	0.267572	0.231193 	0.012351
-7.900000	0.000241	-0.263333	0.263575	0.235554 	0.012444
-7.800000	-0.000433	-0.260000	0.259567	0.239983 	0.012540
-7.700000	-0.001117	-0.256667	0.255550	0.244482 	0.012638
-7.600000	-0.001812	-0.253333	0.251522	0.249052 	0.012739
-7.500000	-0.002517	-0.250000	0.247483	0.253695 	0.012842
-7.400000	-0.003232	-0.246667	0.243435	0.258412 	0.012949
-7.300000	-0.003957	-0.243333	0.239376	0.263205 	0.013058
-7.200000	-0.004693	-0.240000	0.235307	0.268074 	0.013170
-7.100000	-0.005439	-0.236667	0.231227	0.273023 	0.013286
-7.000000	-0.006196	-0.233333	0.227137	0.278051 	0.013405
-6.900000	-0.006963	-0.230000	0.223037	0.283161 	0.013528
-6.800000	-0.007741	-0.226667	0.218926	0.288354 	0.013654
-6.700000	-0.008529	-0.223333	0.214804	0.293633 	0.013785
-6.600000	-0.009328	-0.220000	0.210672	0.298998 	0.013919
-6.500000	-0.010137	-0.216667	0.206529	0.304450 	0.014058
-6.400000	-0.010957	-0.213333	0.202376	0.309994 	0.014202
-6.300000	-0.011787	-0.210000	0.198213	0.315628 	0.014350
-6.200000	-0.012628	-0.206667	0.194038	0.321356 	0.014504
-6.100000	-0.013479	-0.203333	0.189854	0.327179 	0.014662
-6.000000	-0.014341	-0.200000	0.185659	0.333099 	0.014827
-5.900000	-0.015213	-0.196667	0.181454	0.339118 	0.014998
-5.800000	-0.016095	-0.193333	0.177238	0.345237 	0.015175
-5.700000	-0.016987	-0.190000	0.173013	0.351458 	0.015360
-5.600000	-0.017890	-0.186667	0.168777	0.357784 	0.015551
-5.500000	-0.018802	-0.183333	0.164531	0.364216 	0.015750
-5.400000	-0.019725	-0.180000	0.160275	0.370756 	0.015958
-5.300000	-0.020657	-0.176667	0.156010	0.377407 	0.016175
-5.200000	-0.021598	-0.173333	0.151735	0.384169 	0.016401
-5.100000	-0.022550	-0.170000	0.147450	0.391046 	0.016638
-5.000000	-0.023510	-0.166667	0.143157	0.398038 	0.016885
-4.900000	-0.024479	-0.163333	0.138854	0.405149 	0.017145
-4.800000	-0.025458	-0.160000	0.134542	0.412378 	0.017418
-4.700000	-0.026444	-0.156667	0.130223	0.419728 	0.017704
-4.600000	-0.027439	-0.153333	0.125894	0.427199 	0.018006
-4.500000	-0.028441	-0.150000	0.121559	0.434791 	0.018324
-4.400000	-0.029450	-0.146667	0.117216	0.442502 	0.018660
-4.300000	-0.030466	-0.143333	0.112868	0.450330 	0.019017
-4.200000	-0.031487	-0.140000	0.108513	0.458272 	0.019394
-4.100000	-0.032512	-0.136667	0.104155	0.466321 	0.019796
-4.000000	-0.033541	-0.133333	0.099793	0.474471 	0.020224
-3.900000	-0.034571	-0.130000	0.095429	0.482709 	0.020681
-3.800000	-0.035602	-0.126667	0.091064	0.491024 	0.021171
-3.700000	-0.036633	-0.123333	0.086701	0.499397 	0.021697
-3.600000	-0.037659	-0.120000	0.082341	0.507802 	0.022264
-3.500000	-0.038680	-0.116667	0.077987	0.516201 	0.022877
-3.400000	-0.039690	-0.113333	0.073643	0.524530 	0.023542
-3.300000	-0.040681	-0.110000	0.069319	0.532667 	0.024266
-3.200000	-0.041634	-0.106667	0.065032	0.540363 	0.025053
-3.100000	-0.042516	-0.103333	0.060817	0.547101 	0.025906
-3.000000	-0.043262	-0.100000	0.056738	0.551885 	0.026821
-2.900000	-0.043798	-0.096667	0.052868	0.553417 	0.027786
-2.800000	-0.044211	-0.093333	0.049123	0.552298 	0.028825
-2.700000	-0.044926	-0.090000	0.045074	0.554472 	0.030092
-2.600000	-0.045468	-0.086667	0.041199	0.552804 	0.031476
-2.500000	-0.046053	-0.083333	0.037280	0.549880 	0.033089
-2.400000	-0.046651	-0.080000	0.033349	0.544330 	0.034984
-2.300000	-0.047283	-0.076667	0.029384	0.535242 	0.037270
-2.200000	-0.047934	-0.073333	0.025399	0.521580 	0.040087
-2.100000	-0.048659	-0.070000	0.021341	0.500617 	0.043733
-2.000000	-0.050243	-0.066667	0.016424	0.445339 	0.049852
-1.900000	-0.054195	-0.063333	0.009138	0.270652 	0.066833
-1.800000	-0.056632	-0.060000	0.003368	0.002793 	0.110079
-1.700000	-0.053896	-0.056667	0.002771	0.000000 	0.000000
-1.600000	-0.050554	-0.053333	0.002779	0.000000 	0.000000
-1.500000	-0.047213	-0.050000	0.002787	0.000000 	0.000000
-1.400000	-0.043876	-0.046667	0.002791	0.000000 	0.000000
-1.300000	-0.040532	-0.043333	0.002801	0.000000 	0.000000
-1.200000	-0.037190	-0.040000	0.002810	0.000000 	0.000000
-1.100000	-0.033861	-0.036667	0.002806	0.000000 	0.000000
-1.000000	-0.030516	-0.033333	0.002817	0.000000 	0.000000
-0.900000	-0.027189	-0.030000	0.002811	0.000000 	0.000000
-0.800000	-0.023850	-0.026667	0.002816	0.000000 	0.000000
-0.700000	-0.020519	-0.023333	0.002815	0.000000 	0.000000
-0.600000	-0.017191	-0.020000	0.002809	0.000000 	0.000000
-0.500000	-0.013853	-0.016667	0.002814	0.000000 	0.000000
-0.400000	-0.010532	-0.013333	0.002801	0.000000 	0.000000
-0.300000	-0.007203	-0.010000	0.002797	0.000000 	0.000000
-0.200000	-0.003870	-0.006667	0.002797	0.000000 	0.000000
-0.100000	-0.000541	-0.003333	0.002792	0.000000 	0.000000
0.000000	0.002788	0.000000	0.002788	0.000000 	0.000000
0.100000	0.006123	0.003333	0.002790	0.000000 	0.000000
0.200000	0.009446	0.006667	0.002779	0.000000 	0.000000
0.300000	0.012770	0.010000	0.002770	0.000000 	0.000000
0.400000	0.016097	0.013333	0.002763	0.000000 	0.000000
0.500000	0.019426	0.016667	0.002759	0.000000 	0.000000
0.600000	0.022759	0.020000	0.002759	0.000000 	0.000000
0.700000	0.026081	0.023333	0.002748	0.000000 	0.000000
0.800000	0.029401	0.026667	0.002734	0.000000 	0.000000
0.900000	0.032735	0.030000	0.002735	0.000000 	0.000000
1.000000	0.036059	0.033333	0.002725	0.000000 	0.000000
1.100000	0.039383	0.036667	0.002717	0.000000 	0.000000
1.200000	0.042704	0.040000	0.002704	0.000000 	0.000000
1.300000	0.046025	0.043333	0.002692	0.000000 	0.000000
1.400000	0.049351	0.046667	0.002685	0.000000 	0.000000
1.500000	0.052679	0.050000	0.002679	0.000000 	0.000000
1.600000	0.055998	0.053333	0.002665	0.000000 	0.000000
1.700000	0.059321	0.056667	0.002655	0.000000 	0.000000
1.800000	0.062640	0.060000	0.002640	0.000000 	0.000000
1.900000	0.065968	0.063333	0.002635	0.000000 	0.000000
2.000000	0.069288	0.066667	0.002622	0.000000 	0.000000
2.100000	0.072611	0.070000	0.002611	0.000000 	0.000000
2.200000	0.075927	0.073333	0.002593	0.000000 	0.000000
2.300000	0.079249	0.076667	0.002582	0.000000 	0.000000
2.400000	0.082577	0.080000	0.002577	0.000000 	0.000000
2.500000	0.085889	0.083333	0.002555	0.000000 	0.000000
2.600000	0.089210	0.086667	0.002544	0.000000 	0.000000
2.700000	0.092518	0.090000	0.002518	0.000000 	0.000000
2.800000	0.095877	0.093333	0.002544	0.000000 	0.000000
2.900000	0.098752	0.096667	0.002086	0.000000 	0.000000
3.000000	0.100000	0.100000	0.000000	0.000000 	0.000000
3.100000	0.103333	0.103333	0.000000	0.000000 	0.000000
3.200000	0.106667	0.106667	0.000000	0.000000 	0.000000
3.300000	0.110000	0.110000	0.000000	0.000000 	0.000000
3.400000	0.113333	0.113333	0.000000	0.000000 	0.000000
3.500000	0.116667	0.116667	0.000000	0.000000 	0.000000
3.600000	0.120000	0.120000	0.000000	0.000000 	0.000000
3.700000	0.123333	0.123333	0.000000	0.000000 	0.000000
3.800000	0.126667	0.126667	0.000000	0.000000 	0.000000
3.900000	0.130000	0.130000	0.000000	0.000000 	0.000000
4.000000	0.133333	0.133333	0.000000	0.000000 	0.000000
4.100000	0.136667	0.136667	0.000000	0.000000 	0.000000
4.200000	0.140000	0.140000	0.000000	0.000000 	0.000000
4.300000	0.143333	0.143333	0.000000	0.000000 	0.000000
4.400000	0.146667	0.146667	0.000000	0.000000 	0.000000
4.500000	0.150000	0.150000	0.000000	0.000000 	0.000000
4.600000	0.153333	0.153333	0.000000	0.000000 	0.000000
4.700000	0.156667	0.156667	0.000000	0.000000 	0.000000
4.800000	0.160000	0.160000	0.000000	0.000000 	0.000000
4.900000	0.163333	0.163333	0.000000	0.000000 	0.000000
5.000000	0.166667	0.166667	0.000000	0.000000 	0.000000
5.100000	0.170000	0.170000	0.000000	0.000000 	0.000000
5.200000	0.173333	0.173333	0.000000	0.000000 	0.000000
5.300000	0.176667	0.176667	0.000000	0.000000 	0.000000
5.400000	0.180000	0.180000	0.000000	0.000000 	0.000000
5.500000	0.183333	0.183333	0.000000	0.000000 	0.000000
5.600000	0.186667	0.186667	0.000000	0.000000 	0.000000
5.700000	0.190000	0.190000	0.000000	0.000000 	0.000000
5.800000	0.193333	0.193333	0.000000	0.000000 	0.000000
5.900000	0.196667	0.196667	0.000000	0.000000 	0.000000
6.000000	0.200000	0.200000	0.000000	0.000000 	0.000000
6.100000	0.203333	0.203333	0.000000	0.000000 	0.000000
6.200000	0.206667	0.206667	0.000000	0.000000 	0.000000
6.300000	0.210000	0.210000	0.000000	0.000000 	0.000000
6.400000	0.213333	0.213333	0.000000	0.000000 	0.000000
6.500000	0.216667	0.216667	0.000000	0.000000 	0.000000
6.600000	0.220000	0.220000	0.000000	0.000000 	0.000000
6.700000	0.223333	0.223333	0.000000	0.000000 	0.000000
6.800000	0.226667	0.226667	0.000000	0.000000 	0.000000
6.900000	0.230000	0.230000	0.000000	0.000000 	0.000000
7.000000	0.233333	0.233333	0.000000	0.000000 	0.000000
7.100000	0.236667	0.236667	0.000000	0.000000 	0.000000
7.200000	0.240000	0.240000	0.000000	0.000000 	0.000000
7.300000	0.243333	0.243333	0.000000	0.000000 	0.000000
7.400000	0.246667	0.246667	0.000000	0.000000 	0.000000
7.500000	0.250000	0.250000	0.000000	0.000000 	0.000000
7.600000	0.253333	0.253333	0.000000	0.000000 	0.000000
7.700000	0.256667	0.256667	0.000000	0.000000 	0.000000
7.800000	0.260000	0.260000	0.000000	0.000000 	0.000000
7.900000	0.263333	0.263333	0.000000	0.000000 	0.000000
8.000000	0.266667	0.266667	0.000000	0.000000 	0.000000
8.100000	0.270000	0.270000	0.000000	0.000000 	0.000000
8.200000	0.273333	0.273333	0.000000	0.000000 	0.000000
8.300000	0.276667	0.276667	0.000000	0.000000 	0.000000
8.400000	0.280000	0.280000	0.000000	0.000000 	0.000000
8.500000	0.283333	0.283333	0.000000	0.000000 	0.000000
8.600000	0.286667	0.286667	0.000000	0.000000 	0.000000
8.700000	0.290000	0.290000	0.000000	0.000000 	0.000000
8.800000	0.293333	0.293333	0.000000	0.000000 	0.000000
8.900000	0.296667	0.296667	0.000000	0.000000 	0.000000
9.000000	0.300000	0.300000	0.000000	0.000000 	0.000000
9.100000	0.303333	0.303333	0.000000	0.000000 	0.000000
9.200000	0.306667	0.306667	0.000000	0.000000 	0.000000
9.300000	0.310000	0.310000	0.000000	0.000000 	0.000000
9.400000	0.313333	0.313333	0.000000	0.000000 	0.000000
9.500000	0.316667	0.316667	0.000000	0.000000 	0.000000
9.600000	0.320000	0.320000	0.000000	0.000000 	0.000000
9.700000	0.323333	0.323333	0.000000	0.000000 	0.000000
9.800000	0.326667	0.326667	0.000000	0.000000 	0.000000
9.900000	0.330000	0.330000	0.000000	0.000000 	0.000000
