VARIABLES = X,Ksi,B,H,U,tau 
ZONE T="Time 25.000000", I=1100, DATAPACKING=POINT
-100.000000	-0.004291	-3.333333	3.329042	-0.006974 	0.003502
-99.900000	-0.007097	-3.330000	3.322903	-0.001980 	0.003505
-99.800000	-0.005741	-3.326667	3.320926	-0.004131 	0.003506
-99.700000	-0.006166	-3.323333	3.317167	-0.003222 	0.003508
-99.600000	-0.005828	-3.320000	3.314172	-0.003623 	0.003509
-99.500000	-0.005816	-3.316667	3.310851	-0.003463 	0.003511
-99.400000	-0.005664	-3.313333	3.307669	-0.003543 	0.003513
-99.300000	-0.005572	-3.310000	3.304428	-0.003520 	0.003515
-99.200000	-0.005454	-3.306667	3.301213	-0.003542 	0.003516
-99.100000	-0.005347	-3.303333	3.297986	-0.003544 	0.003518
-99.000000	-0.005235	-3.300000	3.294765	-0.003554 	0.003520
-98.900000	-0.005125	-3.296667	3.291542	-0.003561 	0.003521
-98.800000	-0.005013	-3.293333	3.288320	-0.003569 	0.003523
-98.700000	-0.004902	-3.290000	3.285098	-0.003576 	0.003525
-98.600000	-0.004790	-3.286667	3.281877	-0.003584 	0.003527
-98.500000	-0.004679	-3.283333	3.278654	-0.003592 	0.003528
-98.400000	-0.004567	-3.280000	3.275433	-0.003599 	0.003530
-98.300000	-0.004454	-3.276667	3.272213	-0.003606 	0.003532
-98.200000	-0.004342	-3.273333	3.268991	-0.003614 	0.003534
-98.100000	-0.004229	-3.270000	3.265771	-0.003621 	0.003535
-98.000000	-0.004116	-3.266667	3.262551	-0.003628 	0.003537
-97.900000	-0.004003	-3.263333	3.259330	-0.003635 	0.003539
-97.800000	-0.003890	-3.260000	3.256110	-0.003641 	0.003541
-97.700000	-0.003777	-3.256667	3.252890	-0.003648 	0.003542
-97.600000	-0.003663	-3.253333	3.249670	-0.003655 	0.003544
-97.500000	-0.003549	-3.250000	3.246451	-0.003662 	0.003546
-97.400000	-0.003435	-3.246667	3.243232	-0.003668 	0.003548
-97.300000	-0.003321	-3.243333	3.240012	-0.003675 	0.003549
-97.200000	-0.003207	-3.240000	3.236793	-0.003682 	0.003551
-97.100000	-0.003092	-3.236667	3.233575	-0.003688 	0.003553
-97.000000	-0.002977	-3.233333	3.230356	-0.003694 	0.003555
-96.900000	-0.002862	-3.230000	3.227138	-0.003701 	0.003556
-96.800000	-0.002747	-3.226667	3.223920	-0.003707 	0.003558
-96.700000	-0.002632	-3.223333	3.220701	-0.003713 	0.003560
-96.600000	-0.002516	-3.220000	3.217484	-0.003719 	0.003562
-96.500000	-0.002401	-3.216667	3.214266	-0.003725 	0.003563
-96.400000	-0.002285	-3.213333	3.211048	-0.003731 	0.003565
-96.300000	-0.002169	-3.210000	3.207831	-0.003736 	0.003567
-96.200000	-0.002053	-3.206667	3.204614	-0.003742 	0.003569
-96.100000	-0.001936	-3.203333	3.201397	-0.003748 	0.003571
-96.000000	-0.001820	-3.200000	3.198180	-0.003753 	0.003572
-95.900000	-0.001703	-3.196667	3.194964	-0.003758 	0.003574
-95.800000	-0.001586	-3.193333	3.191747	-0.003764 	0.003576
-95.700000	-0.001469	-3.190000	3.188531	-0.003769 	0.003578
-95.600000	-0.001352	-3.186667	3.185315	-0.003774 	0.003580
-95.500000	-0.001234	-3.183333	3.182099	-0.003779 	0.003581
-95.400000	-0.001117	-3.180000	3.178883	-0.003784 	0.003583
-95.300000	-0.000999	-3.176667	3.175668	-0.003789 	0.003585
-95.200000	-0.000881	-3.173333	3.172452	-0.003794 	0.003587
-95.100000	-0.000763	-3.170000	3.169237	-0.003799 	0.003589
-95.000000	-0.000645	-3.166667	3.166022	-0.003803 	0.003591
-94.900000	-0.000527	-3.163333	3.162806	-0.003808 	0.003592
-94.800000	-0.000408	-3.160000	3.159592	-0.003812 	0.003594
-94.700000	-0.000290	-3.156667	3.156377	-0.003816 	0.003596
-94.600000	-0.000171	-3.153333	3.153162	-0.003821 	0.003598
-94.500000	-0.000052	-3.150000	3.149948	-0.003825 	0.003600
-94.400000	0.000067	-3.146667	3.146734	-0.003829 	0.003602
-94.300000	0.000186	-3.143333	3.143519	-0.003833 	0.003603
-94.200000	0.000305	-3.140000	3.140305	-0.003837 	0.003605
-94.100000	0.000425	-3.136667	3.137092	-0.003841 	0.003607
-94.000000	0.000544	-3.133333	3.133877	-0.003844 	0.003609
-93.900000	0.000664	-3.130000	3.130664	-0.003848 	0.003611
-93.800000	0.000783	-3.126667	3.127450	-0.003852 	0.003613
-93.700000	0.000903	-3.123333	3.124236	-0.003855 	0.003614
-93.600000	0.001023	-3.120000	3.121023	-0.003859 	0.003616
-93.500000	0.001143	-3.116667	3.117810	-0.003862 	0.003618
-93.400000	0.001264	-3.113333	3.114597	-0.003865 	0.003620
-93.300000	0.001384	-3.110000	3.111384	-0.003869 	0.003622
-93.200000	0.001504	-3.106667	3.108171	-0.003872 	0.003624
-93.100000	0.001625	-3.103333	3.104958	-0.003875 	0.003626
-93.000000	0.001745	-3.100000	3.101745	-0.003878 	0.003628
-92.900000	0.001866	-3.096667	3.098533	-0.003881 	0.003629
-92.800000	0.001987	-3.093333	3.095320	-0.003883 	0.003631
-92.700000	0.002108	-3.090000	3.092108	-0.003886 	0.003633
-92.600000	0.002229	-3.086667	3.088896	-0.003888 	0.003635
-92.500000	0.002350	-3.083333	3.085683	-0.003891 	0.003637
-92.400000	0.002472	-3.080000	3.082472	-0.003893 	0.003639
-92.300000	0.002593	-3.076667	3.079260	-0.003895 	0.003641
-92.200000	0.002714	-3.073333	3.076047	-0.003897 	0.003643
-92.100000	0.002836	-3.070000	3.072836	-0.003899 	0.003645
-92.000000	0.002958	-3.066667	3.069625	-0.003901 	0.003646
-91.900000	0.003079	-3.063333	3.066412	-0.003903 	0.003648
-91.800000	0.003201	-3.060000	3.063201	-0.003905 	0.003650
-91.700000	0.003323	-3.056667	3.059990	-0.003906 	0.003652
-91.600000	0.003445	-3.053333	3.056778	-0.003908 	0.003654
-91.500000	0.003567	-3.050000	3.053567	-0.003909 	0.003656
-91.400000	0.003689	-3.046667	3.050356	-0.003911 	0.003658
-91.300000	0.003811	-3.043333	3.047144	-0.003912 	0.003660
-91.200000	0.003934	-3.040000	3.043934	-0.003913 	0.003662
-91.100000	0.004056	-3.036667	3.040723	-0.003914 	0.003664
-91.000000	0.004178	-3.033333	3.037511	-0.003915 	0.003666
-90.900000	0.004301	-3.030000	3.034301	-0.003916 	0.003668
-90.800000	0.004423	-3.026667	3.031090	-0.003917 	0.003670
-90.700000	0.004546	-3.023333	3.027879	-0.003917 	0.003672
-90.600000	0.004669	-3.020000	3.024669	-0.003918 	0.003673
-90.500000	0.004791	-3.016667	3.021458	-0.003918 	0.003675
-90.400000	0.004914	-3.013333	3.018247	-0.003918 	0.003677
-90.300000	0.005037	-3.010000	3.015037	-0.003919 	0.003679
-90.200000	0.005160	-3.006667	3.011827	-0.003919 	0.003681
-90.100000	0.005283	-3.003333	3.008616	-0.003919 	0.003683
-90.000000	0.005405	-3.000000	3.005405	-0.003918 	0.003685
-89.900000	0.005528	-2.996667	3.002195	-0.003918 	0.003687
-89.800000	0.005651	-2.993333	2.998984	-0.003918 	0.003689
-89.700000	0.005774	-2.990000	2.995774	-0.003918 	0.003691
-89.600000	0.005898	-2.986667	2.992565	-0.003917 	0.003693
-89.500000	0.006021	-2.983333	2.989354	-0.003916 	0.003695
-89.400000	0.006144	-2.980000	2.986144	-0.003916 	0.003697
-89.300000	0.006267	-2.976667	2.982934	-0.003915 	0.003699
-89.200000	0.006390	-2.973333	2.979723	-0.003914 	0.003701
-89.100000	0.006513	-2.970000	2.976513	-0.003913 	0.003703
-89.000000	0.006636	-2.966667	2.973303	-0.003912 	0.003705
-88.900000	0.006760	-2.963333	2.970093	-0.003910 	0.003707
-88.800000	0.006883	-2.960000	2.966883	-0.003909 	0.003709
-88.700000	0.007006	-2.956667	2.963673	-0.003907 	0.003711
-88.600000	0.007129	-2.953333	2.960462	-0.003906 	0.003713
-88.500000	0.007253	-2.950000	2.957253	-0.003904 	0.003715
-88.400000	0.007376	-2.946667	2.954043	-0.003902 	0.003717
-88.300000	0.007499	-2.943333	2.950832	-0.003900 	0.003719
-88.200000	0.007622	-2.940000	2.947622	-0.003898 	0.003721
-88.100000	0.007746	-2.936667	2.944413	-0.003896 	0.003723
-88.000000	0.007869	-2.933333	2.941202	-0.003894 	0.003725
-87.900000	0.007992	-2.930000	2.937992	-0.003891 	0.003727
-87.800000	0.008115	-2.926667	2.934782	-0.003889 	0.003729
-87.700000	0.008239	-2.923333	2.931572	-0.003886 	0.003731
-87.600000	0.008362	-2.920000	2.928362	-0.003883 	0.003733
-87.500000	0.008485	-2.916667	2.925152	-0.003881 	0.003735
-87.400000	0.008608	-2.913333	2.921941	-0.003878 	0.003738
-87.300000	0.008731	-2.910000	2.918731	-0.003875 	0.003740
-87.200000	0.008854	-2.906667	2.915521	-0.003871 	0.003742
-87.100000	0.008977	-2.903333	2.912310	-0.003868 	0.003744
-87.000000	0.009100	-2.900000	2.909100	-0.003865 	0.003746
-86.900000	0.009223	-2.896667	2.905890	-0.003861 	0.003748
-86.800000	0.009346	-2.893333	2.902679	-0.003857 	0.003750
-86.700000	0.009469	-2.890000	2.899469	-0.003854 	0.003752
-86.600000	0.009592	-2.886667	2.896259	-0.003850 	0.003754
-86.500000	0.009715	-2.883333	2.893048	-0.003846 	0.003756
-86.400000	0.009838	-2.880000	2.889838	-0.003842 	0.003758
-86.300000	0.009960	-2.876667	2.886627	-0.003837 	0.003760
-86.200000	0.010083	-2.873333	2.883416	-0.003833 	0.003762
-86.100000	0.010206	-2.870000	2.880206	-0.003829 	0.003764
-86.000000	0.010328	-2.866667	2.876995	-0.003824 	0.003767
-85.900000	0.010451	-2.863333	2.873784	-0.003819 	0.003769
-85.800000	0.010573	-2.860000	2.870573	-0.003814 	0.003771
-85.700000	0.010696	-2.856667	2.867363	-0.003809 	0.003773
-85.600000	0.010818	-2.853333	2.864151	-0.003804 	0.003775
-85.500000	0.010940	-2.850000	2.860940	-0.003799 	0.003777
-85.400000	0.011062	-2.846667	2.857729	-0.003794 	0.003779
-85.300000	0.011184	-2.843333	2.854517	-0.003788 	0.003781
-85.200000	0.011306	-2.840000	2.851306	-0.003783 	0.003784
-85.100000	0.011428	-2.836667	2.848095	-0.003777 	0.003786
-85.000000	0.011550	-2.833333	2.844883	-0.003771 	0.003788
-84.900000	0.011672	-2.830000	2.841672	-0.003765 	0.003790
-84.800000	0.011793	-2.826667	2.838460	-0.003759 	0.003792
-84.700000	0.011915	-2.823333	2.835248	-0.003753 	0.003794
-84.600000	0.012036	-2.820000	2.832036	-0.003747 	0.003796
-84.500000	0.012158	-2.816667	2.828825	-0.003740 	0.003799
-84.400000	0.012279	-2.813333	2.825612	-0.003734 	0.003801
-84.300000	0.012400	-2.810000	2.822400	-0.003727 	0.003803
-84.200000	0.012521	-2.806667	2.819188	-0.003720 	0.003805
-84.100000	0.012642	-2.803333	2.815975	-0.003714 	0.003807
-84.000000	0.012763	-2.800000	2.812763	-0.003706 	0.003809
-83.900000	0.012883	-2.796667	2.809550	-0.003699 	0.003812
-83.800000	0.013004	-2.793333	2.806337	-0.003692 	0.003814
-83.700000	0.013124	-2.790000	2.803124	-0.003685 	0.003816
-83.600000	0.013245	-2.786667	2.799912	-0.003677 	0.003818
-83.500000	0.013365	-2.783333	2.796698	-0.003669 	0.003820
-83.400000	0.013485	-2.780000	2.793485	-0.003662 	0.003822
-83.300000	0.013605	-2.776667	2.790272	-0.003654 	0.003825
-83.200000	0.013724	-2.773333	2.787057	-0.003646 	0.003827
-83.100000	0.013844	-2.770000	2.783844	-0.003637 	0.003829
-83.000000	0.013963	-2.766667	2.780630	-0.003629 	0.003831
-82.900000	0.014083	-2.763333	2.777416	-0.003621 	0.003834
-82.800000	0.014202	-2.760000	2.774202	-0.003612 	0.003836
-82.700000	0.014321	-2.756667	2.770988	-0.003603 	0.003838
-82.600000	0.014440	-2.753333	2.767773	-0.003594 	0.003840
-82.500000	0.014559	-2.750000	2.764559	-0.003585 	0.003842
-82.400000	0.014677	-2.746667	2.761344	-0.003576 	0.003845
-82.300000	0.014795	-2.743333	2.758128	-0.003567 	0.003847
-82.200000	0.014914	-2.740000	2.754914	-0.003558 	0.003849
-82.100000	0.015032	-2.736667	2.751699	-0.003548 	0.003851
-82.000000	0.015150	-2.733333	2.748483	-0.003538 	0.003854
-81.900000	0.015267	-2.730000	2.745267	-0.003529 	0.003856
-81.800000	0.015385	-2.726667	2.742052	-0.003519 	0.003858
-81.700000	0.015502	-2.723333	2.738835	-0.003509 	0.003860
-81.600000	0.015619	-2.720000	2.735619	-0.003498 	0.003863
-81.500000	0.015736	-2.716667	2.732403	-0.003488 	0.003865
-81.400000	0.015853	-2.713333	2.729186	-0.003478 	0.003867
-81.300000	0.015969	-2.710000	2.725969	-0.003467 	0.003870
-81.200000	0.016086	-2.706667	2.722753	-0.003456 	0.003872
-81.100000	0.016202	-2.703333	2.719535	-0.003445 	0.003874
-81.000000	0.016318	-2.700000	2.716318	-0.003434 	0.003876
-80.900000	0.016434	-2.696667	2.713101	-0.003423 	0.003879
-80.800000	0.016549	-2.693333	2.709882	-0.003412 	0.003881
-80.700000	0.016665	-2.690000	2.706665	-0.003400 	0.003883
-80.600000	0.016780	-2.686667	2.703447	-0.003389 	0.003886
-80.500000	0.016895	-2.683333	2.700228	-0.003377 	0.003888
-80.400000	0.017009	-2.680000	2.697009	-0.003365 	0.003890
-80.300000	0.017124	-2.676667	2.693791	-0.003353 	0.003893
-80.200000	0.017238	-2.673333	2.690571	-0.003341 	0.003895
-80.100000	0.017352	-2.670000	2.687352	-0.003329 	0.003897
-80.000000	0.017466	-2.666667	2.684133	-0.003316 	0.003900
-79.900000	0.017579	-2.663333	2.680912	-0.003304 	0.003902
-79.800000	0.017692	-2.660000	2.677692	-0.003291 	0.003904
-79.700000	0.017805	-2.656667	2.674472	-0.003278 	0.003907
-79.600000	0.017918	-2.653333	2.671251	-0.003265 	0.003909
-79.500000	0.018031	-2.650000	2.668031	-0.003252 	0.003911
-79.400000	0.018143	-2.646667	2.664810	-0.003239 	0.003914
-79.300000	0.018255	-2.643333	2.661588	-0.003225 	0.003916
-79.200000	0.018367	-2.640000	2.658367	-0.003212 	0.003918
-79.100000	0.018478	-2.636667	2.655145	-0.003198 	0.003921
-79.000000	0.018589	-2.633333	2.651922	-0.003184 	0.003923
-78.900000	0.018700	-2.630000	2.648700	-0.003170 	0.003926
-78.800000	0.018811	-2.626667	2.645478	-0.003156 	0.003928
-78.700000	0.018921	-2.623333	2.642254	-0.003142 	0.003930
-78.600000	0.019031	-2.620000	2.639031	-0.003127 	0.003933
-78.500000	0.019141	-2.616667	2.635808	-0.003113 	0.003935
-78.400000	0.019251	-2.613333	2.632584	-0.003098 	0.003938
-78.300000	0.019360	-2.610000	2.629360	-0.003083 	0.003940
-78.200000	0.019469	-2.606667	2.626136	-0.003068 	0.003942
-78.100000	0.019577	-2.603333	2.622910	-0.003053 	0.003945
-78.000000	0.019686	-2.600000	2.619686	-0.003037 	0.003947
-77.900000	0.019794	-2.596667	2.616461	-0.003022 	0.003950
-77.800000	0.019901	-2.593333	2.613234	-0.003006 	0.003952
-77.700000	0.020009	-2.590000	2.610009	-0.002990 	0.003955
-77.600000	0.020116	-2.586667	2.606783	-0.002974 	0.003957
-77.500000	0.020223	-2.583333	2.603556	-0.002958 	0.003959
-77.400000	0.020329	-2.580000	2.600329	-0.002942 	0.003962
-77.300000	0.020435	-2.576667	2.597102	-0.002926 	0.003964
-77.200000	0.020541	-2.573333	2.593874	-0.002909 	0.003967
-77.100000	0.020646	-2.570000	2.590646	-0.002892 	0.003969
-77.000000	0.020751	-2.566667	2.587418	-0.002875 	0.003972
-76.900000	0.020856	-2.563333	2.584189	-0.002858 	0.003974
-76.800000	0.020961	-2.560000	2.580961	-0.002841 	0.003977
-76.700000	0.021065	-2.556667	2.577732	-0.002824 	0.003979
-76.600000	0.021168	-2.553333	2.574501	-0.002806 	0.003982
-76.500000	0.021272	-2.550000	2.571272	-0.002789 	0.003984
-76.400000	0.021375	-2.546667	2.568042	-0.002771 	0.003987
-76.300000	0.021478	-2.543333	2.564811	-0.002753 	0.003989
-76.200000	0.021580	-2.540000	2.561580	-0.002735 	0.003992
-76.100000	0.021682	-2.536667	2.558349	-0.002717 	0.003994
-76.000000	0.021783	-2.533333	2.555116	-0.002698 	0.003997
-75.900000	0.021884	-2.530000	2.551884	-0.002680 	0.003999
-75.800000	0.021985	-2.526667	2.548652	-0.002661 	0.004002
-75.700000	0.022086	-2.523333	2.545419	-0.002642 	0.004004
-75.600000	0.022186	-2.520000	2.542186	-0.002623 	0.004007
-75.500000	0.022285	-2.516667	2.538952	-0.002604 	0.004009
-75.400000	0.022385	-2.513333	2.535718	-0.002584 	0.004012
-75.300000	0.022484	-2.510000	2.532484	-0.002565 	0.004015
-75.200000	0.022582	-2.506667	2.529249	-0.002545 	0.004017
-75.100000	0.022680	-2.503333	2.526013	-0.002525 	0.004020
-75.000000	0.022778	-2.500000	2.522778	-0.002505 	0.004022
-74.900000	0.022875	-2.496667	2.519542	-0.002485 	0.004025
-74.800000	0.022972	-2.493333	2.516305	-0.002464 	0.004027
-74.700000	0.023068	-2.490000	2.513068	-0.002444 	0.004030
-74.600000	0.023164	-2.486667	2.509831	-0.002423 	0.004033
-74.500000	0.023260	-2.483333	2.506593	-0.002402 	0.004035
-74.400000	0.023355	-2.480000	2.503355	-0.002381 	0.004038
-74.300000	0.023450	-2.476667	2.500117	-0.002360 	0.004041
-74.200000	0.023544	-2.473333	2.496877	-0.002339 	0.004043
-74.100000	0.023638	-2.470000	2.493638	-0.002317 	0.004046
-74.000000	0.023731	-2.466667	2.490398	-0.002295 	0.004048
-73.900000	0.023824	-2.463333	2.487157	-0.002273 	0.004051
-73.800000	0.023916	-2.460000	2.483916	-0.002251 	0.004054
-73.700000	0.024008	-2.456667	2.480675	-0.002229 	0.004056
-73.600000	0.024100	-2.453333	2.477433	-0.002207 	0.004059
-73.500000	0.024191	-2.450000	2.474191	-0.002184 	0.004062
-73.400000	0.024282	-2.446667	2.470949	-0.002162 	0.004064
-73.300000	0.024372	-2.443333	2.467705	-0.002139 	0.004067
-73.200000	0.024462	-2.440000	2.464462	-0.002116 	0.004070
-73.100000	0.024551	-2.436667	2.461218	-0.002092 	0.004072
-73.000000	0.024640	-2.433333	2.457973	-0.002069 	0.004075
-72.900000	0.024728	-2.430000	2.454728	-0.002046 	0.004078
-72.800000	0.024816	-2.426667	2.451483	-0.002022 	0.004080
-72.700000	0.024903	-2.423333	2.448236	-0.001998 	0.004083
-72.600000	0.024990	-2.420000	2.444990	-0.001974 	0.004086
-72.500000	0.025076	-2.416667	2.441743	-0.001950 	0.004089
-72.400000	0.025162	-2.413333	2.438495	-0.001925 	0.004091
-72.300000	0.025247	-2.410000	2.435247	-0.001901 	0.004094
-72.200000	0.025332	-2.406667	2.431999	-0.001876 	0.004097
-72.100000	0.025416	-2.403333	2.428749	-0.001851 	0.004099
-72.000000	0.025500	-2.400000	2.425500	-0.001826 	0.004102
-71.900000	0.025583	-2.396667	2.422250	-0.001800 	0.004105
-71.800000	0.025666	-2.393333	2.418999	-0.001775 	0.004108
-71.700000	0.025748	-2.390000	2.415748	-0.001749 	0.004110
-71.600000	0.025830	-2.386667	2.412497	-0.001723 	0.004113
-71.500000	0.025911	-2.383333	2.409244	-0.001697 	0.004116
-71.400000	0.025991	-2.380000	2.405991	-0.001671 	0.004119
-71.300000	0.026071	-2.376667	2.402738	-0.001645 	0.004122
-71.200000	0.026151	-2.373333	2.399484	-0.001618 	0.004124
-71.100000	0.026229	-2.370000	2.396229	-0.001591 	0.004127
-71.000000	0.026308	-2.366667	2.392975	-0.001565 	0.004130
-70.900000	0.026386	-2.363333	2.389719	-0.001537 	0.004133
-70.800000	0.026463	-2.360000	2.386463	-0.001510 	0.004136
-70.700000	0.026539	-2.356667	2.383206	-0.001483 	0.004138
-70.600000	0.026615	-2.353333	2.379948	-0.001455 	0.004141
-70.500000	0.026691	-2.350000	2.376691	-0.001427 	0.004144
-70.400000	0.026766	-2.346667	2.373433	-0.001399 	0.004147
-70.300000	0.026840	-2.343333	2.370173	-0.001371 	0.004150
-70.200000	0.026914	-2.340000	2.366914	-0.001343 	0.004153
-70.100000	0.026987	-2.336667	2.363654	-0.001314 	0.004156
-70.000000	0.027060	-2.333333	2.360393	-0.001285 	0.004158
-69.900000	0.027132	-2.330000	2.357132	-0.001256 	0.004161
-69.800000	0.027203	-2.326667	2.353870	-0.001227 	0.004164
-69.700000	0.027274	-2.323333	2.350607	-0.001198 	0.004167
-69.600000	0.027344	-2.320000	2.347344	-0.001168 	0.004170
-69.500000	0.027413	-2.316667	2.344080	-0.001139 	0.004173
-69.400000	0.027482	-2.313333	2.340815	-0.001109 	0.004176
-69.300000	0.027550	-2.310000	2.337550	-0.001079 	0.004179
-69.200000	0.027618	-2.306667	2.334285	-0.001049 	0.004182
-69.100000	0.027685	-2.303333	2.331018	-0.001018 	0.004185
-69.000000	0.027751	-2.300000	2.327751	-0.000987 	0.004187
-68.900000	0.027817	-2.296667	2.324484	-0.000957 	0.004190
-68.800000	0.027882	-2.293333	2.321215	-0.000926 	0.004193
-68.700000	0.027946	-2.290000	2.317946	-0.000894 	0.004196
-68.600000	0.028010	-2.286667	2.314677	-0.000863 	0.004199
-68.500000	0.028073	-2.283333	2.311406	-0.000831 	0.004202
-68.400000	0.028136	-2.280000	2.308136	-0.000800 	0.004205
-68.300000	0.028197	-2.276667	2.304864	-0.000768 	0.004208
-68.200000	0.028258	-2.273333	2.301591	-0.000735 	0.004211
-68.100000	0.028319	-2.270000	2.298319	-0.000703 	0.004214
-68.000000	0.028379	-2.266667	2.295046	-0.000670 	0.004217
-67.900000	0.028438	-2.263333	2.291771	-0.000638 	0.004220
-67.800000	0.028496	-2.260000	2.288496	-0.000605 	0.004223
-67.700000	0.028554	-2.256667	2.285221	-0.000572 	0.004226
-67.600000	0.028611	-2.253333	2.281944	-0.000538 	0.004229
-67.500000	0.028667	-2.250000	2.278667	-0.000505 	0.004232
-67.400000	0.028723	-2.246667	2.275390	-0.000471 	0.004235
-67.300000	0.028777	-2.243333	2.272110	-0.000437 	0.004238
-67.200000	0.028832	-2.240000	2.268832	-0.000403 	0.004241
-67.100000	0.028885	-2.236667	2.265552	-0.000368 	0.004245
-67.000000	0.028938	-2.233333	2.262271	-0.000334 	0.004248
-66.900000	0.028990	-2.230000	2.258990	-0.000299 	0.004251
-66.800000	0.029041	-2.226667	2.255708	-0.000264 	0.004254
-66.700000	0.029092	-2.223333	2.252425	-0.000229 	0.004257
-66.600000	0.029141	-2.220000	2.249141	-0.000193 	0.004260
-66.500000	0.029190	-2.216667	2.245857	-0.000157 	0.004263
-66.400000	0.029239	-2.213333	2.242572	-0.000122 	0.004266
-66.300000	0.029286	-2.210000	2.239286	-0.000086 	0.004269
-66.200000	0.029333	-2.206667	2.236000	-0.000049 	0.004272
-66.100000	0.029379	-2.203333	2.232712	-0.000013 	0.004276
-66.000000	0.029424	-2.200000	2.229424	0.000024 	0.004279
-65.900000	0.029469	-2.196667	2.226136	0.000061 	0.004282
-65.800000	0.029513	-2.193333	2.222846	0.000098 	0.004285
-65.700000	0.029555	-2.190000	2.219555	0.000135 	0.004288
-65.600000	0.029598	-2.186667	2.216265	0.000173 	0.004291
-65.500000	0.029639	-2.183333	2.212972	0.000211 	0.004295
-65.400000	0.029680	-2.180000	2.209680	0.000249 	0.004298
-65.300000	0.029719	-2.176667	2.206386	0.000287 	0.004301
-65.200000	0.029758	-2.173333	2.203091	0.000325 	0.004304
-65.100000	0.029796	-2.170000	2.199796	0.000364 	0.004308
-65.000000	0.029834	-2.166667	2.196501	0.000403 	0.004311
-64.900000	0.029870	-2.163333	2.193203	0.000442 	0.004314
-64.800000	0.029906	-2.160000	2.189906	0.000482 	0.004317
-64.700000	0.029941	-2.156667	2.186608	0.000521 	0.004320
-64.600000	0.029975	-2.153333	2.183308	0.000561 	0.004324
-64.500000	0.030008	-2.150000	2.180008	0.000601 	0.004327
-64.400000	0.030041	-2.146667	2.176708	0.000642 	0.004330
-64.300000	0.030072	-2.143333	2.173405	0.000682 	0.004334
-64.200000	0.030103	-2.140000	2.170103	0.000723 	0.004337
-64.100000	0.030133	-2.136667	2.166800	0.000764 	0.004340
-64.000000	0.030162	-2.133333	2.163495	0.000805 	0.004343
-63.900000	0.030190	-2.130000	2.160190	0.000847 	0.004347
-63.800000	0.030217	-2.126667	2.156884	0.000889 	0.004350
-63.700000	0.030243	-2.123333	2.153576	0.000931 	0.004353
-63.600000	0.030269	-2.120000	2.150269	0.000973 	0.004357
-63.500000	0.030293	-2.116667	2.146960	0.001016 	0.004360
-63.400000	0.030317	-2.113333	2.143650	0.001059 	0.004364
-63.300000	0.030340	-2.110000	2.140340	0.001102 	0.004367
-63.200000	0.030362	-2.106667	2.137029	0.001145 	0.004370
-63.100000	0.030383	-2.103333	2.133716	0.001189 	0.004374
-63.000000	0.030403	-2.100000	2.130403	0.001233 	0.004377
-62.900000	0.030422	-2.096667	2.127089	0.001277 	0.004381
-62.800000	0.030440	-2.093333	2.123773	0.001322 	0.004384
-62.700000	0.030458	-2.090000	2.120458	0.001366 	0.004387
-62.600000	0.030474	-2.086667	2.117141	0.001411 	0.004391
-62.500000	0.030490	-2.083333	2.113823	0.001457 	0.004394
-62.400000	0.030504	-2.080000	2.110504	0.001502 	0.004398
-62.300000	0.030518	-2.076667	2.107185	0.001548 	0.004401
-62.200000	0.030530	-2.073333	2.103863	0.001595 	0.004405
-62.100000	0.030542	-2.070000	2.100542	0.001641 	0.004408
-62.000000	0.030553	-2.066667	2.097220	0.001688 	0.004412
-61.900000	0.030562	-2.063333	2.093895	0.001735 	0.004415
-61.800000	0.030571	-2.060000	2.090571	0.001783 	0.004419
-61.700000	0.030579	-2.056667	2.087246	0.001830 	0.004422
-61.600000	0.030586	-2.053333	2.083919	0.001879 	0.004426
-61.500000	0.030591	-2.050000	2.080591	0.001927 	0.004429
-61.400000	0.030596	-2.046667	2.077263	0.001976 	0.004433
-61.300000	0.030600	-2.043333	2.073933	0.002025 	0.004436
-61.200000	0.030603	-2.040000	2.070603	0.002074 	0.004440
-61.100000	0.030604	-2.036667	2.067271	0.002124 	0.004443
-61.000000	0.030605	-2.033333	2.063938	0.002174 	0.004447
-60.900000	0.030605	-2.030000	2.060605	0.002225 	0.004451
-60.800000	0.030603	-2.026667	2.057270	0.002275 	0.004454
-60.700000	0.030601	-2.023333	2.053934	0.002327 	0.004458
-60.600000	0.030598	-2.020000	2.050598	0.002378 	0.004461
-60.500000	0.030593	-2.016667	2.047260	0.002430 	0.004465
-60.400000	0.030588	-2.013333	2.043921	0.002482 	0.004469
-60.300000	0.030581	-2.010000	2.040581	0.002535 	0.004472
-60.200000	0.030573	-2.006667	2.037240	0.002588 	0.004476
-60.100000	0.030565	-2.003333	2.033898	0.002641 	0.004480
-60.000000	0.030555	-2.000000	2.030555	0.002695 	0.004483
-59.900000	0.030544	-1.996667	2.027211	0.002749 	0.004487
-59.800000	0.030532	-1.993333	2.023865	0.002804 	0.004491
-59.700000	0.030519	-1.990000	2.020519	0.002859 	0.004495
-59.600000	0.030505	-1.986667	2.017172	0.002914 	0.004498
-59.500000	0.030490	-1.983333	2.013823	0.002970 	0.004502
-59.400000	0.030473	-1.980000	2.010473	0.003026 	0.004506
-59.300000	0.030456	-1.976667	2.007123	0.003082 	0.004510
-59.200000	0.030437	-1.973333	2.003770	0.003139 	0.004513
-59.100000	0.030417	-1.970000	2.000417	0.003197 	0.004517
-59.000000	0.030396	-1.966667	1.997063	0.003254 	0.004521
-58.900000	0.030374	-1.963333	1.993707	0.003313 	0.004525
-58.800000	0.030351	-1.960000	1.990351	0.003371 	0.004528
-58.700000	0.030327	-1.956667	1.986994	0.003430 	0.004532
-58.600000	0.030302	-1.953333	1.983635	0.003490 	0.004536
-58.500000	0.030275	-1.950000	1.980275	0.003550 	0.004540
-58.400000	0.030247	-1.946667	1.976914	0.003610 	0.004544
-58.300000	0.030218	-1.943333	1.973551	0.003671 	0.004548
-58.200000	0.030188	-1.940000	1.970188	0.003732 	0.004552
-58.100000	0.030157	-1.936667	1.966824	0.003794 	0.004555
-58.000000	0.030125	-1.933333	1.963458	0.003856 	0.004559
-57.900000	0.030091	-1.930000	1.960091	0.003918 	0.004563
-57.800000	0.030056	-1.926667	1.956723	0.003981 	0.004567
-57.700000	0.030020	-1.923333	1.953353	0.004044 	0.004571
-57.600000	0.029983	-1.920000	1.949983	0.004108 	0.004575
-57.500000	0.029945	-1.916667	1.946612	0.004172 	0.004579
-57.400000	0.029905	-1.913333	1.943238	0.004237 	0.004583
-57.300000	0.029864	-1.910000	1.939864	0.004302 	0.004587
-57.200000	0.029822	-1.906667	1.936489	0.004368 	0.004591
-57.100000	0.029779	-1.903333	1.933112	0.004434 	0.004595
-57.000000	0.029735	-1.900000	1.929735	0.004500 	0.004599
-56.900000	0.029689	-1.896667	1.926356	0.004567 	0.004603
-56.800000	0.029643	-1.893333	1.922976	0.004635 	0.004607
-56.700000	0.029595	-1.890000	1.919595	0.004702 	0.004611
-56.600000	0.029545	-1.886667	1.916212	0.004770 	0.004615
-56.500000	0.029495	-1.883333	1.912828	0.004839 	0.004619
-56.400000	0.029443	-1.880000	1.909443	0.004908 	0.004623
-56.300000	0.029390	-1.876667	1.906057	0.004978 	0.004628
-56.200000	0.029336	-1.873333	1.902669	0.005048 	0.004632
-56.100000	0.029281	-1.870000	1.899281	0.005118 	0.004636
-56.000000	0.029224	-1.866667	1.895891	0.005189 	0.004640
-55.900000	0.029166	-1.863333	1.892499	0.005260 	0.004644
-55.800000	0.029107	-1.860000	1.889107	0.005331 	0.004648
-55.700000	0.029047	-1.856667	1.885714	0.005403 	0.004652
-55.600000	0.028985	-1.853333	1.882318	0.005476 	0.004657
-55.500000	0.028923	-1.850000	1.878923	0.005548 	0.004661
-55.400000	0.028859	-1.846667	1.875526	0.005622 	0.004665
-55.300000	0.028793	-1.843333	1.872126	0.005695 	0.004669
-55.200000	0.028727	-1.840000	1.868727	0.005769 	0.004674
-55.100000	0.028659	-1.836667	1.865326	0.005843 	0.004678
-55.000000	0.028590	-1.833333	1.861923	0.005918 	0.004682
-54.900000	0.028520	-1.830000	1.858520	0.005993 	0.004686
-54.800000	0.028448	-1.826667	1.855115	0.006068 	0.004691
-54.700000	0.028375	-1.823333	1.851708	0.006144 	0.004695
-54.600000	0.028301	-1.820000	1.848301	0.006220 	0.004699
-54.500000	0.028226	-1.816667	1.844893	0.006297 	0.004704
-54.400000	0.028150	-1.813333	1.841483	0.006373 	0.004708
-54.300000	0.028072	-1.810000	1.838072	0.006450 	0.004712
-54.200000	0.027993	-1.806667	1.834660	0.006528 	0.004717
-54.100000	0.027913	-1.803333	1.831246	0.006606 	0.004721
-54.000000	0.027831	-1.800000	1.827831	0.006684 	0.004726
-53.900000	0.027748	-1.796667	1.824415	0.006762 	0.004730
-53.800000	0.027664	-1.793333	1.820997	0.006840 	0.004734
-53.700000	0.027579	-1.790000	1.817579	0.006919 	0.004739
-53.600000	0.027493	-1.786667	1.814160	0.006999 	0.004743
-53.500000	0.027405	-1.783333	1.810738	0.007078 	0.004748
-53.400000	0.027316	-1.780000	1.807316	0.007158 	0.004752
-53.300000	0.027226	-1.776667	1.803893	0.007238 	0.004757
-53.200000	0.027134	-1.773333	1.800467	0.007318 	0.004761
-53.100000	0.027041	-1.770000	1.797041	0.007398 	0.004766
-53.000000	0.026947	-1.766667	1.793614	0.007479 	0.004770
-52.900000	0.026852	-1.763333	1.790185	0.007560 	0.004775
-52.800000	0.026756	-1.760000	1.786756	0.007641 	0.004780
-52.700000	0.026658	-1.756667	1.783325	0.007722 	0.004784
-52.600000	0.026559	-1.753333	1.779892	0.007803 	0.004789
-52.500000	0.026459	-1.750000	1.776459	0.007885 	0.004793
-52.400000	0.026357	-1.746667	1.773024	0.007967 	0.004798
-52.300000	0.026255	-1.743333	1.769588	0.008049 	0.004803
-52.200000	0.026151	-1.740000	1.766151	0.008131 	0.004807
-52.100000	0.026046	-1.736667	1.762713	0.008213 	0.004812
-52.000000	0.025939	-1.733333	1.759272	0.008296 	0.004817
-51.900000	0.025832	-1.730000	1.755832	0.008378 	0.004821
-51.800000	0.025723	-1.726667	1.752390	0.008461 	0.004826
-51.700000	0.025613	-1.723333	1.748946	0.008544 	0.004831
-51.600000	0.025501	-1.720000	1.745501	0.008627 	0.004836
-51.500000	0.025389	-1.716667	1.742056	0.008710 	0.004840
-51.400000	0.025275	-1.713333	1.738608	0.008793 	0.004845
-51.300000	0.025160	-1.710000	1.735160	0.008876 	0.004850
-51.200000	0.025044	-1.706667	1.731711	0.008959 	0.004855
-51.100000	0.024926	-1.703333	1.728259	0.009043 	0.004860
-51.000000	0.024808	-1.700000	1.724808	0.009126 	0.004865
-50.900000	0.024688	-1.696667	1.721355	0.009209 	0.004869
-50.800000	0.024567	-1.693333	1.717900	0.009293 	0.004874
-50.700000	0.024444	-1.690000	1.714444	0.009376 	0.004879
-50.600000	0.024321	-1.686667	1.710988	0.009460 	0.004884
-50.500000	0.024196	-1.683333	1.707529	0.009543 	0.004889
-50.400000	0.024070	-1.680000	1.704070	0.009627 	0.004894
-50.300000	0.023942	-1.676667	1.700609	0.009710 	0.004899
-50.200000	0.023814	-1.673333	1.697147	0.009794 	0.004904
-50.100000	0.023684	-1.670000	1.693684	0.009877 	0.004909
-50.000000	0.023553	-1.666667	1.690220	0.009960 	0.004914
-49.900000	0.023421	-1.663333	1.686754	0.010044 	0.004919
-49.800000	0.023288	-1.660000	1.683288	0.010127 	0.004924
-49.700000	0.023153	-1.656667	1.679820	0.010210 	0.004929
-49.600000	0.023018	-1.653333	1.676351	0.010294 	0.004934
-49.500000	0.022881	-1.650000	1.672881	0.010377 	0.004940
-49.400000	0.022742	-1.646667	1.669409	0.010460 	0.004945
-49.300000	0.022603	-1.643333	1.665936	0.010543 	0.004950
-49.200000	0.022462	-1.640000	1.662462	0.010626 	0.004955
-49.100000	0.022321	-1.636667	1.658988	0.010708 	0.004960
-49.000000	0.022178	-1.633333	1.655511	0.010791 	0.004965
-48.900000	0.022034	-1.630000	1.652034	0.010874 	0.004971
-48.800000	0.021888	-1.626667	1.648555	0.010956 	0.004976
-48.700000	0.021742	-1.623333	1.645075	0.011038 	0.004981
-48.600000	0.021594	-1.620000	1.641594	0.011120 	0.004986
-48.500000	0.021445	-1.616667	1.638112	0.011202 	0.004992
-48.400000	0.021295	-1.613333	1.634628	0.011284 	0.004997
-48.300000	0.021143	-1.610000	1.631143	0.011366 	0.005002
-48.200000	0.020991	-1.606667	1.627658	0.011447 	0.005008
-48.100000	0.020837	-1.603333	1.624170	0.011529 	0.005013
-48.000000	0.020682	-1.600000	1.620682	0.011610 	0.005018
-47.900000	0.020526	-1.596667	1.617193	0.011691 	0.005024
-47.800000	0.020369	-1.593333	1.613702	0.011771 	0.005029
-47.700000	0.020210	-1.590000	1.610210	0.011852 	0.005035
-47.600000	0.020050	-1.586667	1.606717	0.011932 	0.005040
-47.500000	0.019890	-1.583333	1.603223	0.012012 	0.005046
-47.400000	0.019727	-1.580000	1.599727	0.012092 	0.005051
-47.300000	0.019564	-1.576667	1.596231	0.012171 	0.005057
-47.200000	0.019400	-1.573333	1.592733	0.012251 	0.005062
-47.100000	0.019234	-1.570000	1.589234	0.012330 	0.005068
-47.000000	0.019068	-1.566667	1.585735	0.012409 	0.005073
-46.900000	0.018900	-1.563333	1.582233	0.012487 	0.005079
-46.800000	0.018731	-1.560000	1.578731	0.012566 	0.005085
-46.700000	0.018560	-1.556667	1.575227	0.012644 	0.005090
-46.600000	0.018389	-1.553333	1.571722	0.012721 	0.005096
-46.500000	0.018217	-1.550000	1.568217	0.012799 	0.005102
-46.400000	0.018043	-1.546667	1.564710	0.012876 	0.005107
-46.300000	0.017868	-1.543333	1.561201	0.012953 	0.005113
-46.200000	0.017692	-1.540000	1.557692	0.013029 	0.005119
-46.100000	0.017515	-1.536667	1.554182	0.013105 	0.005125
-46.000000	0.017337	-1.533333	1.550670	0.013181 	0.005130
-45.900000	0.017157	-1.530000	1.547157	0.013256 	0.005136
-45.800000	0.016977	-1.526667	1.543644	0.013332 	0.005142
-45.700000	0.016795	-1.523333	1.540128	0.013406 	0.005148
-45.600000	0.016612	-1.520000	1.536612	0.013481 	0.005154
-45.500000	0.016428	-1.516667	1.533095	0.013555 	0.005160
-45.400000	0.016243	-1.513333	1.529576	0.013628 	0.005166
-45.300000	0.016057	-1.510000	1.526057	0.013702 	0.005172
-45.200000	0.015869	-1.506667	1.522536	0.013775 	0.005178
-45.100000	0.015681	-1.503333	1.519014	0.013847 	0.005184
-45.000000	0.015491	-1.500000	1.515491	0.013919 	0.005190
-44.900000	0.015300	-1.496667	1.511967	0.013991 	0.005196
-44.800000	0.015108	-1.493333	1.508441	0.014062 	0.005202
-44.700000	0.014915	-1.490000	1.504915	0.014133 	0.005208
-44.600000	0.014721	-1.486667	1.501388	0.014203 	0.005214
-44.500000	0.014526	-1.483333	1.497859	0.014273 	0.005220
-44.400000	0.014330	-1.480000	1.494330	0.014343 	0.005226
-44.300000	0.014133	-1.476667	1.490800	0.014412 	0.005232
-44.200000	0.013934	-1.473333	1.487267	0.014480 	0.005239
-44.100000	0.013735	-1.470000	1.483735	0.014548 	0.005245
-44.000000	0.013534	-1.466667	1.480201	0.014616 	0.005251
-43.900000	0.013332	-1.463333	1.476665	0.014683 	0.005257
-43.800000	0.013130	-1.460000	1.473130	0.014750 	0.005264
-43.700000	0.012926	-1.456667	1.469593	0.014816 	0.005270
-43.600000	0.012721	-1.453333	1.466054	0.014882 	0.005276
-43.500000	0.012515	-1.450000	1.462515	0.014947 	0.005283
-43.400000	0.012308	-1.446667	1.458975	0.015012 	0.005289
-43.300000	0.012100	-1.443333	1.455433	0.015076 	0.005296
-43.200000	0.011891	-1.440000	1.451891	0.015139 	0.005302
-43.100000	0.011681	-1.436667	1.448348	0.015202 	0.005309
-43.000000	0.011469	-1.433333	1.444802	0.015265 	0.005315
-42.900000	0.011257	-1.430000	1.441257	0.015326 	0.005322
-42.800000	0.011044	-1.426667	1.437711	0.015388 	0.005328
-42.700000	0.010830	-1.423333	1.434163	0.015449 	0.005335
-42.600000	0.010614	-1.420000	1.430614	0.015509 	0.005341
-42.500000	0.010398	-1.416667	1.427065	0.015568 	0.005348
-42.400000	0.010181	-1.413333	1.423514	0.015627 	0.005355
-42.300000	0.009962	-1.410000	1.419962	0.015686 	0.005361
-42.200000	0.009743	-1.406667	1.416410	0.015743 	0.005368
-42.100000	0.009523	-1.403333	1.412856	0.015801 	0.005375
-42.000000	0.009302	-1.400000	1.409302	0.015857 	0.005382
-41.900000	0.009079	-1.396667	1.405746	0.015913 	0.005388
-41.800000	0.008856	-1.393333	1.402189	0.015968 	0.005395
-41.700000	0.008632	-1.390000	1.398632	0.016023 	0.005402
-41.600000	0.008407	-1.386667	1.395074	0.016077 	0.005409
-41.500000	0.008181	-1.383333	1.391514	0.016130 	0.005416
-41.400000	0.007954	-1.380000	1.387954	0.016183 	0.005423
-41.300000	0.007726	-1.376667	1.384393	0.016234 	0.005430
-41.200000	0.007497	-1.373333	1.380830	0.016286 	0.005437
-41.100000	0.007267	-1.370000	1.377267	0.016336 	0.005444
-41.000000	0.007037	-1.366667	1.373704	0.016386 	0.005451
-40.900000	0.006805	-1.363333	1.370138	0.016435 	0.005458
-40.800000	0.006572	-1.360000	1.366572	0.016483 	0.005465
-40.700000	0.006339	-1.356667	1.363006	0.016531 	0.005472
-40.600000	0.006105	-1.353333	1.359438	0.016578 	0.005479
-40.500000	0.005870	-1.350000	1.355870	0.016624 	0.005487
-40.400000	0.005634	-1.346667	1.352301	0.016669 	0.005494
-40.300000	0.005397	-1.343333	1.348730	0.016714 	0.005501
-40.200000	0.005159	-1.340000	1.345159	0.016758 	0.005508
-40.100000	0.004920	-1.336667	1.341587	0.016801 	0.005516
-40.000000	0.004681	-1.333333	1.338014	0.016843 	0.005523
-39.900000	0.004441	-1.330000	1.334441	0.016885 	0.005531
-39.800000	0.004200	-1.326667	1.330867	0.016925 	0.005538
-39.700000	0.003958	-1.323333	1.327291	0.016965 	0.005545
-39.600000	0.003715	-1.320000	1.323715	0.017004 	0.005553
-39.500000	0.003472	-1.316667	1.320139	0.017042 	0.005560
-39.400000	0.003228	-1.313333	1.316561	0.017080 	0.005568
-39.300000	0.002983	-1.310000	1.312983	0.017116 	0.005576
-39.200000	0.002737	-1.306667	1.309404	0.017152 	0.005583
-39.100000	0.002490	-1.303333	1.305823	0.017187 	0.005591
-39.000000	0.002243	-1.300000	1.302243	0.017221 	0.005598
-38.900000	0.001995	-1.296667	1.298662	0.017254 	0.005606
-38.800000	0.001747	-1.293333	1.295080	0.017286 	0.005614
-38.700000	0.001497	-1.290000	1.291497	0.017317 	0.005622
-38.600000	0.001247	-1.286667	1.287914	0.017347 	0.005630
-38.500000	0.000996	-1.283333	1.284329	0.017377 	0.005637
-38.400000	0.000745	-1.280000	1.280745	0.017405 	0.005645
-38.300000	0.000493	-1.276667	1.277160	0.017433 	0.005653
-38.200000	0.000240	-1.273333	1.273573	0.017460 	0.005661
-38.100000	-0.000013	-1.270000	1.269987	0.017485 	0.005669
-38.000000	-0.000267	-1.266667	1.266400	0.017510 	0.005677
-37.900000	-0.000522	-1.263333	1.262811	0.017534 	0.005685
-37.800000	-0.000777	-1.260000	1.259223	0.017557 	0.005693
-37.700000	-0.001033	-1.256667	1.255634	0.017579 	0.005701
-37.600000	-0.001290	-1.253333	1.252043	0.017600 	0.005710
-37.500000	-0.001547	-1.250000	1.248453	0.017620 	0.005718
-37.400000	-0.001804	-1.246667	1.244863	0.017639 	0.005726
-37.300000	-0.002062	-1.243333	1.241271	0.017656 	0.005734
-37.200000	-0.002321	-1.240000	1.237679	0.017673 	0.005743
-37.100000	-0.002580	-1.236667	1.234087	0.017689 	0.005751
-37.000000	-0.002840	-1.233333	1.230493	0.017704 	0.005759
-36.900000	-0.003100	-1.230000	1.226900	0.017718 	0.005768
-36.800000	-0.003361	-1.226667	1.223306	0.017731 	0.005776
-36.700000	-0.003622	-1.223333	1.219711	0.017742 	0.005785
-36.600000	-0.003883	-1.220000	1.216117	0.017753 	0.005793
-36.500000	-0.004145	-1.216667	1.212522	0.017762 	0.005802
-36.400000	-0.004408	-1.213333	1.208925	0.017771 	0.005811
-36.300000	-0.004671	-1.210000	1.205329	0.017778 	0.005819
-36.200000	-0.004934	-1.206667	1.201733	0.017785 	0.005828
-36.100000	-0.005198	-1.203333	1.198135	0.017790 	0.005837
-36.000000	-0.005462	-1.200000	1.194538	0.017794 	0.005845
-35.900000	-0.005726	-1.196667	1.190941	0.017797 	0.005854
-35.800000	-0.005991	-1.193333	1.187342	0.017799 	0.005863
-35.700000	-0.006256	-1.190000	1.183744	0.017799 	0.005872
-35.600000	-0.006521	-1.186667	1.180146	0.017799 	0.005881
-35.500000	-0.006787	-1.183333	1.176546	0.017798 	0.005890
-35.400000	-0.007052	-1.180000	1.172948	0.017795 	0.005899
-35.300000	-0.007319	-1.176667	1.169348	0.017791 	0.005908
-35.200000	-0.007585	-1.173333	1.165748	0.017786 	0.005917
-35.100000	-0.007852	-1.170000	1.162148	0.017780 	0.005926
-35.000000	-0.008118	-1.166667	1.158549	0.017772 	0.005936
-34.900000	-0.008385	-1.163333	1.154948	0.017764 	0.005945
-34.800000	-0.008653	-1.160000	1.151347	0.017754 	0.005954
-34.700000	-0.008920	-1.156667	1.147747	0.017743 	0.005963
-34.600000	-0.009187	-1.153333	1.144146	0.017731 	0.005973
-34.500000	-0.009455	-1.150000	1.140545	0.017718 	0.005982
-34.400000	-0.009723	-1.146667	1.136944	0.017703 	0.005992
-34.300000	-0.009991	-1.143333	1.133342	0.017687 	0.006001
-34.200000	-0.010258	-1.140000	1.129742	0.017670 	0.006011
-34.100000	-0.010526	-1.136667	1.126141	0.017652 	0.006020
-34.000000	-0.010794	-1.133333	1.122539	0.017632 	0.006030
-33.900000	-0.011062	-1.130000	1.118938	0.017612 	0.006040
-33.800000	-0.011330	-1.126667	1.115337	0.017590 	0.006049
-33.700000	-0.011598	-1.123333	1.111735	0.017566 	0.006059
-33.600000	-0.011866	-1.120000	1.108134	0.017542 	0.006069
-33.500000	-0.012134	-1.116667	1.104533	0.017516 	0.006079
-33.400000	-0.012402	-1.113333	1.100931	0.017489 	0.006089
-33.300000	-0.012670	-1.110000	1.097330	0.017460 	0.006099
-33.200000	-0.012937	-1.106667	1.093730	0.017431 	0.006109
-33.100000	-0.013205	-1.103333	1.090128	0.017400 	0.006119
-33.000000	-0.013472	-1.100000	1.086528	0.017367 	0.006129
-32.900000	-0.013739	-1.096667	1.082928	0.017334 	0.006139
-32.800000	-0.014006	-1.093333	1.079327	0.017299 	0.006150
-32.700000	-0.014273	-1.090000	1.075727	0.017263 	0.006160
-32.600000	-0.014539	-1.086667	1.072128	0.017225 	0.006170
-32.500000	-0.014805	-1.083333	1.068528	0.017186 	0.006181
-32.400000	-0.015071	-1.080000	1.064929	0.017146 	0.006191
-32.300000	-0.015337	-1.076667	1.061330	0.017105 	0.006201
-32.200000	-0.015602	-1.073333	1.057731	0.017062 	0.006212
-32.100000	-0.015867	-1.070000	1.054133	0.017018 	0.006223
-32.000000	-0.016132	-1.066667	1.050535	0.016972 	0.006233
-31.900000	-0.016396	-1.063333	1.046937	0.016926 	0.006244
-31.800000	-0.016660	-1.060000	1.043340	0.016877 	0.006255
-31.700000	-0.016923	-1.056667	1.039744	0.016828 	0.006265
-31.600000	-0.017186	-1.053333	1.036147	0.016777 	0.006276
-31.500000	-0.017449	-1.050000	1.032551	0.016725 	0.006287
-31.400000	-0.017711	-1.046667	1.028956	0.016671 	0.006298
-31.300000	-0.017972	-1.043333	1.025361	0.016616 	0.006309
-31.200000	-0.018233	-1.040000	1.021767	0.016560 	0.006320
-31.100000	-0.018493	-1.036667	1.018174	0.016502 	0.006331
-31.000000	-0.018753	-1.033333	1.014580	0.016443 	0.006343
-30.900000	-0.019012	-1.030000	1.010988	0.016382 	0.006354
-30.800000	-0.019270	-1.026667	1.007397	0.016320 	0.006365
-30.700000	-0.019528	-1.023333	1.003805	0.016257 	0.006377
-30.600000	-0.019785	-1.020000	1.000215	0.016193 	0.006388
-30.500000	-0.020041	-1.016667	0.996626	0.016127 	0.006400
-30.400000	-0.020297	-1.013333	0.993036	0.016059 	0.006411
-30.300000	-0.020552	-1.010000	0.989448	0.015991 	0.006423
-30.200000	-0.020806	-1.006667	0.985861	0.015920 	0.006434
-30.100000	-0.021059	-1.003333	0.982274	0.015849 	0.006446
-30.000000	-0.021312	-1.000000	0.978688	0.015776 	0.006458
-29.900000	-0.021563	-0.996667	0.975104	0.015702 	0.006470
-29.800000	-0.021814	-0.993333	0.971520	0.015626 	0.006482
-29.700000	-0.022064	-0.990000	0.967936	0.015549 	0.006494
-29.600000	-0.022312	-0.986667	0.964354	0.015471 	0.006506
-29.500000	-0.022560	-0.983333	0.960773	0.015391 	0.006518
-29.400000	-0.022807	-0.980000	0.957193	0.015310 	0.006530
-29.300000	-0.023053	-0.976667	0.953614	0.015227 	0.006542
-29.200000	-0.023297	-0.973333	0.950036	0.015143 	0.006555
-29.100000	-0.023541	-0.970000	0.946459	0.015058 	0.006567
-29.000000	-0.023784	-0.966667	0.942883	0.014971 	0.006579
-28.900000	-0.024025	-0.963333	0.939308	0.014883 	0.006592
-28.800000	-0.024265	-0.960000	0.935735	0.014793 	0.006605
-28.700000	-0.024504	-0.956667	0.932162	0.014702 	0.006617
-28.600000	-0.024742	-0.953333	0.928591	0.014610 	0.006630
-28.500000	-0.024979	-0.950000	0.925021	0.014516 	0.006643
-28.400000	-0.025214	-0.946667	0.921452	0.014421 	0.006655
-28.300000	-0.025448	-0.943333	0.917885	0.014325 	0.006668
-28.200000	-0.025681	-0.940000	0.914319	0.014227 	0.006681
-28.100000	-0.025912	-0.936667	0.910754	0.014128 	0.006694
-28.000000	-0.026142	-0.933333	0.907191	0.014028 	0.006708
-27.900000	-0.026371	-0.930000	0.903629	0.013926 	0.006721
-27.800000	-0.026598	-0.926667	0.900069	0.013823 	0.006734
-27.700000	-0.026824	-0.923333	0.896510	0.013718 	0.006747
-27.600000	-0.027048	-0.920000	0.892952	0.013612 	0.006761
-27.500000	-0.027271	-0.916667	0.889396	0.013505 	0.006774
-27.400000	-0.027492	-0.913333	0.885842	0.013396 	0.006788
-27.300000	-0.027711	-0.910000	0.882289	0.013287 	0.006802
-27.200000	-0.027929	-0.906667	0.878738	0.013175 	0.006815
-27.100000	-0.028145	-0.903333	0.875188	0.013063 	0.006829
-27.000000	-0.028360	-0.900000	0.871640	0.012949 	0.006843
-26.900000	-0.028573	-0.896667	0.868094	0.012834 	0.006857
-26.800000	-0.028784	-0.893333	0.864550	0.012717 	0.006871
-26.700000	-0.028993	-0.890000	0.861007	0.012599 	0.006885
-26.600000	-0.029201	-0.886667	0.857466	0.012480 	0.006899
-26.500000	-0.029406	-0.883333	0.853927	0.012360 	0.006914
-26.400000	-0.029610	-0.880000	0.850390	0.012238 	0.006928
-26.300000	-0.029812	-0.876667	0.846855	0.012115 	0.006942
-26.200000	-0.030012	-0.873333	0.843321	0.011991 	0.006957
-26.100000	-0.030210	-0.870000	0.839790	0.011866 	0.006972
-26.000000	-0.030406	-0.866667	0.836260	0.011739 	0.006986
-25.900000	-0.030600	-0.863333	0.832733	0.011611 	0.007001
-25.800000	-0.030792	-0.860000	0.829208	0.011482 	0.007016
-25.700000	-0.030982	-0.856667	0.825684	0.011351 	0.007031
-25.600000	-0.031170	-0.853333	0.822163	0.011219 	0.007046
-25.500000	-0.031356	-0.850000	0.818644	0.011087 	0.007061
-25.400000	-0.031540	-0.846667	0.815127	0.010952 	0.007076
-25.300000	-0.031721	-0.843333	0.811612	0.010817 	0.007092
-25.200000	-0.031900	-0.840000	0.808100	0.010681 	0.007107
-25.100000	-0.032077	-0.836667	0.804590	0.010543 	0.007122
-25.000000	-0.032251	-0.833333	0.801082	0.010404 	0.007138
-24.900000	-0.032424	-0.830000	0.797576	0.010264 	0.007154
-24.800000	-0.032594	-0.826667	0.794073	0.010123 	0.007169
-24.700000	-0.032761	-0.823333	0.790572	0.009980 	0.007185
-24.600000	-0.032926	-0.820000	0.787074	0.009837 	0.007201
-24.500000	-0.033089	-0.816667	0.783578	0.009692 	0.007217
-24.400000	-0.033249	-0.813333	0.780085	0.009546 	0.007233
-24.300000	-0.033406	-0.810000	0.776594	0.009400 	0.007250
-24.200000	-0.033561	-0.806667	0.773105	0.009252 	0.007266
-24.100000	-0.033714	-0.803333	0.769620	0.009103 	0.007282
-24.000000	-0.033863	-0.800000	0.766137	0.008953 	0.007299
-23.900000	-0.034011	-0.796667	0.762656	0.008801 	0.007316
-23.800000	-0.034155	-0.793333	0.759178	0.008649 	0.007332
-23.700000	-0.034297	-0.790000	0.755703	0.008496 	0.007349
-23.600000	-0.034436	-0.786667	0.752231	0.008342 	0.007366
-23.500000	-0.034572	-0.783333	0.748761	0.008186 	0.007383
-23.400000	-0.034705	-0.780000	0.745295	0.008030 	0.007400
-23.300000	-0.034836	-0.776667	0.741831	0.007873 	0.007418
-23.200000	-0.034964	-0.773333	0.738370	0.007715 	0.007435
-23.100000	-0.035088	-0.770000	0.734912	0.007555 	0.007452
-23.000000	-0.035210	-0.766667	0.731457	0.007395 	0.007470
-22.900000	-0.035329	-0.763333	0.728004	0.007234 	0.007488
-22.800000	-0.035445	-0.760000	0.724555	0.007072 	0.007506
-22.700000	-0.035557	-0.756667	0.721109	0.006909 	0.007523
-22.600000	-0.035667	-0.753333	0.717666	0.006745 	0.007541
-22.500000	-0.035774	-0.750000	0.714226	0.006580 	0.007560
-22.400000	-0.035877	-0.746667	0.710790	0.006415 	0.007578
-22.300000	-0.035977	-0.743333	0.707356	0.006248 	0.007596
-22.200000	-0.036074	-0.740000	0.703926	0.006081 	0.007615
-22.100000	-0.036168	-0.736667	0.700499	0.005913 	0.007633
-22.000000	-0.036259	-0.733333	0.697075	0.005744 	0.007652
-21.900000	-0.036346	-0.730000	0.693654	0.005574 	0.007671
-21.800000	-0.036430	-0.726667	0.690237	0.005404 	0.007690
-21.700000	-0.036510	-0.723333	0.686823	0.005232 	0.007709
-21.600000	-0.036587	-0.720000	0.683413	0.005060 	0.007728
-21.500000	-0.036661	-0.716667	0.680006	0.004887 	0.007747
-21.400000	-0.036731	-0.713333	0.676602	0.004713 	0.007767
-21.300000	-0.036798	-0.710000	0.673202	0.004539 	0.007787
-21.200000	-0.036861	-0.706667	0.669806	0.004364 	0.007806
-21.100000	-0.036920	-0.703333	0.666413	0.004188 	0.007826
-21.000000	-0.036976	-0.700000	0.663024	0.004011 	0.007846
-20.900000	-0.037028	-0.696667	0.659638	0.003834 	0.007866
-20.800000	-0.037077	-0.693333	0.656256	0.003656 	0.007886
-20.700000	-0.037122	-0.690000	0.652878	0.003478 	0.007907
-20.600000	-0.037163	-0.686667	0.649504	0.003298 	0.007927
-20.500000	-0.037200	-0.683333	0.646133	0.003118 	0.007948
-20.400000	-0.037234	-0.680000	0.642766	0.002938 	0.007969
-20.300000	-0.037263	-0.676667	0.639403	0.002756 	0.007990
-20.200000	-0.037289	-0.673333	0.636044	0.002574 	0.008011
-20.100000	-0.037311	-0.670000	0.632689	0.002392 	0.008032
-20.000000	-0.037329	-0.666667	0.629338	0.002208 	0.008053
-19.900000	-0.037343	-0.663333	0.625990	0.002025 	0.008075
-19.800000	-0.037353	-0.660000	0.622647	0.001840 	0.008096
-19.700000	-0.037359	-0.656667	0.619308	0.001655 	0.008118
-19.600000	-0.037361	-0.653333	0.615973	0.001469 	0.008140
-19.500000	-0.037358	-0.650000	0.612642	0.001283 	0.008162
-19.400000	-0.037352	-0.646667	0.609315	0.001096 	0.008185
-19.300000	-0.037341	-0.643333	0.605992	0.000908 	0.008207
-19.200000	-0.037327	-0.640000	0.602673	0.000720 	0.008230
-19.100000	-0.037307	-0.636667	0.599359	0.000531 	0.008252
-19.000000	-0.037284	-0.633333	0.596049	0.000342 	0.008275
-18.900000	-0.037256	-0.630000	0.592744	0.000152 	0.008298
-18.800000	-0.037224	-0.626667	0.589442	-0.000039 	0.008321
-18.700000	-0.037188	-0.623333	0.586146	-0.000231 	0.008345
-18.600000	-0.037147	-0.620000	0.582853	-0.000423 	0.008368
-18.500000	-0.037102	-0.616667	0.579565	-0.000615 	0.008392
-18.400000	-0.037052	-0.613333	0.576282	-0.000809 	0.008416
-18.300000	-0.036997	-0.610000	0.573003	-0.001003 	0.008440
-18.200000	-0.036938	-0.606667	0.569728	-0.001198 	0.008464
-18.100000	-0.036875	-0.603333	0.566459	-0.001393 	0.008489
-18.000000	-0.036807	-0.600000	0.563193	-0.001590 	0.008513
-17.900000	-0.036734	-0.596667	0.559933	-0.001787 	0.008538
-17.800000	-0.036656	-0.593333	0.556677	-0.001985 	0.008563
-17.700000	-0.036574	-0.590000	0.553426	-0.002184 	0.008588
-17.600000	-0.036487	-0.586667	0.550180	-0.002384 	0.008613
-17.500000	-0.036395	-0.583333	0.546939	-0.002584 	0.008639
-17.400000	-0.036298	-0.580000	0.543702	-0.002786 	0.008664
-17.300000	-0.036196	-0.576667	0.540471	-0.002989 	0.008690
-17.200000	-0.036089	-0.573333	0.537244	-0.003193 	0.008716
-17.100000	-0.035977	-0.570000	0.534023	-0.003399 	0.008743
-17.000000	-0.035860	-0.566667	0.530807	-0.003605 	0.008769
-16.900000	-0.035738	-0.563333	0.527595	-0.003814 	0.008796
-16.800000	-0.035611	-0.560000	0.524389	-0.004024 	0.008822
-16.700000	-0.035478	-0.556667	0.521188	-0.004235 	0.008850
-16.600000	-0.035341	-0.553333	0.517993	-0.004449 	0.008877
-16.500000	-0.035197	-0.550000	0.514803	-0.004665 	0.008904
-16.400000	-0.035049	-0.546667	0.511618	-0.004883 	0.008932
-16.300000	-0.034895	-0.543333	0.508439	-0.005103 	0.008960
-16.200000	-0.034735	-0.540000	0.505265	-0.005327 	0.008988
-16.100000	-0.034570	-0.536667	0.502097	-0.005553 	0.009016
-16.000000	-0.034398	-0.533333	0.498935	-0.005783 	0.009045
-15.900000	-0.034221	-0.530000	0.495779	-0.006016 	0.009073
-15.800000	-0.034039	-0.526667	0.492628	-0.006253 	0.009102
-15.700000	-0.033850	-0.523333	0.489484	-0.006495 	0.009132
-15.600000	-0.033655	-0.520000	0.486345	-0.006741 	0.009161
-15.500000	-0.033453	-0.516667	0.483213	-0.006992 	0.009191
-15.400000	-0.033246	-0.513333	0.480087	-0.007248 	0.009221
-15.300000	-0.033032	-0.510000	0.476968	-0.007510 	0.009251
-15.200000	-0.032812	-0.506667	0.473855	-0.007778 	0.009281
-15.100000	-0.032585	-0.503333	0.470749	-0.008052 	0.009312
-15.000000	-0.032351	-0.500000	0.467649	-0.008334 	0.009342
-14.900000	-0.032111	-0.496667	0.464556	-0.008622 	0.009373
-14.800000	-0.031863	-0.493333	0.461470	-0.008918 	0.009405
-14.700000	-0.031609	-0.490000	0.458391	-0.009222 	0.009436
-14.600000	-0.031348	-0.486667	0.455318	-0.009533 	0.009468
-14.500000	-0.031080	-0.483333	0.452253	-0.009853 	0.009500
-14.400000	-0.030806	-0.480000	0.449194	-0.010180 	0.009532
-14.300000	-0.030524	-0.476667	0.446143	-0.010516 	0.009565
-14.200000	-0.030235	-0.473333	0.443098	-0.010860 	0.009598
-14.100000	-0.029939	-0.470000	0.440061	-0.011211 	0.009631
-14.000000	-0.029637	-0.466667	0.437030	-0.011570 	0.009664
-13.900000	-0.029328	-0.463333	0.434006	-0.011936 	0.009698
-13.800000	-0.029012	-0.460000	0.430988	-0.012309 	0.009732
-13.700000	-0.028689	-0.456667	0.427977	-0.012688 	0.009766
-13.600000	-0.028360	-0.453333	0.424973	-0.013073 	0.009800
-13.500000	-0.028025	-0.450000	0.421975	-0.013462 	0.009835
-13.400000	-0.027684	-0.446667	0.418983	-0.013855 	0.009870
-13.300000	-0.027337	-0.443333	0.415997	-0.014251 	0.009905
-13.200000	-0.026984	-0.440000	0.413016	-0.014650 	0.009941
-13.100000	-0.026625	-0.436667	0.410042	-0.015051 	0.009977
-13.000000	-0.026261	-0.433333	0.407073	-0.015453 	0.010013
-12.900000	-0.025891	-0.430000	0.404109	-0.015856 	0.010050
-12.800000	-0.025516	-0.426667	0.401151	-0.016258 	0.010087
-12.700000	-0.025135	-0.423333	0.398198	-0.016660 	0.010124
-12.600000	-0.024749	-0.420000	0.395251	-0.017062 	0.010162
-12.500000	-0.024358	-0.416667	0.392308	-0.017462 	0.010200
-12.400000	-0.023962	-0.413333	0.389371	-0.017861 	0.010238
-12.300000	-0.023561	-0.410000	0.386439	-0.018259 	0.010277
-12.200000	-0.023154	-0.406667	0.383512	-0.018657 	0.010316
-12.100000	-0.022742	-0.403333	0.380591	-0.019053 	0.010356
-12.000000	-0.022325	-0.400000	0.377675	-0.019449 	0.010396
-11.900000	-0.021902	-0.396667	0.374764	-0.019844 	0.010436
-11.800000	-0.021474	-0.393333	0.371859	-0.020239 	0.010477
-11.700000	-0.021041	-0.390000	0.368959	-0.020633 	0.010518
-11.600000	-0.020602	-0.386667	0.366065	-0.021027 	0.010559
-11.500000	-0.020157	-0.383333	0.363176	-0.021422 	0.010601
-11.400000	-0.019707	-0.380000	0.360293	-0.021816 	0.010644
-11.300000	-0.019252	-0.376667	0.357415	-0.022210 	0.010686
-11.200000	-0.018791	-0.373333	0.354543	-0.022604 	0.010730
-11.100000	-0.018324	-0.370000	0.351676	-0.022998 	0.010773
-11.000000	-0.017853	-0.366667	0.348814	-0.023392 	0.010817
-10.900000	-0.017376	-0.363333	0.345957	-0.023786 	0.010862
-10.800000	-0.016895	-0.360000	0.343105	-0.024181 	0.010907
-10.700000	-0.016408	-0.356667	0.340259	-0.024576 	0.010952
-10.600000	-0.015917	-0.353333	0.337416	-0.024974 	0.010999
-10.500000	-0.015421	-0.350000	0.334579	-0.025373 	0.011045
-10.400000	-0.014921	-0.346667	0.331745	-0.025777 	0.011092
-10.300000	-0.014417	-0.343333	0.328916	-0.026186 	0.011140
-10.200000	-0.013910	-0.340000	0.326090	-0.026602 	0.011188
-10.100000	-0.013398	-0.336667	0.323268	-0.027026 	0.011237
-10.000000	-0.012884	-0.333333	0.320449	-0.027461 	0.011286
-9.900000	-0.012367	-0.330000	0.317633	-0.027908 	0.011336
-9.800000	-0.011848	-0.326667	0.314819	-0.028370 	0.011386
-9.700000	-0.011326	-0.323333	0.312007	-0.028849 	0.011438
-9.600000	-0.010803	-0.320000	0.309197	-0.029347 	0.011489
-9.500000	-0.010278	-0.316667	0.306389	-0.029864 	0.011542
-9.400000	-0.009752	-0.313333	0.303582	-0.030403 	0.011595
-9.300000	-0.009224	-0.310000	0.300776	-0.030963 	0.011649
-9.200000	-0.008695	-0.306667	0.297971	-0.031546 	0.011704
-9.100000	-0.008165	-0.303333	0.295168	-0.032150 	0.011759
-9.000000	-0.007633	-0.300000	0.292367	-0.032775 	0.011816
-8.900000	-0.007099	-0.296667	0.289568	-0.033419 	0.011872
-8.800000	-0.006562	-0.293333	0.286771	-0.034079 	0.011930
-8.700000	-0.006023	-0.290000	0.283977	-0.034754 	0.011989
-8.600000	-0.005480	-0.286667	0.281187	-0.035438 	0.012048
-8.500000	-0.004932	-0.283333	0.278401	-0.036129 	0.012108
-8.400000	-0.004380	-0.280000	0.275620	-0.036822 	0.012169
-8.300000	-0.003821	-0.276667	0.272845	-0.037513 	0.012231
-8.200000	-0.003257	-0.273333	0.270076	-0.038199 	0.012293
-8.100000	-0.002685	-0.270000	0.267315	-0.038875 	0.012357
-8.000000	-0.002107	-0.266667	0.264560	-0.039538 	0.012421
-7.900000	-0.001520	-0.263333	0.261814	-0.040185 	0.012486
-7.800000	-0.000924	-0.260000	0.259076	-0.040813 	0.012552
-7.700000	-0.000321	-0.256667	0.256346	-0.041419 	0.012618
-7.600000	0.000292	-0.253333	0.253625	-0.042003 	0.012686
-7.500000	0.000913	-0.250000	0.250913	-0.042564 	0.012754
-7.400000	0.001544	-0.246667	0.248210	-0.043100 	0.012824
-7.300000	0.002182	-0.243333	0.245516	-0.043613 	0.012894
-7.200000	0.002830	-0.240000	0.242830	-0.044102 	0.012965
-7.100000	0.003485	-0.236667	0.240152	-0.044567 	0.013037
-7.000000	0.004149	-0.233333	0.237482	-0.045011 	0.013110
-6.900000	0.004820	-0.230000	0.234820	-0.045434 	0.013184
-6.800000	0.005498	-0.226667	0.232165	-0.045838 	0.013259
-6.700000	0.006184	-0.223333	0.229517	-0.046224 	0.013335
-6.600000	0.006877	-0.220000	0.226877	-0.046593 	0.013413
-6.500000	0.007576	-0.216667	0.224243	-0.046947 	0.013491
-6.400000	0.008281	-0.213333	0.221615	-0.047288 	0.013571
-6.300000	0.008993	-0.210000	0.218993	-0.047616 	0.013652
-6.200000	0.009710	-0.206667	0.216377	-0.047933 	0.013734
-6.100000	0.010433	-0.203333	0.213767	-0.048240 	0.013818
-6.000000	0.011162	-0.200000	0.211162	-0.048538 	0.013903
-5.900000	0.011896	-0.196667	0.208563	-0.048826 	0.013989
-5.800000	0.012636	-0.193333	0.205969	-0.049107 	0.014077
-5.700000	0.013381	-0.190000	0.203381	-0.049380 	0.014166
-5.600000	0.014131	-0.186667	0.200797	-0.049646 	0.014257
-5.500000	0.014886	-0.183333	0.198219	-0.049904 	0.014350
-5.400000	0.015646	-0.180000	0.195646	-0.050155 	0.014444
-5.300000	0.016410	-0.176667	0.193077	-0.050400 	0.014540
-5.200000	0.017180	-0.173333	0.190514	-0.050638 	0.014637
-5.100000	0.017955	-0.170000	0.187955	-0.050869 	0.014736
-5.000000	0.018735	-0.166667	0.185401	-0.051093 	0.014837
-4.900000	0.019519	-0.163333	0.182853	-0.051310 	0.014941
-4.800000	0.020309	-0.160000	0.180309	-0.051521 	0.015046
-4.700000	0.021103	-0.156667	0.177769	-0.051725 	0.015153
-4.600000	0.021902	-0.153333	0.175235	-0.051922 	0.015262
-4.500000	0.022706	-0.150000	0.172706	-0.052112 	0.015373
-4.400000	0.023514	-0.146667	0.170181	-0.052295 	0.015487
-4.300000	0.024328	-0.143333	0.167661	-0.052471 	0.015603
-4.200000	0.025146	-0.140000	0.165146	-0.052639 	0.015721
-4.100000	0.025969	-0.136667	0.162635	-0.052801 	0.015842
-4.000000	0.026796	-0.133333	0.160130	-0.052954 	0.015965
-3.900000	0.027629	-0.130000	0.157629	-0.053100 	0.016092
-3.800000	0.028466	-0.126667	0.155133	-0.053237 	0.016221
-3.700000	0.029308	-0.123333	0.152641	-0.053365 	0.016352
-3.600000	0.030154	-0.120000	0.150154	-0.053484 	0.016487
-3.500000	0.031005	-0.116667	0.147672	-0.053594 	0.016625
-3.400000	0.031860	-0.113333	0.145194	-0.053694 	0.016767
-3.300000	0.032721	-0.110000	0.142721	-0.053784 	0.016911
-3.200000	0.033585	-0.106667	0.140252	-0.053865 	0.017059
-3.100000	0.034455	-0.103333	0.137788	-0.053936 	0.017211
-3.000000	0.035328	-0.100000	0.135328	-0.053996 	0.017367
-2.900000	0.036207	-0.096667	0.132873	-0.054046 	0.017527
-2.800000	0.037090	-0.093333	0.130423	-0.054086 	0.017690
-2.700000	0.037977	-0.090000	0.127977	-0.054114 	0.017859
-2.600000	0.038869	-0.086667	0.125536	-0.054132 	0.018032
-2.500000	0.039766	-0.083333	0.123099	-0.054138 	0.018209
-2.400000	0.040667	-0.080000	0.120667	-0.054132 	0.018392
-2.300000	0.041573	-0.076667	0.118239	-0.054113 	0.018580
-2.200000	0.042483	-0.073333	0.115816	-0.054080 	0.018773
-2.100000	0.043397	-0.070000	0.113397	-0.054034 	0.018972
-2.000000	0.044316	-0.066667	0.110982	-0.053973 	0.019177
-1.900000	0.045238	-0.063333	0.108572	-0.053897 	0.019389
-1.800000	0.046166	-0.060000	0.106166	-0.053806 	0.019608
-1.700000	0.047097	-0.056667	0.103764	-0.053700 	0.019833
-1.600000	0.048033	-0.053333	0.101367	-0.053577 	0.020066
-1.500000	0.048974	-0.050000	0.098974	-0.053438 	0.020308
-1.400000	0.049918	-0.046667	0.096585	-0.053283 	0.020557
-1.300000	0.050867	-0.043333	0.094200	-0.053110 	0.020816
-1.200000	0.051820	-0.040000	0.091820	-0.052918 	0.021084
-1.100000	0.052778	-0.036667	0.089444	-0.052708 	0.021362
-1.000000	0.053739	-0.033333	0.087073	-0.052479 	0.021651
-0.900000	0.054705	-0.030000	0.084705	-0.052228 	0.021951
-0.800000	0.055676	-0.026667	0.082342	-0.051957 	0.022264
-0.700000	0.056650	-0.023333	0.079983	-0.051663 	0.022590
-0.600000	0.057628	-0.020000	0.077628	-0.051346 	0.022930
-0.500000	0.058611	-0.016667	0.075278	-0.051005 	0.023285
-0.400000	0.059598	-0.013333	0.072931	-0.050638 	0.023657
-0.300000	0.060589	-0.010000	0.070589	-0.050242 	0.024046
-0.200000	0.061584	-0.006667	0.068250	-0.049817 	0.024455
-0.100000	0.062582	-0.003333	0.065915	-0.049359 	0.024884
0.000000	0.063585	0.000000	0.063585	-0.048866 	0.025336
0.100000	0.064591	0.003333	0.061257	-0.048336 	0.025813
0.200000	0.065601	0.006667	0.058934	-0.047769 	0.026317
0.300000	0.066615	0.010000	0.056615	-0.047161 	0.026851
0.400000	0.067632	0.013333	0.054299	-0.046510 	0.027417
0.500000	0.068654	0.016667	0.051987	-0.045813 	0.028020
0.600000	0.069679	0.020000	0.049679	-0.045068 	0.028664
0.700000	0.070707	0.023333	0.047374	-0.044268 	0.029353
0.800000	0.071740	0.026667	0.045073	-0.043409 	0.030093
0.900000	0.072775	0.030000	0.042775	-0.042484 	0.030890
1.000000	0.073814	0.033333	0.040480	-0.041486 	0.031754
1.100000	0.074856	0.036667	0.038189	-0.040405 	0.032693
1.200000	0.075900	0.040000	0.035900	-0.039231 	0.033719
1.300000	0.076947	0.043333	0.033614	-0.037952 	0.034846
1.400000	0.077996	0.046667	0.031330	-0.036551 	0.036094
1.500000	0.079048	0.050000	0.029048	-0.035014 	0.037485
1.600000	0.080101	0.053333	0.026767	-0.033312 	0.039049
1.700000	0.081155	0.056667	0.024488	-0.031430 	0.040826
1.800000	0.082209	0.060000	0.022209	-0.029343 	0.042870
1.900000	0.083269	0.063333	0.019935	-0.026837 	0.045249
2.000000	0.084311	0.066667	0.017644	-0.024364 	0.048097
2.100000	0.085362	0.070000	0.015362	-0.021181 	0.051547
2.200000	0.086472	0.073333	0.013139	-0.015512 	0.055736
2.300000	0.087277	0.076667	0.010610	-0.016963 	0.062023
2.400000	0.088552	0.080000	0.008552	-0.001338 	0.069085
2.500000	0.089628	0.083333	0.006294	0.016245 	0.080528
2.600000	0.089677	0.086667	0.003010	0.000000 	0.000000
2.700000	0.092518	0.090000	0.002518	0.000000 	0.000000
2.800000	0.095877	0.093333	0.002544	0.000000 	0.000000
2.900000	0.098752	0.096667	0.002086	0.000000 	0.000000
3.000000	0.100000	0.100000	0.000000	0.000000 	0.000000
3.100000	0.103333	0.103333	0.000000	0.000000 	0.000000
3.200000	0.106667	0.106667	0.000000	0.000000 	0.000000
3.300000	0.110000	0.110000	0.000000	0.000000 	0.000000
3.400000	0.113333	0.113333	0.000000	0.000000 	0.000000
3.500000	0.116667	0.116667	0.000000	0.000000 	0.000000
3.600000	0.120000	0.120000	0.000000	0.000000 	0.000000
3.700000	0.123333	0.123333	0.000000	0.000000 	0.000000
3.800000	0.126667	0.126667	0.000000	0.000000 	0.000000
3.900000	0.130000	0.130000	0.000000	0.000000 	0.000000
4.000000	0.133333	0.133333	0.000000	0.000000 	0.000000
4.100000	0.136667	0.136667	0.000000	0.000000 	0.000000
4.200000	0.140000	0.140000	0.000000	0.000000 	0.000000
4.300000	0.143333	0.143333	0.000000	0.000000 	0.000000
4.400000	0.146667	0.146667	0.000000	0.000000 	0.000000
4.500000	0.150000	0.150000	0.000000	0.000000 	0.000000
4.600000	0.153333	0.153333	0.000000	0.000000 	0.000000
4.700000	0.156667	0.156667	0.000000	0.000000 	0.000000
4.800000	0.160000	0.160000	0.000000	0.000000 	0.000000
4.900000	0.163333	0.163333	0.000000	0.000000 	0.000000
5.000000	0.166667	0.166667	0.000000	0.000000 	0.000000
5.100000	0.170000	0.170000	0.000000	0.000000 	0.000000
5.200000	0.173333	0.173333	0.000000	0.000000 	0.000000
5.300000	0.176667	0.176667	0.000000	0.000000 	0.000000
5.400000	0.180000	0.180000	0.000000	0.000000 	0.000000
5.500000	0.183333	0.183333	0.000000	0.000000 	0.000000
5.600000	0.186667	0.186667	0.000000	0.000000 	0.000000
5.700000	0.190000	0.190000	0.000000	0.000000 	0.000000
5.800000	0.193333	0.193333	0.000000	0.000000 	0.000000
5.900000	0.196667	0.196667	0.000000	0.000000 	0.000000
6.000000	0.200000	0.200000	0.000000	0.000000 	0.000000
6.100000	0.203333	0.203333	0.000000	0.000000 	0.000000
6.200000	0.206667	0.206667	0.000000	0.000000 	0.000000
6.300000	0.210000	0.210000	0.000000	0.000000 	0.000000
6.400000	0.213333	0.213333	0.000000	0.000000 	0.000000
6.500000	0.216667	0.216667	0.000000	0.000000 	0.000000
6.600000	0.220000	0.220000	0.000000	0.000000 	0.000000
6.700000	0.223333	0.223333	0.000000	0.000000 	0.000000
6.800000	0.226667	0.226667	0.000000	0.000000 	0.000000
6.900000	0.230000	0.230000	0.000000	0.000000 	0.000000
7.000000	0.233333	0.233333	0.000000	0.000000 	0.000000
7.100000	0.236667	0.236667	0.000000	0.000000 	0.000000
7.200000	0.240000	0.240000	0.000000	0.000000 	0.000000
7.300000	0.243333	0.243333	0.000000	0.000000 	0.000000
7.400000	0.246667	0.246667	0.000000	0.000000 	0.000000
7.500000	0.250000	0.250000	0.000000	0.000000 	0.000000
7.600000	0.253333	0.253333	0.000000	0.000000 	0.000000
7.700000	0.256667	0.256667	0.000000	0.000000 	0.000000
7.800000	0.260000	0.260000	0.000000	0.000000 	0.000000
7.900000	0.263333	0.263333	0.000000	0.000000 	0.000000
8.000000	0.266667	0.266667	0.000000	0.000000 	0.000000
8.100000	0.270000	0.270000	0.000000	0.000000 	0.000000
8.200000	0.273333	0.273333	0.000000	0.000000 	0.000000
8.300000	0.276667	0.276667	0.000000	0.000000 	0.000000
8.400000	0.280000	0.280000	0.000000	0.000000 	0.000000
8.500000	0.283333	0.283333	0.000000	0.000000 	0.000000
8.600000	0.286667	0.286667	0.000000	0.000000 	0.000000
8.700000	0.290000	0.290000	0.000000	0.000000 	0.000000
8.800000	0.293333	0.293333	0.000000	0.000000 	0.000000
8.900000	0.296667	0.296667	0.000000	0.000000 	0.000000
9.000000	0.300000	0.300000	0.000000	0.000000 	0.000000
9.100000	0.303333	0.303333	0.000000	0.000000 	0.000000
9.200000	0.306667	0.306667	0.000000	0.000000 	0.000000
9.300000	0.310000	0.310000	0.000000	0.000000 	0.000000
9.400000	0.313333	0.313333	0.000000	0.000000 	0.000000
9.500000	0.316667	0.316667	0.000000	0.000000 	0.000000
9.600000	0.320000	0.320000	0.000000	0.000000 	0.000000
9.700000	0.323333	0.323333	0.000000	0.000000 	0.000000
9.800000	0.326667	0.326667	0.000000	0.000000 	0.000000
9.900000	0.330000	0.330000	0.000000	0.000000 	0.000000
