VARIABLES = X,Ksi,B,H,U,tau 
ZONE T="Time 40.000000", I=1100, DATAPACKING=POINT
-100.000000	0.009570	-3.333333	3.342903	0.027082 	0.003494
-99.900000	0.004345	-3.330000	3.334345	0.035982 	0.003499
-99.800000	0.006507	-3.326667	3.333174	0.032220 	0.003499
-99.700000	0.005466	-3.323333	3.328799	0.033949 	0.003502
-99.600000	0.005814	-3.320000	3.325814	0.033295 	0.003503
-99.500000	0.005559	-3.316667	3.322226	0.033675 	0.003505
-99.400000	0.005566	-3.313333	3.318899	0.033605 	0.003507
-99.300000	0.005459	-3.310000	3.315459	0.033729 	0.003509
-99.200000	0.005401	-3.306667	3.312068	0.033768 	0.003510
-99.100000	0.005321	-3.303333	3.308654	0.033844 	0.003512
-99.000000	0.005251	-3.300000	3.305251	0.033903 	0.003514
-98.900000	0.005176	-3.296667	3.301843	0.033968 	0.003516
-98.800000	0.005103	-3.293333	3.298436	0.034030 	0.003518
-98.700000	0.005029	-3.290000	3.295029	0.034092 	0.003520
-98.600000	0.004956	-3.286667	3.291623	0.034153 	0.003521
-98.500000	0.004882	-3.283333	3.288215	0.034214 	0.003523
-98.400000	0.004808	-3.280000	3.284808	0.034274 	0.003525
-98.300000	0.004733	-3.276667	3.281400	0.034334 	0.003527
-98.200000	0.004659	-3.273333	3.277992	0.034393 	0.003529
-98.100000	0.004584	-3.270000	3.274584	0.034452 	0.003531
-98.000000	0.004510	-3.266667	3.271177	0.034510 	0.003532
-97.900000	0.004435	-3.263333	3.267768	0.034567 	0.003534
-97.800000	0.004360	-3.260000	3.264360	0.034624 	0.003536
-97.700000	0.004285	-3.256667	3.260952	0.034680 	0.003538
-97.600000	0.004210	-3.253333	3.257543	0.034735 	0.003540
-97.500000	0.004134	-3.250000	3.254134	0.034790 	0.003542
-97.400000	0.004059	-3.246667	3.250726	0.034845 	0.003543
-97.300000	0.003983	-3.243333	3.247316	0.034898 	0.003545
-97.200000	0.003907	-3.240000	3.243907	0.034951 	0.003547
-97.100000	0.003831	-3.236667	3.240498	0.035004 	0.003549
-97.000000	0.003755	-3.233333	3.237088	0.035055 	0.003551
-96.900000	0.003679	-3.230000	3.233679	0.035107 	0.003553
-96.800000	0.003603	-3.226667	3.230270	0.035157 	0.003555
-96.700000	0.003526	-3.223333	3.226859	0.035207 	0.003557
-96.600000	0.003449	-3.220000	3.223449	0.035256 	0.003558
-96.500000	0.003373	-3.216667	3.220040	0.035305 	0.003560
-96.400000	0.003296	-3.213333	3.216629	0.035353 	0.003562
-96.300000	0.003219	-3.210000	3.213219	0.035400 	0.003564
-96.200000	0.003142	-3.206667	3.209809	0.035447 	0.003566
-96.100000	0.003064	-3.203333	3.206397	0.035493 	0.003568
-96.000000	0.002987	-3.200000	3.202987	0.035538 	0.003570
-95.900000	0.002909	-3.196667	3.199576	0.035583 	0.003572
-95.800000	0.002832	-3.193333	3.196165	0.035627 	0.003574
-95.700000	0.002754	-3.190000	3.192754	0.035671 	0.003575
-95.600000	0.002676	-3.186667	3.189343	0.035713 	0.003577
-95.500000	0.002598	-3.183333	3.185931	0.035755 	0.003579
-95.400000	0.002520	-3.180000	3.182520	0.035797 	0.003581
-95.300000	0.002442	-3.176667	3.179109	0.035837 	0.003583
-95.200000	0.002363	-3.173333	3.175696	0.035877 	0.003585
-95.100000	0.002285	-3.170000	3.172285	0.035917 	0.003587
-95.000000	0.002206	-3.166667	3.168873	0.035955 	0.003589
-94.900000	0.002128	-3.163333	3.165461	0.035993 	0.003591
-94.800000	0.002049	-3.160000	3.162049	0.036031 	0.003593
-94.700000	0.001970	-3.156667	3.158637	0.036067 	0.003595
-94.600000	0.001891	-3.153333	3.155224	0.036103 	0.003597
-94.500000	0.001812	-3.150000	3.151812	0.036138 	0.003599
-94.400000	0.001733	-3.146667	3.148400	0.036173 	0.003601
-94.300000	0.001653	-3.143333	3.144986	0.036207 	0.003603
-94.200000	0.001574	-3.140000	3.141574	0.036240 	0.003604
-94.100000	0.001494	-3.136667	3.138161	0.036272 	0.003606
-94.000000	0.001415	-3.133333	3.134748	0.036304 	0.003608
-93.900000	0.001335	-3.130000	3.131335	0.036335 	0.003610
-93.800000	0.001255	-3.126667	3.127922	0.036365 	0.003612
-93.700000	0.001175	-3.123333	3.124508	0.036394 	0.003614
-93.600000	0.001095	-3.120000	3.121095	0.036423 	0.003616
-93.500000	0.001015	-3.116667	3.117682	0.036451 	0.003618
-93.400000	0.000935	-3.113333	3.114268	0.036479 	0.003620
-93.300000	0.000855	-3.110000	3.110855	0.036505 	0.003622
-93.200000	0.000774	-3.106667	3.107441	0.036531 	0.003624
-93.100000	0.000694	-3.103333	3.104027	0.036556 	0.003626
-93.000000	0.000613	-3.100000	3.100613	0.036580 	0.003628
-92.900000	0.000533	-3.096667	3.097200	0.036604 	0.003630
-92.800000	0.000452	-3.093333	3.093785	0.036627 	0.003632
-92.700000	0.000371	-3.090000	3.090371	0.036649 	0.003634
-92.600000	0.000290	-3.086667	3.086957	0.036670 	0.003636
-92.500000	0.000209	-3.083333	3.083542	0.036691 	0.003638
-92.400000	0.000128	-3.080000	3.080128	0.036711 	0.003640
-92.300000	0.000047	-3.076667	3.076714	0.036730 	0.003642
-92.200000	-0.000034	-3.073333	3.073299	0.036748 	0.003644
-92.100000	-0.000115	-3.070000	3.069885	0.036765 	0.003646
-92.000000	-0.000197	-3.066667	3.066470	0.036782 	0.003648
-91.900000	-0.000278	-3.063333	3.063055	0.036798 	0.003650
-91.800000	-0.000359	-3.060000	3.059641	0.036813 	0.003652
-91.700000	-0.000441	-3.056667	3.056226	0.036828 	0.003654
-91.600000	-0.000523	-3.053333	3.052810	0.036841 	0.003657
-91.500000	-0.000604	-3.050000	3.049396	0.036854 	0.003659
-91.400000	-0.000686	-3.046667	3.045981	0.036866 	0.003661
-91.300000	-0.000768	-3.043333	3.042565	0.036877 	0.003663
-91.200000	-0.000850	-3.040000	3.039150	0.036888 	0.003665
-91.100000	-0.000932	-3.036667	3.035735	0.036897 	0.003667
-91.000000	-0.001014	-3.033333	3.032319	0.036906 	0.003669
-90.900000	-0.001096	-3.030000	3.028904	0.036914 	0.003671
-90.800000	-0.001178	-3.026667	3.025489	0.036922 	0.003673
-90.700000	-0.001260	-3.023333	3.022073	0.036928 	0.003675
-90.600000	-0.001342	-3.020000	3.018658	0.036934 	0.003677
-90.500000	-0.001424	-3.016667	3.015243	0.036939 	0.003679
-90.400000	-0.001507	-3.013333	3.011826	0.036943 	0.003681
-90.300000	-0.001589	-3.010000	3.008411	0.036946 	0.003683
-90.200000	-0.001671	-3.006667	3.004996	0.036948 	0.003685
-90.100000	-0.001754	-3.003333	3.001579	0.036950 	0.003688
-90.000000	-0.001836	-3.000000	2.998164	0.036950 	0.003690
-89.900000	-0.001919	-2.996667	2.994748	0.036950 	0.003692
-89.800000	-0.002001	-2.993333	2.991332	0.036949 	0.003694
-89.700000	-0.002084	-2.990000	2.987916	0.036947 	0.003696
-89.600000	-0.002166	-2.986667	2.984501	0.036945 	0.003698
-89.500000	-0.002249	-2.983333	2.981084	0.036941 	0.003700
-89.400000	-0.002332	-2.980000	2.977668	0.036937 	0.003702
-89.300000	-0.002414	-2.976667	2.974253	0.036932 	0.003704
-89.200000	-0.002497	-2.973333	2.970836	0.036926 	0.003707
-89.100000	-0.002580	-2.970000	2.967420	0.036919 	0.003709
-89.000000	-0.002663	-2.966667	2.964004	0.036911 	0.003711
-88.900000	-0.002746	-2.963333	2.960587	0.036903 	0.003713
-88.800000	-0.002828	-2.960000	2.957172	0.036893 	0.003715
-88.700000	-0.002911	-2.956667	2.953756	0.036883 	0.003717
-88.600000	-0.002994	-2.953333	2.950339	0.036872 	0.003719
-88.500000	-0.003077	-2.950000	2.946923	0.036860 	0.003722
-88.400000	-0.003160	-2.946667	2.943507	0.036847 	0.003724
-88.300000	-0.003243	-2.943333	2.940090	0.036833 	0.003726
-88.200000	-0.003326	-2.940000	2.936674	0.036818 	0.003728
-88.100000	-0.003409	-2.936667	2.933258	0.036803 	0.003730
-88.000000	-0.003492	-2.933333	2.929841	0.036787 	0.003732
-87.900000	-0.003575	-2.930000	2.926425	0.036769 	0.003735
-87.800000	-0.003658	-2.926667	2.923009	0.036751 	0.003737
-87.700000	-0.003741	-2.923333	2.919592	0.036732 	0.003739
-87.600000	-0.003824	-2.920000	2.916176	0.036712 	0.003741
-87.500000	-0.003907	-2.916667	2.912760	0.036691 	0.003743
-87.400000	-0.003990	-2.913333	2.909343	0.036670 	0.003746
-87.300000	-0.004073	-2.910000	2.905927	0.036647 	0.003748
-87.200000	-0.004156	-2.906667	2.902511	0.036623 	0.003750
-87.100000	-0.004239	-2.903333	2.899094	0.036599 	0.003752
-87.000000	-0.004321	-2.900000	2.895679	0.036574 	0.003754
-86.900000	-0.004404	-2.896667	2.892263	0.036548 	0.003757
-86.800000	-0.004487	-2.893333	2.888846	0.036520 	0.003759
-86.700000	-0.004570	-2.890000	2.885430	0.036492 	0.003761
-86.600000	-0.004653	-2.886667	2.882014	0.036463 	0.003763
-86.500000	-0.004736	-2.883333	2.878597	0.036434 	0.003766
-86.400000	-0.004819	-2.880000	2.875181	0.036403 	0.003768
-86.300000	-0.004902	-2.876667	2.871765	0.036371 	0.003770
-86.200000	-0.004985	-2.873333	2.868348	0.036339 	0.003772
-86.100000	-0.005067	-2.870000	2.864933	0.036305 	0.003775
-86.000000	-0.005150	-2.866667	2.861517	0.036271 	0.003777
-85.900000	-0.005233	-2.863333	2.858100	0.036235 	0.003779
-85.800000	-0.005316	-2.860000	2.854684	0.036199 	0.003781
-85.700000	-0.005398	-2.856667	2.851269	0.036162 	0.003784
-85.600000	-0.005481	-2.853333	2.847852	0.036123 	0.003786
-85.500000	-0.005563	-2.850000	2.844437	0.036084 	0.003788
-85.400000	-0.005646	-2.846667	2.841021	0.036044 	0.003790
-85.300000	-0.005729	-2.843333	2.837604	0.036003 	0.003793
-85.200000	-0.005811	-2.840000	2.834189	0.035961 	0.003795
-85.100000	-0.005893	-2.836667	2.830774	0.035918 	0.003797
-85.000000	-0.005976	-2.833333	2.827357	0.035875 	0.003800
-84.900000	-0.006058	-2.830000	2.823942	0.035830 	0.003802
-84.800000	-0.006140	-2.826667	2.820527	0.035784 	0.003804
-84.700000	-0.006223	-2.823333	2.817110	0.035737 	0.003806
-84.600000	-0.006305	-2.820000	2.813695	0.035690 	0.003809
-84.500000	-0.006387	-2.816667	2.810280	0.035641 	0.003811
-84.400000	-0.006469	-2.813333	2.806864	0.035592 	0.003813
-84.300000	-0.006551	-2.810000	2.803449	0.035541 	0.003816
-84.200000	-0.006633	-2.806667	2.800034	0.035490 	0.003818
-84.100000	-0.006715	-2.803333	2.796618	0.035437 	0.003820
-84.000000	-0.006797	-2.800000	2.793203	0.035384 	0.003823
-83.900000	-0.006878	-2.796667	2.789789	0.035330 	0.003825
-83.800000	-0.006960	-2.793333	2.786373	0.035274 	0.003827
-83.700000	-0.007042	-2.790000	2.782958	0.035218 	0.003830
-83.600000	-0.007123	-2.786667	2.779544	0.035161 	0.003832
-83.500000	-0.007205	-2.783333	2.776128	0.035103 	0.003834
-83.400000	-0.007286	-2.780000	2.772714	0.035043 	0.003837
-83.300000	-0.007367	-2.776667	2.769300	0.034983 	0.003839
-83.200000	-0.007449	-2.773333	2.765884	0.034922 	0.003841
-83.100000	-0.007530	-2.770000	2.762470	0.034860 	0.003844
-83.000000	-0.007611	-2.766667	2.759056	0.034797 	0.003846
-82.900000	-0.007692	-2.763333	2.755641	0.034733 	0.003849
-82.800000	-0.007773	-2.760000	2.752227	0.034668 	0.003851
-82.700000	-0.007853	-2.756667	2.748814	0.034602 	0.003853
-82.600000	-0.007934	-2.753333	2.745399	0.034535 	0.003856
-82.500000	-0.008015	-2.750000	2.741985	0.034467 	0.003858
-82.400000	-0.008095	-2.746667	2.738572	0.034398 	0.003861
-82.300000	-0.008175	-2.743333	2.735158	0.034328 	0.003863
-82.200000	-0.008256	-2.740000	2.731744	0.034257 	0.003865
-82.100000	-0.008336	-2.736667	2.728331	0.034185 	0.003868
-82.000000	-0.008416	-2.733333	2.724917	0.034112 	0.003870
-81.900000	-0.008496	-2.730000	2.721504	0.034037 	0.003873
-81.800000	-0.008576	-2.726667	2.718091	0.033962 	0.003875
-81.700000	-0.008655	-2.723333	2.714678	0.033886 	0.003878
-81.600000	-0.008735	-2.720000	2.711265	0.033809 	0.003880
-81.500000	-0.008814	-2.716667	2.707853	0.033731 	0.003882
-81.400000	-0.008894	-2.713333	2.704439	0.033652 	0.003885
-81.300000	-0.008973	-2.710000	2.701027	0.033572 	0.003887
-81.200000	-0.009052	-2.706667	2.697615	0.033491 	0.003890
-81.100000	-0.009131	-2.703333	2.694202	0.033409 	0.003892
-81.000000	-0.009210	-2.700000	2.690790	0.033326 	0.003895
-80.900000	-0.009289	-2.696667	2.687378	0.033242 	0.003897
-80.800000	-0.009367	-2.693333	2.683966	0.033157 	0.003900
-80.700000	-0.009446	-2.690000	2.680554	0.033071 	0.003902
-80.600000	-0.009524	-2.686667	2.677143	0.032984 	0.003905
-80.500000	-0.009602	-2.683333	2.673731	0.032896 	0.003907
-80.400000	-0.009680	-2.680000	2.670320	0.032807 	0.003910
-80.300000	-0.009758	-2.676667	2.666909	0.032716 	0.003912
-80.200000	-0.009836	-2.673333	2.663497	0.032625 	0.003915
-80.100000	-0.009913	-2.670000	2.660087	0.032533 	0.003917
-80.000000	-0.009991	-2.666667	2.656676	0.032440 	0.003920
-79.900000	-0.010068	-2.663333	2.653265	0.032346 	0.003922
-79.800000	-0.010145	-2.660000	2.649855	0.032250 	0.003925
-79.700000	-0.010222	-2.656667	2.646445	0.032154 	0.003927
-79.600000	-0.010299	-2.653333	2.643034	0.032057 	0.003930
-79.500000	-0.010375	-2.650000	2.639625	0.031958 	0.003932
-79.400000	-0.010452	-2.646667	2.636215	0.031859 	0.003935
-79.300000	-0.010528	-2.643333	2.632805	0.031759 	0.003937
-79.200000	-0.010604	-2.640000	2.629396	0.031657 	0.003940
-79.100000	-0.010680	-2.636667	2.625987	0.031555 	0.003942
-79.000000	-0.010756	-2.633333	2.622577	0.031451 	0.003945
-78.900000	-0.010831	-2.630000	2.619169	0.031347 	0.003948
-78.800000	-0.010907	-2.626667	2.615760	0.031241 	0.003950
-78.700000	-0.010982	-2.623333	2.612351	0.031135 	0.003953
-78.600000	-0.011057	-2.620000	2.608943	0.031027 	0.003955
-78.500000	-0.011131	-2.616667	2.605536	0.030918 	0.003958
-78.400000	-0.011206	-2.613333	2.602127	0.030809 	0.003961
-78.300000	-0.011281	-2.610000	2.598719	0.030698 	0.003963
-78.200000	-0.011355	-2.606667	2.595312	0.030586 	0.003966
-78.100000	-0.011429	-2.603333	2.591904	0.030473 	0.003968
-78.000000	-0.011503	-2.600000	2.588497	0.030359 	0.003971
-77.900000	-0.011576	-2.596667	2.585091	0.030245 	0.003974
-77.800000	-0.011650	-2.593333	2.581683	0.030129 	0.003976
-77.700000	-0.011723	-2.590000	2.578277	0.030012 	0.003979
-77.600000	-0.011796	-2.586667	2.574871	0.029894 	0.003981
-77.500000	-0.011868	-2.583333	2.571465	0.029775 	0.003984
-77.400000	-0.011941	-2.580000	2.568059	0.029654 	0.003987
-77.300000	-0.012013	-2.576667	2.564654	0.029533 	0.003989
-77.200000	-0.012085	-2.573333	2.561248	0.029411 	0.003992
-77.100000	-0.012157	-2.570000	2.557843	0.029288 	0.003995
-77.000000	-0.012229	-2.566667	2.554438	0.029164 	0.003997
-76.900000	-0.012300	-2.563333	2.551033	0.029038 	0.004000
-76.800000	-0.012371	-2.560000	2.547629	0.028912 	0.004003
-76.700000	-0.012442	-2.556667	2.544225	0.028785 	0.004005
-76.600000	-0.012513	-2.553333	2.540820	0.028656 	0.004008
-76.500000	-0.012584	-2.550000	2.537416	0.028527 	0.004011
-76.400000	-0.012654	-2.546667	2.534013	0.028396 	0.004013
-76.300000	-0.012724	-2.543333	2.530609	0.028265 	0.004016
-76.200000	-0.012793	-2.540000	2.527207	0.028132 	0.004019
-76.100000	-0.012863	-2.536667	2.523804	0.027998 	0.004022
-76.000000	-0.012932	-2.533333	2.520401	0.027863 	0.004024
-75.900000	-0.013001	-2.530000	2.516999	0.027728 	0.004027
-75.800000	-0.013070	-2.526667	2.513597	0.027591 	0.004030
-75.700000	-0.013138	-2.523333	2.510195	0.027453 	0.004032
-75.600000	-0.013206	-2.520000	2.506794	0.027314 	0.004035
-75.500000	-0.013274	-2.516667	2.503393	0.027174 	0.004038
-75.400000	-0.013342	-2.513333	2.499991	0.027033 	0.004041
-75.300000	-0.013409	-2.510000	2.496591	0.026891 	0.004043
-75.200000	-0.013476	-2.506667	2.493191	0.026748 	0.004046
-75.100000	-0.013543	-2.503333	2.489790	0.026604 	0.004049
-75.000000	-0.013609	-2.500000	2.486391	0.026459 	0.004052
-74.900000	-0.013675	-2.496667	2.482992	0.026312 	0.004054
-74.800000	-0.013741	-2.493333	2.479592	0.026165 	0.004057
-74.700000	-0.013807	-2.490000	2.476193	0.026017 	0.004060
-74.600000	-0.013872	-2.486667	2.472795	0.025867 	0.004063
-74.500000	-0.013937	-2.483333	2.469396	0.025717 	0.004066
-74.400000	-0.014002	-2.480000	2.465998	0.025565 	0.004068
-74.300000	-0.014066	-2.476667	2.462601	0.025413 	0.004071
-74.200000	-0.014130	-2.473333	2.459203	0.025259 	0.004074
-74.100000	-0.014194	-2.470000	2.455806	0.025104 	0.004077
-74.000000	-0.014257	-2.466667	2.452410	0.024949 	0.004080
-73.900000	-0.014320	-2.463333	2.449013	0.024792 	0.004082
-73.800000	-0.014383	-2.460000	2.445617	0.024634 	0.004085
-73.700000	-0.014446	-2.456667	2.442221	0.024475 	0.004088
-73.600000	-0.014508	-2.453333	2.438825	0.024315 	0.004091
-73.500000	-0.014569	-2.450000	2.435431	0.024154 	0.004094
-73.400000	-0.014631	-2.446667	2.432036	0.023992 	0.004097
-73.300000	-0.014692	-2.443333	2.428641	0.023829 	0.004100
-73.200000	-0.014753	-2.440000	2.425247	0.023665 	0.004102
-73.100000	-0.014813	-2.436667	2.421854	0.023500 	0.004105
-73.000000	-0.014873	-2.433333	2.418460	0.023334 	0.004108
-72.900000	-0.014933	-2.430000	2.415067	0.023166 	0.004111
-72.800000	-0.014992	-2.426667	2.411675	0.022998 	0.004114
-72.700000	-0.015051	-2.423333	2.408282	0.022828 	0.004117
-72.600000	-0.015110	-2.420000	2.404890	0.022658 	0.004120
-72.500000	-0.015168	-2.416667	2.401499	0.022486 	0.004123
-72.400000	-0.015226	-2.413333	2.398107	0.022314 	0.004126
-72.300000	-0.015284	-2.410000	2.394716	0.022140 	0.004128
-72.200000	-0.015341	-2.406667	2.391326	0.021966 	0.004131
-72.100000	-0.015398	-2.403333	2.387935	0.021790 	0.004134
-72.000000	-0.015454	-2.400000	2.384546	0.021613 	0.004137
-71.900000	-0.015510	-2.396667	2.381157	0.021435 	0.004140
-71.800000	-0.015566	-2.393333	2.377767	0.021256 	0.004143
-71.700000	-0.015621	-2.390000	2.374379	0.021076 	0.004146
-71.600000	-0.015676	-2.386667	2.370991	0.020895 	0.004149
-71.500000	-0.015730	-2.383333	2.367603	0.020713 	0.004152
-71.400000	-0.015784	-2.380000	2.364216	0.020530 	0.004155
-71.300000	-0.015838	-2.376667	2.360829	0.020346 	0.004158
-71.200000	-0.015891	-2.373333	2.357442	0.020161 	0.004161
-71.100000	-0.015944	-2.370000	2.354056	0.019974 	0.004164
-71.000000	-0.015996	-2.366667	2.350671	0.019787 	0.004167
-70.900000	-0.016048	-2.363333	2.347285	0.019598 	0.004170
-70.800000	-0.016100	-2.360000	2.343900	0.019409 	0.004173
-70.700000	-0.016151	-2.356667	2.340516	0.019218 	0.004176
-70.600000	-0.016201	-2.353333	2.337132	0.019027 	0.004179
-70.500000	-0.016251	-2.350000	2.333749	0.018834 	0.004182
-70.400000	-0.016301	-2.346667	2.330366	0.018640 	0.004185
-70.300000	-0.016350	-2.343333	2.326983	0.018445 	0.004188
-70.200000	-0.016399	-2.340000	2.323601	0.018249 	0.004191
-70.100000	-0.016447	-2.336667	2.320220	0.018052 	0.004194
-70.000000	-0.016495	-2.333333	2.316838	0.017854 	0.004197
-69.900000	-0.016543	-2.330000	2.313457	0.017655 	0.004200
-69.800000	-0.016589	-2.326667	2.310078	0.017455 	0.004203
-69.700000	-0.016636	-2.323333	2.306697	0.017253 	0.004207
-69.600000	-0.016682	-2.320000	2.303318	0.017051 	0.004210
-69.500000	-0.016727	-2.316667	2.299940	0.016847 	0.004213
-69.400000	-0.016772	-2.313333	2.296561	0.016642 	0.004216
-69.300000	-0.016817	-2.310000	2.293183	0.016437 	0.004219
-69.200000	-0.016860	-2.306667	2.289807	0.016230 	0.004222
-69.100000	-0.016904	-2.303333	2.286429	0.016022 	0.004225
-69.000000	-0.016947	-2.300000	2.283053	0.015813 	0.004228
-68.900000	-0.016989	-2.296667	2.279678	0.015602 	0.004231
-68.800000	-0.017031	-2.293333	2.276302	0.015391 	0.004234
-68.700000	-0.017072	-2.290000	2.272928	0.015178 	0.004238
-68.600000	-0.017113	-2.286667	2.269554	0.014965 	0.004241
-68.500000	-0.017153	-2.283333	2.266180	0.014750 	0.004244
-68.400000	-0.017192	-2.280000	2.262808	0.014534 	0.004247
-68.300000	-0.017231	-2.276667	2.259436	0.014317 	0.004250
-68.200000	-0.017270	-2.273333	2.256063	0.014099 	0.004253
-68.100000	-0.017308	-2.270000	2.252692	0.013880 	0.004257
-68.000000	-0.017345	-2.266667	2.249322	0.013659 	0.004260
-67.900000	-0.017382	-2.263333	2.245951	0.013438 	0.004263
-67.800000	-0.017418	-2.260000	2.242582	0.013215 	0.004266
-67.700000	-0.017453	-2.256667	2.239214	0.012991 	0.004269
-67.600000	-0.017488	-2.253333	2.235845	0.012766 	0.004273
-67.500000	-0.017522	-2.250000	2.232478	0.012539 	0.004276
-67.400000	-0.017556	-2.246667	2.229111	0.012312 	0.004279
-67.300000	-0.017589	-2.243333	2.225744	0.012083 	0.004282
-67.200000	-0.017621	-2.240000	2.222379	0.011853 	0.004286
-67.100000	-0.017653	-2.236667	2.219014	0.011622 	0.004289
-67.000000	-0.017684	-2.233333	2.215649	0.011389 	0.004292
-66.900000	-0.017715	-2.230000	2.212285	0.011156 	0.004295
-66.800000	-0.017744	-2.226667	2.208923	0.010921 	0.004299
-66.700000	-0.017773	-2.223333	2.205560	0.010685 	0.004302
-66.600000	-0.017802	-2.220000	2.202198	0.010448 	0.004305
-66.500000	-0.017829	-2.216667	2.198838	0.010209 	0.004308
-66.400000	-0.017856	-2.213333	2.195477	0.009969 	0.004312
-66.300000	-0.017883	-2.210000	2.192117	0.009728 	0.004315
-66.200000	-0.017908	-2.206667	2.188759	0.009486 	0.004318
-66.100000	-0.017933	-2.203333	2.185400	0.009243 	0.004322
-66.000000	-0.017957	-2.200000	2.182043	0.008998 	0.004325
-65.900000	-0.017981	-2.196667	2.178686	0.008752 	0.004328
-65.800000	-0.018003	-2.193333	2.175330	0.008505 	0.004332
-65.700000	-0.018025	-2.190000	2.171975	0.008256 	0.004335
-65.600000	-0.018047	-2.186667	2.168620	0.008006 	0.004338
-65.500000	-0.018067	-2.183333	2.165266	0.007755 	0.004342
-65.400000	-0.018087	-2.180000	2.161913	0.007503 	0.004345
-65.300000	-0.018106	-2.176667	2.158561	0.007249 	0.004348
-65.200000	-0.018124	-2.173333	2.155209	0.006994 	0.004352
-65.100000	-0.018142	-2.170000	2.151858	0.006738 	0.004355
-65.000000	-0.018159	-2.166667	2.148508	0.006480 	0.004359
-64.900000	-0.018174	-2.163333	2.145159	0.006222 	0.004362
-64.800000	-0.018190	-2.160000	2.141810	0.005962 	0.004365
-64.700000	-0.018204	-2.156667	2.138463	0.005700 	0.004369
-64.600000	-0.018218	-2.153333	2.135115	0.005438 	0.004372
-64.500000	-0.018231	-2.150000	2.131769	0.005174 	0.004376
-64.400000	-0.018243	-2.146667	2.128424	0.004909 	0.004379
-64.300000	-0.018254	-2.143333	2.125079	0.004643 	0.004383
-64.200000	-0.018265	-2.140000	2.121735	0.004375 	0.004386
-64.100000	-0.018274	-2.136667	2.118393	0.004107 	0.004389
-64.000000	-0.018283	-2.133333	2.115050	0.003837 	0.004393
-63.900000	-0.018292	-2.130000	2.111708	0.003565 	0.004396
-63.800000	-0.018299	-2.126667	2.108368	0.003293 	0.004400
-63.700000	-0.018306	-2.123333	2.105027	0.003020 	0.004403
-63.600000	-0.018311	-2.120000	2.101689	0.002745 	0.004407
-63.500000	-0.018316	-2.116667	2.098351	0.002469 	0.004410
-63.400000	-0.018321	-2.113333	2.095012	0.002192 	0.004414
-63.300000	-0.018324	-2.110000	2.091676	0.001914 	0.004417
-63.200000	-0.018327	-2.106667	2.088340	0.001634 	0.004421
-63.100000	-0.018329	-2.103333	2.085004	0.001354 	0.004424
-63.000000	-0.018330	-2.100000	2.081670	0.001072 	0.004428
-62.900000	-0.018331	-2.096667	2.078336	0.000790 	0.004432
-62.800000	-0.018330	-2.093333	2.075003	0.000506 	0.004435
-62.700000	-0.018329	-2.090000	2.071671	0.000221 	0.004439
-62.600000	-0.018327	-2.086667	2.068340	-0.000065 	0.004442
-62.500000	-0.018325	-2.083333	2.065008	-0.000351 	0.004446
-62.400000	-0.018321	-2.080000	2.061679	-0.000639 	0.004449
-62.300000	-0.018317	-2.076667	2.058350	-0.000928 	0.004453
-62.200000	-0.018312	-2.073333	2.055021	-0.001217 	0.004457
-62.100000	-0.018307	-2.070000	2.051693	-0.001508 	0.004460
-62.000000	-0.018301	-2.066667	2.048366	-0.001800 	0.004464
-61.900000	-0.018293	-2.063333	2.045040	-0.002092 	0.004468
-61.800000	-0.018286	-2.060000	2.041714	-0.002385 	0.004471
-61.700000	-0.018277	-2.056667	2.038390	-0.002679 	0.004475
-61.600000	-0.018268	-2.053333	2.035065	-0.002974 	0.004478
-61.500000	-0.018258	-2.050000	2.031742	-0.003270 	0.004482
-61.400000	-0.018248	-2.046667	2.028419	-0.003567 	0.004486
-61.300000	-0.018236	-2.043333	2.025097	-0.003864 	0.004489
-61.200000	-0.018224	-2.040000	2.021776	-0.004162 	0.004493
-61.100000	-0.018212	-2.036667	2.018455	-0.004461 	0.004497
-61.000000	-0.018198	-2.033333	2.015135	-0.004760 	0.004501
-60.900000	-0.018184	-2.030000	2.011816	-0.005060 	0.004504
-60.800000	-0.018170	-2.026667	2.008497	-0.005361 	0.004508
-60.700000	-0.018154	-2.023333	2.005179	-0.005663 	0.004512
-60.600000	-0.018138	-2.020000	2.001862	-0.005965 	0.004515
-60.500000	-0.018121	-2.016667	1.998546	-0.006268 	0.004519
-60.400000	-0.018104	-2.013333	1.995229	-0.006571 	0.004523
-60.300000	-0.018086	-2.010000	1.991914	-0.006875 	0.004527
-60.200000	-0.018067	-2.006667	1.988600	-0.007179 	0.004530
-60.100000	-0.018048	-2.003333	1.985285	-0.007484 	0.004534
-60.000000	-0.018028	-2.000000	1.981972	-0.007790 	0.004538
-59.900000	-0.018007	-1.996667	1.978660	-0.008096 	0.004542
-59.800000	-0.017986	-1.993333	1.975347	-0.008402 	0.004546
-59.700000	-0.017964	-1.990000	1.972036	-0.008709 	0.004549
-59.600000	-0.017941	-1.986667	1.968726	-0.009017 	0.004553
-59.500000	-0.017918	-1.983333	1.965415	-0.009325 	0.004557
-59.400000	-0.017894	-1.980000	1.962106	-0.009633 	0.004561
-59.300000	-0.017869	-1.976667	1.958798	-0.009942 	0.004565
-59.200000	-0.017844	-1.973333	1.955489	-0.010251 	0.004569
-59.100000	-0.017818	-1.970000	1.952182	-0.010561 	0.004573
-59.000000	-0.017792	-1.966667	1.948875	-0.010871 	0.004576
-58.900000	-0.017764	-1.963333	1.945569	-0.011181 	0.004580
-58.800000	-0.017737	-1.960000	1.942263	-0.011492 	0.004584
-58.700000	-0.017708	-1.956667	1.938959	-0.011803 	0.004588
-58.600000	-0.017679	-1.953333	1.935654	-0.012114 	0.004592
-58.500000	-0.017649	-1.950000	1.932351	-0.012426 	0.004596
-58.400000	-0.017619	-1.946667	1.929048	-0.012738 	0.004600
-58.300000	-0.017588	-1.943333	1.925745	-0.013050 	0.004604
-58.200000	-0.017556	-1.940000	1.922444	-0.013363 	0.004608
-58.100000	-0.017524	-1.936667	1.919143	-0.013676 	0.004612
-58.000000	-0.017490	-1.933333	1.915843	-0.013989 	0.004616
-57.900000	-0.017457	-1.930000	1.912543	-0.014302 	0.004620
-57.800000	-0.017422	-1.926667	1.909245	-0.014616 	0.004624
-57.700000	-0.017387	-1.923333	1.905946	-0.014930 	0.004628
-57.600000	-0.017352	-1.920000	1.902648	-0.015244 	0.004632
-57.500000	-0.017316	-1.916667	1.899351	-0.015558 	0.004636
-57.400000	-0.017279	-1.913333	1.896054	-0.015873 	0.004640
-57.300000	-0.017241	-1.910000	1.892759	-0.016188 	0.004644
-57.200000	-0.017203	-1.906667	1.889464	-0.016503 	0.004648
-57.100000	-0.017164	-1.903333	1.886169	-0.016818 	0.004652
-57.000000	-0.017124	-1.900000	1.882876	-0.017133 	0.004656
-56.900000	-0.017084	-1.896667	1.879583	-0.017449 	0.004660
-56.800000	-0.017043	-1.893333	1.876290	-0.017764 	0.004664
-56.700000	-0.017001	-1.890000	1.872999	-0.018080 	0.004668
-56.600000	-0.016959	-1.886667	1.869708	-0.018396 	0.004672
-56.500000	-0.016916	-1.883333	1.866417	-0.018712 	0.004676
-56.400000	-0.016873	-1.880000	1.863127	-0.019028 	0.004681
-56.300000	-0.016829	-1.876667	1.859838	-0.019344 	0.004685
-56.200000	-0.016784	-1.873333	1.856549	-0.019661 	0.004689
-56.100000	-0.016738	-1.870000	1.853262	-0.019977 	0.004693
-56.000000	-0.016692	-1.866667	1.849975	-0.020293 	0.004697
-55.900000	-0.016645	-1.863333	1.846688	-0.020610 	0.004701
-55.800000	-0.016598	-1.860000	1.843402	-0.020926 	0.004706
-55.700000	-0.016549	-1.856667	1.840118	-0.021243 	0.004710
-55.600000	-0.016501	-1.853333	1.836832	-0.021559 	0.004714
-55.500000	-0.016451	-1.850000	1.833549	-0.021875 	0.004718
-55.400000	-0.016401	-1.846667	1.830266	-0.022192 	0.004722
-55.300000	-0.016350	-1.843333	1.826983	-0.022508 	0.004727
-55.200000	-0.016298	-1.840000	1.823702	-0.022825 	0.004731
-55.100000	-0.016246	-1.836667	1.820421	-0.023141 	0.004735
-55.000000	-0.016193	-1.833333	1.817140	-0.023457 	0.004739
-54.900000	-0.016140	-1.830000	1.813860	-0.023773 	0.004744
-54.800000	-0.016086	-1.826667	1.810581	-0.024089 	0.004748
-54.700000	-0.016031	-1.823333	1.807302	-0.024405 	0.004752
-54.600000	-0.015975	-1.820000	1.804025	-0.024721 	0.004757
-54.500000	-0.015919	-1.816667	1.800748	-0.025037 	0.004761
-54.400000	-0.015862	-1.813333	1.797471	-0.025353 	0.004765
-54.300000	-0.015805	-1.810000	1.794195	-0.025668 	0.004770
-54.200000	-0.015746	-1.806667	1.790921	-0.025983 	0.004774
-54.100000	-0.015688	-1.803333	1.787645	-0.026298 	0.004778
-54.000000	-0.015628	-1.800000	1.784372	-0.026613 	0.004783
-53.900000	-0.015568	-1.796667	1.781099	-0.026928 	0.004787
-53.800000	-0.015507	-1.793333	1.777826	-0.027243 	0.004792
-53.700000	-0.015445	-1.790000	1.774555	-0.027557 	0.004796
-53.600000	-0.015383	-1.786667	1.771284	-0.027871 	0.004800
-53.500000	-0.015320	-1.783333	1.768013	-0.028185 	0.004805
-53.400000	-0.015257	-1.780000	1.764743	-0.028498 	0.004809
-53.300000	-0.015192	-1.776667	1.761475	-0.028812 	0.004814
-53.200000	-0.015128	-1.773333	1.758205	-0.029125 	0.004818
-53.100000	-0.015062	-1.770000	1.754938	-0.029437 	0.004823
-53.000000	-0.014996	-1.766667	1.751671	-0.029750 	0.004827
-52.900000	-0.014929	-1.763333	1.748404	-0.030062 	0.004832
-52.800000	-0.014861	-1.760000	1.745139	-0.030374 	0.004836
-52.700000	-0.014793	-1.756667	1.741874	-0.030685 	0.004841
-52.600000	-0.014724	-1.753333	1.738609	-0.030996 	0.004845
-52.500000	-0.014654	-1.750000	1.735346	-0.031307 	0.004850
-52.400000	-0.014584	-1.746667	1.732083	-0.031617 	0.004854
-52.300000	-0.014513	-1.743333	1.728820	-0.031927 	0.004859
-52.200000	-0.014441	-1.740000	1.725559	-0.032237 	0.004864
-52.100000	-0.014369	-1.736667	1.722298	-0.032546 	0.004868
-52.000000	-0.014296	-1.733333	1.719037	-0.032855 	0.004873
-51.900000	-0.014222	-1.730000	1.715778	-0.033163 	0.004877
-51.800000	-0.014148	-1.726667	1.712519	-0.033471 	0.004882
-51.700000	-0.014073	-1.723333	1.709260	-0.033778 	0.004887
-51.600000	-0.013997	-1.720000	1.706003	-0.034085 	0.004891
-51.500000	-0.013921	-1.716667	1.702746	-0.034391 	0.004896
-51.400000	-0.013844	-1.713333	1.699489	-0.034697 	0.004901
-51.300000	-0.013766	-1.710000	1.696234	-0.035003 	0.004905
-51.200000	-0.013688	-1.706667	1.692979	-0.035307 	0.004910
-51.100000	-0.013609	-1.703333	1.689724	-0.035612 	0.004915
-51.000000	-0.013529	-1.700000	1.686471	-0.035916 	0.004920
-50.900000	-0.013449	-1.696667	1.683218	-0.036219 	0.004924
-50.800000	-0.013368	-1.693333	1.679965	-0.036521 	0.004929
-50.700000	-0.013286	-1.690000	1.676714	-0.036823 	0.004934
-50.600000	-0.013204	-1.686667	1.673463	-0.037125 	0.004939
-50.500000	-0.013120	-1.683333	1.670213	-0.037425 	0.004943
-50.400000	-0.013037	-1.680000	1.666963	-0.037725 	0.004948
-50.300000	-0.012952	-1.676667	1.663715	-0.038025 	0.004953
-50.200000	-0.012867	-1.673333	1.660466	-0.038324 	0.004958
-50.100000	-0.012782	-1.670000	1.657218	-0.038622 	0.004963
-50.000000	-0.012695	-1.666667	1.653972	-0.038919 	0.004968
-49.900000	-0.012608	-1.663333	1.650725	-0.039216 	0.004973
-49.800000	-0.012520	-1.660000	1.647480	-0.039512 	0.004977
-49.700000	-0.012432	-1.656667	1.644235	-0.039807 	0.004982
-49.600000	-0.012343	-1.653333	1.640990	-0.040101 	0.004987
-49.500000	-0.012253	-1.650000	1.637747	-0.040395 	0.004992
-49.400000	-0.012163	-1.646667	1.634504	-0.040688 	0.004997
-49.300000	-0.012072	-1.643333	1.631261	-0.040980 	0.005002
-49.200000	-0.011980	-1.640000	1.628020	-0.041271 	0.005007
-49.100000	-0.011888	-1.636667	1.624779	-0.041562 	0.005012
-49.000000	-0.011795	-1.633333	1.621538	-0.041852 	0.005017
-48.900000	-0.011701	-1.630000	1.618299	-0.042140 	0.005022
-48.800000	-0.011607	-1.626667	1.615060	-0.042428 	0.005027
-48.700000	-0.011512	-1.623333	1.611821	-0.042715 	0.005032
-48.600000	-0.011417	-1.620000	1.608583	-0.043002 	0.005037
-48.500000	-0.011320	-1.616667	1.605347	-0.043287 	0.005042
-48.400000	-0.011224	-1.613333	1.602109	-0.043571 	0.005047
-48.300000	-0.011126	-1.610000	1.598874	-0.043855 	0.005053
-48.200000	-0.011028	-1.606667	1.595639	-0.044137 	0.005058
-48.100000	-0.010929	-1.603333	1.592404	-0.044419 	0.005063
-48.000000	-0.010830	-1.600000	1.589170	-0.044699 	0.005068
-47.900000	-0.010730	-1.596667	1.585937	-0.044979 	0.005073
-47.800000	-0.010629	-1.593333	1.582704	-0.045257 	0.005078
-47.700000	-0.010527	-1.590000	1.579473	-0.045535 	0.005083
-47.600000	-0.010425	-1.586667	1.576242	-0.045811 	0.005089
-47.500000	-0.010323	-1.583333	1.573010	-0.046087 	0.005094
-47.400000	-0.010219	-1.580000	1.569781	-0.046361 	0.005099
-47.300000	-0.010116	-1.576667	1.566551	-0.046634 	0.005104
-47.200000	-0.010011	-1.573333	1.563322	-0.046906 	0.005110
-47.100000	-0.009906	-1.570000	1.560094	-0.047178 	0.005115
-47.000000	-0.009800	-1.566667	1.556867	-0.047448 	0.005120
-46.900000	-0.009693	-1.563333	1.553640	-0.047716 	0.005126
-46.800000	-0.009586	-1.560000	1.550414	-0.047984 	0.005131
-46.700000	-0.009479	-1.556667	1.547188	-0.048251 	0.005136
-46.600000	-0.009370	-1.553333	1.543963	-0.048516 	0.005142
-46.500000	-0.009261	-1.550000	1.540739	-0.048780 	0.005147
-46.400000	-0.009152	-1.546667	1.537515	-0.049043 	0.005152
-46.300000	-0.009042	-1.543333	1.534291	-0.049305 	0.005158
-46.200000	-0.008931	-1.540000	1.531069	-0.049566 	0.005163
-46.100000	-0.008819	-1.536667	1.527848	-0.049825 	0.005169
-46.000000	-0.008707	-1.533333	1.524626	-0.050083 	0.005174
-45.900000	-0.008595	-1.530000	1.521405	-0.050340 	0.005180
-45.800000	-0.008481	-1.526667	1.518186	-0.050595 	0.005185
-45.700000	-0.008367	-1.523333	1.514966	-0.050849 	0.005191
-45.600000	-0.008253	-1.520000	1.511747	-0.051102 	0.005196
-45.500000	-0.008138	-1.516667	1.508529	-0.051354 	0.005202
-45.400000	-0.008022	-1.513333	1.505311	-0.051604 	0.005207
-45.300000	-0.007905	-1.510000	1.502095	-0.051853 	0.005213
-45.200000	-0.007788	-1.506667	1.498879	-0.052100 	0.005218
-45.100000	-0.007671	-1.503333	1.495662	-0.052346 	0.005224
-45.000000	-0.007553	-1.500000	1.492447	-0.052591 	0.005230
-44.900000	-0.007434	-1.496667	1.489233	-0.052834 	0.005235
-44.800000	-0.007315	-1.493333	1.486018	-0.053076 	0.005241
-44.700000	-0.007195	-1.490000	1.482805	-0.053316 	0.005247
-44.600000	-0.007074	-1.486667	1.479593	-0.053555 	0.005252
-44.500000	-0.006953	-1.483333	1.476380	-0.053793 	0.005258
-44.400000	-0.006831	-1.480000	1.473169	-0.054029 	0.005264
-44.300000	-0.006709	-1.476667	1.469958	-0.054263 	0.005269
-44.200000	-0.006586	-1.473333	1.466747	-0.054496 	0.005275
-44.100000	-0.006462	-1.470000	1.463538	-0.054728 	0.005281
-44.000000	-0.006338	-1.466667	1.460329	-0.054957 	0.005287
-43.900000	-0.006213	-1.463333	1.457120	-0.055186 	0.005293
-43.800000	-0.006088	-1.460000	1.453912	-0.055412 	0.005298
-43.700000	-0.005962	-1.456667	1.450705	-0.055638 	0.005304
-43.600000	-0.005836	-1.453333	1.447497	-0.055861 	0.005310
-43.500000	-0.005709	-1.450000	1.444291	-0.056083 	0.005316
-43.400000	-0.005581	-1.446667	1.441086	-0.056303 	0.005322
-43.300000	-0.005453	-1.443333	1.437880	-0.056522 	0.005328
-43.200000	-0.005325	-1.440000	1.434675	-0.056739 	0.005334
-43.100000	-0.005195	-1.436667	1.431472	-0.056954 	0.005340
-43.000000	-0.005066	-1.433333	1.428267	-0.057168 	0.005346
-42.900000	-0.004935	-1.430000	1.425065	-0.057379 	0.005352
-42.800000	-0.004804	-1.426667	1.421863	-0.057590 	0.005358
-42.700000	-0.004673	-1.423333	1.418660	-0.057798 	0.005364
-42.600000	-0.004541	-1.420000	1.415459	-0.058005 	0.005370
-42.500000	-0.004408	-1.416667	1.412259	-0.058209 	0.005376
-42.400000	-0.004275	-1.413333	1.409058	-0.058412 	0.005382
-42.300000	-0.004142	-1.410000	1.405858	-0.058614 	0.005388
-42.200000	-0.004007	-1.406667	1.402660	-0.058813 	0.005394
-42.100000	-0.003873	-1.403333	1.399460	-0.059011 	0.005401
-42.000000	-0.003737	-1.400000	1.396263	-0.059206 	0.005407
-41.900000	-0.003602	-1.396667	1.393065	-0.059400 	0.005413
-41.800000	-0.003465	-1.393333	1.389868	-0.059592 	0.005419
-41.700000	-0.003329	-1.390000	1.386671	-0.059782 	0.005425
-41.600000	-0.003191	-1.386667	1.383476	-0.059970 	0.005432
-41.500000	-0.003053	-1.383333	1.380280	-0.060156 	0.005438
-41.400000	-0.002915	-1.380000	1.377085	-0.060340 	0.005444
-41.300000	-0.002776	-1.376667	1.373891	-0.060523 	0.005451
-41.200000	-0.002637	-1.373333	1.370696	-0.060703 	0.005457
-41.100000	-0.002497	-1.370000	1.367503	-0.060881 	0.005463
-41.000000	-0.002357	-1.366667	1.364310	-0.061057 	0.005470
-40.900000	-0.002216	-1.363333	1.361117	-0.061231 	0.005476
-40.800000	-0.002075	-1.360000	1.357925	-0.061403 	0.005483
-40.700000	-0.001933	-1.356667	1.354734	-0.061573 	0.005489
-40.600000	-0.001791	-1.353333	1.351542	-0.061741 	0.005495
-40.500000	-0.001648	-1.350000	1.348352	-0.061907 	0.005502
-40.400000	-0.001505	-1.346667	1.345162	-0.062071 	0.005508
-40.300000	-0.001361	-1.343333	1.341972	-0.062232 	0.005515
-40.200000	-0.001217	-1.340000	1.338783	-0.062392 	0.005522
-40.100000	-0.001072	-1.336667	1.335595	-0.062549 	0.005528
-40.000000	-0.000927	-1.333333	1.332406	-0.062704 	0.005535
-39.900000	-0.000781	-1.330000	1.329219	-0.062857 	0.005541
-39.800000	-0.000635	-1.326667	1.326032	-0.063007 	0.005548
-39.700000	-0.000489	-1.323333	1.322844	-0.063155 	0.005555
-39.600000	-0.000342	-1.320000	1.319658	-0.063301 	0.005561
-39.500000	-0.000195	-1.316667	1.316472	-0.063445 	0.005568
-39.400000	-0.000047	-1.313333	1.313286	-0.063586 	0.005575
-39.300000	0.000101	-1.310000	1.310101	-0.063726 	0.005582
-39.200000	0.000250	-1.306667	1.306917	-0.063862 	0.005588
-39.100000	0.000399	-1.303333	1.303732	-0.063997 	0.005595
-39.000000	0.000548	-1.300000	1.300548	-0.064129 	0.005602
-38.900000	0.000698	-1.296667	1.297365	-0.064258 	0.005609
-38.800000	0.000848	-1.293333	1.294181	-0.064386 	0.005616
-38.700000	0.000999	-1.290000	1.290999	-0.064510 	0.005623
-38.600000	0.001150	-1.286667	1.287817	-0.064633 	0.005630
-38.500000	0.001301	-1.283333	1.284634	-0.064753 	0.005637
-38.400000	0.001453	-1.280000	1.281453	-0.064870 	0.005644
-38.300000	0.001605	-1.276667	1.278272	-0.064985 	0.005651
-38.200000	0.001758	-1.273333	1.275091	-0.065097 	0.005658
-38.100000	0.001911	-1.270000	1.271911	-0.065207 	0.005665
-38.000000	0.002064	-1.266667	1.268731	-0.065314 	0.005672
-37.900000	0.002218	-1.263333	1.265551	-0.065419 	0.005679
-37.800000	0.002372	-1.260000	1.262372	-0.065521 	0.005686
-37.700000	0.002526	-1.256667	1.259193	-0.065620 	0.005693
-37.600000	0.002681	-1.253333	1.256014	-0.065717 	0.005701
-37.500000	0.002836	-1.250000	1.252836	-0.065811 	0.005708
-37.400000	0.002991	-1.246667	1.249658	-0.065903 	0.005715
-37.300000	0.003147	-1.243333	1.246480	-0.065991 	0.005722
-37.200000	0.003303	-1.240000	1.243303	-0.066078 	0.005730
-37.100000	0.003460	-1.236667	1.240127	-0.066161 	0.005737
-37.000000	0.003616	-1.233333	1.236949	-0.066241 	0.005744
-36.900000	0.003773	-1.230000	1.233773	-0.066319 	0.005752
-36.800000	0.003930	-1.226667	1.230597	-0.066394 	0.005759
-36.700000	0.004088	-1.223333	1.227421	-0.066466 	0.005767
-36.600000	0.004246	-1.220000	1.224246	-0.066536 	0.005774
-36.500000	0.004404	-1.216667	1.221071	-0.066602 	0.005782
-36.400000	0.004563	-1.213333	1.217896	-0.066666 	0.005789
-36.300000	0.004721	-1.210000	1.214721	-0.066727 	0.005797
-36.200000	0.004880	-1.206667	1.211547	-0.066785 	0.005804
-36.100000	0.005040	-1.203333	1.208373	-0.066840 	0.005812
-36.000000	0.005199	-1.200000	1.205199	-0.066892 	0.005820
-35.900000	0.005359	-1.196667	1.202026	-0.066941 	0.005827
-35.800000	0.005519	-1.193333	1.198852	-0.066987 	0.005835
-35.700000	0.005679	-1.190000	1.195679	-0.067030 	0.005843
-35.600000	0.005839	-1.186667	1.192506	-0.067070 	0.005850
-35.500000	0.006000	-1.183333	1.189333	-0.067106 	0.005858
-35.400000	0.006161	-1.180000	1.186161	-0.067140 	0.005866
-35.300000	0.006322	-1.176667	1.182989	-0.067171 	0.005874
-35.200000	0.006483	-1.173333	1.179816	-0.067199 	0.005882
-35.100000	0.006645	-1.170000	1.176645	-0.067223 	0.005890
-35.000000	0.006807	-1.166667	1.173474	-0.067244 	0.005898
-34.900000	0.006969	-1.163333	1.170302	-0.067263 	0.005906
-34.800000	0.007131	-1.160000	1.167131	-0.067278 	0.005914
-34.700000	0.007293	-1.156667	1.163960	-0.067289 	0.005922
-34.600000	0.007455	-1.153333	1.160788	-0.067298 	0.005930
-34.500000	0.007618	-1.150000	1.157618	-0.067303 	0.005938
-34.400000	0.007781	-1.146667	1.154448	-0.067305 	0.005946
-34.300000	0.007943	-1.143333	1.151276	-0.067303 	0.005954
-34.200000	0.008106	-1.140000	1.148106	-0.067299 	0.005962
-34.100000	0.008270	-1.136667	1.144937	-0.067291 	0.005971
-34.000000	0.008433	-1.133333	1.141766	-0.067279 	0.005979
-33.900000	0.008596	-1.130000	1.138596	-0.067264 	0.005987
-33.800000	0.008760	-1.126667	1.135427	-0.067246 	0.005996
-33.700000	0.008923	-1.123333	1.132256	-0.067224 	0.006004
-33.600000	0.009087	-1.120000	1.129087	-0.067199 	0.006012
-33.500000	0.009250	-1.116667	1.125917	-0.067170 	0.006021
-33.400000	0.009414	-1.113333	1.122747	-0.067138 	0.006029
-33.300000	0.009578	-1.110000	1.119578	-0.067102 	0.006038
-33.200000	0.009742	-1.106667	1.116409	-0.067062 	0.006047
-33.100000	0.009906	-1.103333	1.113239	-0.067019 	0.006055
-33.000000	0.010070	-1.100000	1.110070	-0.066973 	0.006064
-32.900000	0.010234	-1.096667	1.106901	-0.066922 	0.006072
-32.800000	0.010398	-1.093333	1.103731	-0.066868 	0.006081
-32.700000	0.010562	-1.090000	1.100562	-0.066810 	0.006090
-32.600000	0.010726	-1.086667	1.097393	-0.066749 	0.006099
-32.500000	0.010891	-1.083333	1.094224	-0.066684 	0.006108
-32.400000	0.011055	-1.080000	1.091055	-0.066615 	0.006116
-32.300000	0.011219	-1.076667	1.087886	-0.066542 	0.006125
-32.200000	0.011383	-1.073333	1.084716	-0.066465 	0.006134
-32.100000	0.011547	-1.070000	1.081547	-0.066385 	0.006143
-32.000000	0.011711	-1.066667	1.078378	-0.066300 	0.006152
-31.900000	0.011875	-1.063333	1.075208	-0.066212 	0.006161
-31.800000	0.012039	-1.060000	1.072039	-0.066119 	0.006170
-31.700000	0.012202	-1.056667	1.068869	-0.066023 	0.006180
-31.600000	0.012366	-1.053333	1.065699	-0.065923 	0.006189
-31.500000	0.012530	-1.050000	1.062530	-0.065818 	0.006198
-31.400000	0.012693	-1.046667	1.059360	-0.065710 	0.006207
-31.300000	0.012857	-1.043333	1.056190	-0.065597 	0.006217
-31.200000	0.013020	-1.040000	1.053020	-0.065481 	0.006226
-31.100000	0.013183	-1.036667	1.049850	-0.065360 	0.006235
-31.000000	0.013346	-1.033333	1.046679	-0.065235 	0.006245
-30.900000	0.013509	-1.030000	1.043509	-0.065106 	0.006254
-30.800000	0.013672	-1.026667	1.040339	-0.064972 	0.006264
-30.700000	0.013834	-1.023333	1.037167	-0.064835 	0.006273
-30.600000	0.013996	-1.020000	1.033996	-0.064693 	0.006283
-30.500000	0.014159	-1.016667	1.030826	-0.064547 	0.006293
-30.400000	0.014321	-1.013333	1.027654	-0.064396 	0.006302
-30.300000	0.014482	-1.010000	1.024482	-0.064241 	0.006312
-30.200000	0.014644	-1.006667	1.021311	-0.064082 	0.006322
-30.100000	0.014805	-1.003333	1.018138	-0.063918 	0.006332
-30.000000	0.014966	-1.000000	1.014966	-0.063749 	0.006341
-29.900000	0.015127	-0.996667	1.011794	-0.063576 	0.006351
-29.800000	0.015287	-0.993333	1.008621	-0.063399 	0.006361
-29.700000	0.015448	-0.990000	1.005448	-0.063217 	0.006371
-29.600000	0.015607	-0.986667	1.002274	-0.063031 	0.006382
-29.500000	0.015767	-0.983333	0.999100	-0.062839 	0.006392
-29.400000	0.015926	-0.980000	0.995926	-0.062644 	0.006402
-29.300000	0.016085	-0.976667	0.992752	-0.062443 	0.006412
-29.200000	0.016244	-0.973333	0.989577	-0.062238 	0.006422
-29.100000	0.016402	-0.970000	0.986402	-0.062028 	0.006433
-29.000000	0.016560	-0.966667	0.983227	-0.061813 	0.006443
-28.900000	0.016717	-0.963333	0.980051	-0.061593 	0.006453
-28.800000	0.016875	-0.960000	0.976875	-0.061368 	0.006464
-28.700000	0.017031	-0.956667	0.973698	-0.061139 	0.006474
-28.600000	0.017188	-0.953333	0.970521	-0.060904 	0.006485
-28.500000	0.017343	-0.950000	0.967343	-0.060664 	0.006496
-28.400000	0.017499	-0.946667	0.964166	-0.060420 	0.006506
-28.300000	0.017654	-0.943333	0.960987	-0.060170 	0.006517
-28.200000	0.017808	-0.940000	0.957808	-0.059915 	0.006528
-28.100000	0.017962	-0.936667	0.954629	-0.059655 	0.006539
-28.000000	0.018116	-0.933333	0.951449	-0.059390 	0.006550
-27.900000	0.018269	-0.930000	0.948269	-0.059120 	0.006561
-27.800000	0.018421	-0.926667	0.945088	-0.058844 	0.006572
-27.700000	0.018573	-0.923333	0.941907	-0.058563 	0.006583
-27.600000	0.018725	-0.920000	0.938725	-0.058276 	0.006594
-27.500000	0.018875	-0.916667	0.935542	-0.057985 	0.006605
-27.400000	0.019026	-0.913333	0.932359	-0.057687 	0.006616
-27.300000	0.019175	-0.910000	0.929175	-0.057384 	0.006628
-27.200000	0.019324	-0.906667	0.925991	-0.057076 	0.006639
-27.100000	0.019473	-0.903333	0.922806	-0.056762 	0.006651
-27.000000	0.019621	-0.900000	0.919621	-0.056442 	0.006662
-26.900000	0.019768	-0.896667	0.916434	-0.056117 	0.006674
-26.800000	0.019914	-0.893333	0.913247	-0.055786 	0.006685
-26.700000	0.020060	-0.890000	0.910060	-0.055449 	0.006697
-26.600000	0.020205	-0.886667	0.906872	-0.055106 	0.006709
-26.500000	0.020349	-0.883333	0.903683	-0.054758 	0.006721
-26.400000	0.020493	-0.880000	0.900493	-0.054403 	0.006733
-26.300000	0.020636	-0.876667	0.897302	-0.054043 	0.006744
-26.200000	0.020778	-0.873333	0.894111	-0.053676 	0.006756
-26.100000	0.020919	-0.870000	0.890919	-0.053304 	0.006769
-26.000000	0.021059	-0.866667	0.887726	-0.052925 	0.006781
-25.900000	0.021199	-0.863333	0.884532	-0.052540 	0.006793
-25.800000	0.021338	-0.860000	0.881338	-0.052148 	0.006805
-25.700000	0.021476	-0.856667	0.878142	-0.051751 	0.006818
-25.600000	0.021613	-0.853333	0.874946	-0.051347 	0.006830
-25.500000	0.021749	-0.850000	0.871749	-0.050936 	0.006843
-25.400000	0.021884	-0.846667	0.868551	-0.050519 	0.006855
-25.300000	0.022018	-0.843333	0.865352	-0.050096 	0.006868
-25.200000	0.022151	-0.840000	0.862151	-0.049666 	0.006881
-25.100000	0.022284	-0.836667	0.858951	-0.049229 	0.006893
-25.000000	0.022415	-0.833333	0.855748	-0.048785 	0.006906
-24.900000	0.022545	-0.830000	0.852545	-0.048335 	0.006919
-24.800000	0.022675	-0.826667	0.849341	-0.047878 	0.006932
-24.700000	0.022803	-0.823333	0.846136	-0.047413 	0.006945
-24.600000	0.022930	-0.820000	0.842930	-0.046942 	0.006959
-24.500000	0.023056	-0.816667	0.839723	-0.046464 	0.006972
-24.400000	0.023181	-0.813333	0.836514	-0.045978 	0.006985
-24.300000	0.023304	-0.810000	0.833304	-0.045485 	0.006999
-24.200000	0.023427	-0.806667	0.830094	-0.044985 	0.007012
-24.100000	0.023548	-0.803333	0.826881	-0.044478 	0.007026
-24.000000	0.023668	-0.800000	0.823668	-0.043962 	0.007039
-23.900000	0.023787	-0.796667	0.820454	-0.043440 	0.007053
-23.800000	0.023905	-0.793333	0.817238	-0.042910 	0.007067
-23.700000	0.024021	-0.790000	0.814021	-0.042372 	0.007081
-23.600000	0.024136	-0.786667	0.810802	-0.041826 	0.007095
-23.500000	0.024249	-0.783333	0.807583	-0.041272 	0.007109
-23.400000	0.024361	-0.780000	0.804361	-0.040710 	0.007123
-23.300000	0.024472	-0.776667	0.801139	-0.040140 	0.007138
-23.200000	0.024582	-0.773333	0.797915	-0.039562 	0.007152
-23.100000	0.024689	-0.770000	0.794689	-0.038976 	0.007167
-23.000000	0.024796	-0.766667	0.791462	-0.038381 	0.007181
-22.900000	0.024901	-0.763333	0.788234	-0.037778 	0.007196
-22.800000	0.025004	-0.760000	0.785004	-0.037166 	0.007211
-22.700000	0.025106	-0.756667	0.781772	-0.036546 	0.007226
-22.600000	0.025206	-0.753333	0.778539	-0.035916 	0.007241
-22.500000	0.025304	-0.750000	0.775304	-0.035278 	0.007256
-22.400000	0.025401	-0.746667	0.772068	-0.034631 	0.007271
-22.300000	0.025496	-0.743333	0.768829	-0.033974 	0.007286
-22.200000	0.025589	-0.740000	0.765589	-0.033309 	0.007302
-22.100000	0.025681	-0.736667	0.762348	-0.032633 	0.007317
-22.000000	0.025771	-0.733333	0.759104	-0.031949 	0.007333
-21.900000	0.025859	-0.730000	0.755859	-0.031255 	0.007348
-21.800000	0.025945	-0.726667	0.752612	-0.030551 	0.007364
-21.700000	0.026029	-0.723333	0.749362	-0.029837 	0.007380
-21.600000	0.026111	-0.720000	0.746111	-0.029113 	0.007396
-21.500000	0.026191	-0.716667	0.742858	-0.028379 	0.007412
-21.400000	0.026270	-0.713333	0.739603	-0.027635 	0.007429
-21.300000	0.026346	-0.710000	0.736346	-0.026880 	0.007445
-21.200000	0.026420	-0.706667	0.733087	-0.026115 	0.007462
-21.100000	0.026492	-0.703333	0.729825	-0.025339 	0.007478
-21.000000	0.026562	-0.700000	0.726562	-0.024552 	0.007495
-20.900000	0.026630	-0.696667	0.723296	-0.023754 	0.007512
-20.800000	0.026695	-0.693333	0.720028	-0.022945 	0.007529
-20.700000	0.026758	-0.690000	0.716758	-0.022125 	0.007546
-20.600000	0.026819	-0.686667	0.713486	-0.021293 	0.007564
-20.500000	0.026878	-0.683333	0.710211	-0.020450 	0.007581
-20.400000	0.026934	-0.680000	0.706934	-0.019595 	0.007598
-20.300000	0.026987	-0.676667	0.703654	-0.018729 	0.007616
-20.200000	0.027039	-0.673333	0.700372	-0.017850 	0.007634
-20.100000	0.027087	-0.670000	0.697087	-0.016959 	0.007652
-20.000000	0.027134	-0.666667	0.693800	-0.016055 	0.007670
-19.900000	0.027177	-0.663333	0.690511	-0.015139 	0.007688
-19.800000	0.027218	-0.660000	0.687218	-0.014211 	0.007707
-19.700000	0.027257	-0.656667	0.683924	-0.013270 	0.007725
-19.600000	0.027293	-0.653333	0.680626	-0.012315 	0.007744
-19.500000	0.027326	-0.650000	0.677326	-0.011348 	0.007763
-19.400000	0.027356	-0.646667	0.674023	-0.010367 	0.007782
-19.300000	0.027383	-0.643333	0.670717	-0.009373 	0.007801
-19.200000	0.027408	-0.640000	0.667408	-0.008365 	0.007820
-19.100000	0.027430	-0.636667	0.664096	-0.007343 	0.007840
-19.000000	0.027449	-0.633333	0.660782	-0.006307 	0.007859
-18.900000	0.027465	-0.630000	0.657465	-0.005257 	0.007879
-18.800000	0.027477	-0.626667	0.654144	-0.004193 	0.007899
-18.700000	0.027487	-0.623333	0.650821	-0.003114 	0.007919
-18.600000	0.027494	-0.620000	0.647494	-0.002021 	0.007940
-18.500000	0.027498	-0.616667	0.644165	-0.000913 	0.007960
-18.400000	0.027499	-0.613333	0.640832	0.000210 	0.007981
-18.300000	0.027496	-0.610000	0.637496	0.001348 	0.008002
-18.200000	0.027491	-0.606667	0.634157	0.002502 	0.008023
-18.100000	0.027482	-0.603333	0.630815	0.003671 	0.008044
-18.000000	0.027469	-0.600000	0.627469	0.004856 	0.008065
-17.900000	0.027454	-0.596667	0.624121	0.006057 	0.008087
-17.800000	0.027435	-0.593333	0.620768	0.007273 	0.008109
-17.700000	0.027413	-0.590000	0.617413	0.008506 	0.008131
-17.600000	0.027387	-0.586667	0.614054	0.009756 	0.008153
-17.500000	0.027358	-0.583333	0.610692	0.011021 	0.008175
-17.400000	0.027326	-0.580000	0.607326	0.012304 	0.008198
-17.300000	0.027290	-0.576667	0.603956	0.013604 	0.008221
-17.200000	0.027250	-0.573333	0.600583	0.014921 	0.008244
-17.100000	0.027207	-0.570000	0.597207	0.016255 	0.008267
-17.000000	0.027160	-0.566667	0.593827	0.017607 	0.008291
-16.900000	0.027109	-0.563333	0.590443	0.018976 	0.008314
-16.800000	0.027055	-0.560000	0.587055	0.020364 	0.008338
-16.700000	0.026997	-0.556667	0.583664	0.021769 	0.008362
-16.600000	0.026935	-0.553333	0.580269	0.023193 	0.008387
-16.500000	0.026870	-0.550000	0.576870	0.024635 	0.008412
-16.400000	0.026801	-0.546667	0.573467	0.026097 	0.008437
-16.300000	0.026727	-0.543333	0.570061	0.027577 	0.008462
-16.200000	0.026650	-0.540000	0.566650	0.029076 	0.008487
-16.100000	0.026569	-0.536667	0.563235	0.030595 	0.008513
-16.000000	0.026484	-0.533333	0.559817	0.032134 	0.008539
-15.900000	0.026394	-0.530000	0.556394	0.033692 	0.008565
-15.800000	0.026301	-0.526667	0.552968	0.035271 	0.008591
-15.700000	0.026203	-0.523333	0.549537	0.036870 	0.008618
-15.600000	0.026102	-0.520000	0.546102	0.038489 	0.008645
-15.500000	0.025996	-0.516667	0.542663	0.040130 	0.008673
-15.400000	0.025886	-0.513333	0.539219	0.041791 	0.008700
-15.300000	0.025772	-0.510000	0.535772	0.043474 	0.008728
-15.200000	0.025653	-0.506667	0.532319	0.045178 	0.008757
-15.100000	0.025530	-0.503333	0.528863	0.046904 	0.008785
-15.000000	0.025402	-0.500000	0.525402	0.048653 	0.008814
-14.900000	0.025270	-0.496667	0.521937	0.050424 	0.008843
-14.800000	0.025134	-0.493333	0.518467	0.052217 	0.008873
-14.700000	0.024993	-0.490000	0.514993	0.054034 	0.008903
-14.600000	0.024847	-0.486667	0.511514	0.055873 	0.008933
-14.500000	0.024697	-0.483333	0.508030	0.057737 	0.008963
-14.400000	0.024542	-0.480000	0.504542	0.059624 	0.008994
-14.300000	0.024382	-0.476667	0.501049	0.061535 	0.009026
-14.200000	0.024218	-0.473333	0.497551	0.063471 	0.009057
-14.100000	0.024049	-0.470000	0.494049	0.065431 	0.009089
-14.000000	0.023875	-0.466667	0.490541	0.067417 	0.009122
-13.900000	0.023696	-0.463333	0.487029	0.069428 	0.009155
-13.800000	0.023512	-0.460000	0.483512	0.071465 	0.009188
-13.700000	0.023323	-0.456667	0.479989	0.073528 	0.009221
-13.600000	0.023129	-0.453333	0.476462	0.075617 	0.009256
-13.500000	0.022930	-0.450000	0.472930	0.077733 	0.009290
-13.400000	0.022725	-0.446667	0.469392	0.079877 	0.009325
-13.300000	0.022516	-0.443333	0.465849	0.082047 	0.009360
-13.200000	0.022301	-0.440000	0.462301	0.084246 	0.009396
-13.100000	0.022081	-0.436667	0.458748	0.086473 	0.009433
-13.000000	0.021856	-0.433333	0.455189	0.088728 	0.009469
-12.900000	0.021625	-0.430000	0.451625	0.091013 	0.009507
-12.800000	0.021389	-0.426667	0.448056	0.093327 	0.009544
-12.700000	0.021148	-0.423333	0.444481	0.095670 	0.009583
-12.600000	0.020901	-0.420000	0.440901	0.098044 	0.009622
-12.500000	0.020648	-0.416667	0.437315	0.100449 	0.009661
-12.400000	0.020390	-0.413333	0.433723	0.102884 	0.009701
-12.300000	0.020126	-0.410000	0.430126	0.105351 	0.009741
-12.200000	0.019856	-0.406667	0.426523	0.107850 	0.009782
-12.100000	0.019581	-0.403333	0.422914	0.110381 	0.009824
-12.000000	0.019300	-0.400000	0.419300	0.112945 	0.009866
-11.900000	0.019013	-0.396667	0.415679	0.115542 	0.009909
-11.800000	0.018720	-0.393333	0.412053	0.118173 	0.009953
-11.700000	0.018421	-0.390000	0.408421	0.120838 	0.009997
-11.600000	0.018116	-0.386667	0.404783	0.123537 	0.010042
-11.500000	0.017805	-0.383333	0.401138	0.126272 	0.010087
-11.400000	0.017488	-0.380000	0.397488	0.129043 	0.010133
-11.300000	0.017165	-0.376667	0.393831	0.131849 	0.010180
-11.200000	0.016835	-0.373333	0.390169	0.134692 	0.010228
-11.100000	0.016500	-0.370000	0.386500	0.137572 	0.010276
-11.000000	0.016158	-0.366667	0.382825	0.140490 	0.010326
-10.900000	0.015810	-0.363333	0.379143	0.143446 	0.010376
-10.800000	0.015455	-0.360000	0.375455	0.146440 	0.010426
-10.700000	0.015094	-0.356667	0.371761	0.149474 	0.010478
-10.600000	0.014727	-0.353333	0.368060	0.152547 	0.010531
-10.500000	0.014353	-0.350000	0.364353	0.155660 	0.010584
-10.400000	0.013973	-0.346667	0.360640	0.158814 	0.010638
-10.300000	0.013586	-0.343333	0.356920	0.162010 	0.010694
-10.200000	0.013193	-0.340000	0.353193	0.165247 	0.010750
-10.100000	0.012793	-0.336667	0.349460	0.168526 	0.010807
-10.000000	0.012387	-0.333333	0.345720	0.171848 	0.010866
-9.900000	0.011974	-0.330000	0.341974	0.175213 	0.010925
-9.800000	0.011555	-0.326667	0.338221	0.178622 	0.010985
-9.700000	0.011128	-0.323333	0.334462	0.182075 	0.011047
-9.600000	0.010696	-0.320000	0.330696	0.185572 	0.011110
-9.500000	0.010256	-0.316667	0.326923	0.189115 	0.011174
-9.400000	0.009810	-0.313333	0.323144	0.192703 	0.011239
-9.300000	0.009358	-0.310000	0.319358	0.196336 	0.011305
-9.200000	0.008899	-0.306667	0.315566	0.200017 	0.011373
-9.100000	0.008433	-0.303333	0.311767	0.203743 	0.011442
-9.000000	0.007961	-0.300000	0.307961	0.207517 	0.011512
-8.900000	0.007483	-0.296667	0.304149	0.211338 	0.011584
-8.800000	0.006998	-0.293333	0.300331	0.215206 	0.011658
-8.700000	0.006506	-0.290000	0.296506	0.219123 	0.011733
-8.600000	0.006009	-0.286667	0.292675	0.223087 	0.011809
-8.500000	0.005505	-0.283333	0.288838	0.227100 	0.011887
-8.400000	0.004995	-0.280000	0.284995	0.231161 	0.011967
-8.300000	0.004478	-0.276667	0.281145	0.235272 	0.012049
-8.200000	0.003956	-0.273333	0.277289	0.239431 	0.012133
-8.100000	0.003428	-0.270000	0.273428	0.243640 	0.012218
-8.000000	0.002893	-0.266667	0.269560	0.247898 	0.012305
-7.900000	0.002353	-0.263333	0.265686	0.252206 	0.012395
-7.800000	0.001807	-0.260000	0.261807	0.256564 	0.012486
-7.700000	0.001255	-0.256667	0.257922	0.260973 	0.012580
-7.600000	0.000697	-0.253333	0.254031	0.265433 	0.012676
-7.500000	0.000134	-0.250000	0.250134	0.269943 	0.012774
-7.400000	-0.000435	-0.246667	0.246231	0.274505 	0.012875
-7.300000	-0.001010	-0.243333	0.242323	0.279120 	0.012978
-7.200000	-0.001591	-0.240000	0.238409	0.283788 	0.013084
-7.100000	-0.002177	-0.236667	0.234490	0.288509 	0.013193
-7.000000	-0.002769	-0.233333	0.230565	0.293285 	0.013305
-6.900000	-0.003366	-0.230000	0.226634	0.298117 	0.013420
-6.800000	-0.003970	-0.226667	0.222697	0.303005 	0.013538
-6.700000	-0.004579	-0.223333	0.218755	0.307952 	0.013660
-6.600000	-0.005194	-0.220000	0.214806	0.312958 	0.013785
-6.500000	-0.005815	-0.216667	0.210851	0.318026 	0.013913
-6.400000	-0.006443	-0.213333	0.206891	0.323157 	0.014046
-6.300000	-0.007076	-0.210000	0.202924	0.328353 	0.014182
-6.200000	-0.007717	-0.206667	0.198950	0.333617 	0.014323
-6.100000	-0.008363	-0.203333	0.194970	0.338951 	0.014469
-6.000000	-0.009017	-0.200000	0.190983	0.344357 	0.014619
-5.900000	-0.009678	-0.196667	0.186989	0.349839 	0.014774
-5.800000	-0.010346	-0.193333	0.182988	0.355399 	0.014935
-5.700000	-0.011021	-0.190000	0.178979	0.361039 	0.015101
-5.600000	-0.011704	-0.186667	0.174963	0.366765 	0.015274
-5.500000	-0.012394	-0.183333	0.170939	0.372578 	0.015452
-5.400000	-0.013092	-0.180000	0.166908	0.378482 	0.015638
-5.300000	-0.013799	-0.176667	0.162868	0.384479 	0.015831
-5.200000	-0.014513	-0.173333	0.158820	0.390574 	0.016031
-5.100000	-0.015235	-0.170000	0.154765	0.396769 	0.016240
-5.000000	-0.015966	-0.166667	0.150701	0.403066 	0.016457
-4.900000	-0.016704	-0.163333	0.146629	0.409468 	0.016684
-4.800000	-0.017450	-0.160000	0.142550	0.415977 	0.016921
-4.700000	-0.018204	-0.156667	0.138463	0.422595 	0.017169
-4.600000	-0.018965	-0.153333	0.134368	0.429323 	0.017429
-4.500000	-0.019733	-0.150000	0.130267	0.436161 	0.017701
-4.400000	-0.020508	-0.146667	0.126159	0.443111 	0.017987
-4.300000	-0.021289	-0.143333	0.122044	0.450171 	0.018288
-4.200000	-0.022076	-0.140000	0.117924	0.457342 	0.018604
-4.100000	-0.022867	-0.136667	0.113799	0.464621 	0.018939
-4.000000	-0.023663	-0.133333	0.109670	0.472006 	0.019292
-3.900000	-0.024463	-0.130000	0.105537	0.479493 	0.019666
-3.800000	-0.025265	-0.126667	0.101401	0.487077 	0.020063
-3.700000	-0.026069	-0.123333	0.097264	0.494748 	0.020485
-3.600000	-0.026873	-0.120000	0.093127	0.502493 	0.020935
-3.500000	-0.027675	-0.116667	0.088992	0.510291 	0.021416
-3.400000	-0.028471	-0.113333	0.084862	0.518110 	0.021931
-3.300000	-0.029258	-0.110000	0.080742	0.525899 	0.022484
-3.200000	-0.030030	-0.106667	0.076637	0.533571 	0.023078
-3.100000	-0.030774	-0.103333	0.072559	0.540977 	0.023718
-3.000000	-0.031470	-0.100000	0.068530	0.547833 	0.024405
-2.900000	-0.032083	-0.096667	0.064584	0.553617 	0.025139
-2.800000	-0.032556	-0.093333	0.060777	0.557495 	0.025915
-2.700000	-0.032861	-0.090000	0.057139	0.558816 	0.026727
-2.600000	-0.033143	-0.086667	0.053524	0.559148 	0.027615
-2.500000	-0.033723	-0.083333	0.049611	0.562933 	0.028683
-2.400000	-0.034118	-0.080000	0.045882	0.563335 	0.029826
-2.300000	-0.034579	-0.076667	0.042087	0.563598 	0.031142
-2.200000	-0.035034	-0.073333	0.038300	0.562279 	0.032645
-2.100000	-0.035456	-0.070000	0.034544	0.558271 	0.034374
-2.000000	-0.035850	-0.066667	0.030817	0.550396 	0.036393
-1.900000	-0.036248	-0.063333	0.027085	0.538042 	0.038819
-1.800000	-0.036710	-0.060000	0.023290	0.520833 	0.041863
-1.700000	-0.037584	-0.056667	0.019083	0.487860 	0.046249
-1.600000	-0.040365	-0.053333	0.012968	0.379182 	0.056101
-1.500000	-0.044592	-0.050000	0.005408	0.123000 	0.086879
-1.400000	-0.043811	-0.046667	0.002856	0.000000 	0.000000
-1.300000	-0.040543	-0.043333	0.002790	0.000000 	0.000000
-1.200000	-0.037204	-0.040000	0.002796	0.000000 	0.000000
-1.100000	-0.033871	-0.036667	0.002796	0.000000 	0.000000
-1.000000	-0.030525	-0.033333	0.002808	0.000000 	0.000000
-0.900000	-0.027200	-0.030000	0.002800	0.000000 	0.000000
-0.800000	-0.023866	-0.026667	0.002801	0.000000 	0.000000
-0.700000	-0.020532	-0.023333	0.002801	0.000000 	0.000000
-0.600000	-0.017202	-0.020000	0.002798	0.000000 	0.000000
-0.500000	-0.013864	-0.016667	0.002803	0.000000 	0.000000
-0.400000	-0.010538	-0.013333	0.002795	0.000000 	0.000000
-0.300000	-0.007203	-0.010000	0.002797	0.000000 	0.000000
-0.200000	-0.003876	-0.006667	0.002790	0.000000 	0.000000
-0.100000	-0.000544	-0.003333	0.002789	0.000000 	0.000000
0.000000	0.002786	0.000000	0.002786	0.000000 	0.000000
0.100000	0.006106	0.003333	0.002773	0.000000 	0.000000
0.200000	0.009437	0.006667	0.002771	0.000000 	0.000000
0.300000	0.012769	0.010000	0.002769	0.000000 	0.000000
0.400000	0.016100	0.013333	0.002766	0.000000 	0.000000
0.500000	0.019422	0.016667	0.002755	0.000000 	0.000000
0.600000	0.022743	0.020000	0.002743	0.000000 	0.000000
0.700000	0.026065	0.023333	0.002731	0.000000 	0.000000
0.800000	0.029396	0.026667	0.002730	0.000000 	0.000000
0.900000	0.032724	0.030000	0.002724	0.000000 	0.000000
1.000000	0.036046	0.033333	0.002713	0.000000 	0.000000
1.100000	0.039370	0.036667	0.002703	0.000000 	0.000000
1.200000	0.042694	0.040000	0.002694	0.000000 	0.000000
1.300000	0.046021	0.043333	0.002688	0.000000 	0.000000
1.400000	0.049345	0.046667	0.002679	0.000000 	0.000000
1.500000	0.052662	0.050000	0.002662	0.000000 	0.000000
1.600000	0.055987	0.053333	0.002654	0.000000 	0.000000
1.700000	0.059309	0.056667	0.002643	0.000000 	0.000000
1.800000	0.062641	0.060000	0.002641	0.000000 	0.000000
1.900000	0.065948	0.063333	0.002615	0.000000 	0.000000
2.000000	0.069287	0.066667	0.002620	0.000000 	0.000000
2.100000	0.072592	0.070000	0.002592	0.000000 	0.000000
2.200000	0.075920	0.073333	0.002587	0.000000 	0.000000
2.300000	0.079258	0.076667	0.002591	0.000000 	0.000000
2.400000	0.082529	0.080000	0.002529	0.000000 	0.000000
2.500000	0.085939	0.083333	0.002606	0.000000 	0.000000
2.600000	0.089135	0.086667	0.002469	0.000000 	0.000000
2.700000	0.092518	0.090000	0.002518	0.000000 	0.000000
2.800000	0.095877	0.093333	0.002544	0.000000 	0.000000
2.900000	0.098752	0.096667	0.002086	0.000000 	0.000000
3.000000	0.100000	0.100000	0.000000	0.000000 	0.000000
3.100000	0.103333	0.103333	0.000000	0.000000 	0.000000
3.200000	0.106667	0.106667	0.000000	0.000000 	0.000000
3.300000	0.110000	0.110000	0.000000	0.000000 	0.000000
3.400000	0.113333	0.113333	0.000000	0.000000 	0.000000
3.500000	0.116667	0.116667	0.000000	0.000000 	0.000000
3.600000	0.120000	0.120000	0.000000	0.000000 	0.000000
3.700000	0.123333	0.123333	0.000000	0.000000 	0.000000
3.800000	0.126667	0.126667	0.000000	0.000000 	0.000000
3.900000	0.130000	0.130000	0.000000	0.000000 	0.000000
4.000000	0.133333	0.133333	0.000000	0.000000 	0.000000
4.100000	0.136667	0.136667	0.000000	0.000000 	0.000000
4.200000	0.140000	0.140000	0.000000	0.000000 	0.000000
4.300000	0.143333	0.143333	0.000000	0.000000 	0.000000
4.400000	0.146667	0.146667	0.000000	0.000000 	0.000000
4.500000	0.150000	0.150000	0.000000	0.000000 	0.000000
4.600000	0.153333	0.153333	0.000000	0.000000 	0.000000
4.700000	0.156667	0.156667	0.000000	0.000000 	0.000000
4.800000	0.160000	0.160000	0.000000	0.000000 	0.000000
4.900000	0.163333	0.163333	0.000000	0.000000 	0.000000
5.000000	0.166667	0.166667	0.000000	0.000000 	0.000000
5.100000	0.170000	0.170000	0.000000	0.000000 	0.000000
5.200000	0.173333	0.173333	0.000000	0.000000 	0.000000
5.300000	0.176667	0.176667	0.000000	0.000000 	0.000000
5.400000	0.180000	0.180000	0.000000	0.000000 	0.000000
5.500000	0.183333	0.183333	0.000000	0.000000 	0.000000
5.600000	0.186667	0.186667	0.000000	0.000000 	0.000000
5.700000	0.190000	0.190000	0.000000	0.000000 	0.000000
5.800000	0.193333	0.193333	0.000000	0.000000 	0.000000
5.900000	0.196667	0.196667	0.000000	0.000000 	0.000000
6.000000	0.200000	0.200000	0.000000	0.000000 	0.000000
6.100000	0.203333	0.203333	0.000000	0.000000 	0.000000
6.200000	0.206667	0.206667	0.000000	0.000000 	0.000000
6.300000	0.210000	0.210000	0.000000	0.000000 	0.000000
6.400000	0.213333	0.213333	0.000000	0.000000 	0.000000
6.500000	0.216667	0.216667	0.000000	0.000000 	0.000000
6.600000	0.220000	0.220000	0.000000	0.000000 	0.000000
6.700000	0.223333	0.223333	0.000000	0.000000 	0.000000
6.800000	0.226667	0.226667	0.000000	0.000000 	0.000000
6.900000	0.230000	0.230000	0.000000	0.000000 	0.000000
7.000000	0.233333	0.233333	0.000000	0.000000 	0.000000
7.100000	0.236667	0.236667	0.000000	0.000000 	0.000000
7.200000	0.240000	0.240000	0.000000	0.000000 	0.000000
7.300000	0.243333	0.243333	0.000000	0.000000 	0.000000
7.400000	0.246667	0.246667	0.000000	0.000000 	0.000000
7.500000	0.250000	0.250000	0.000000	0.000000 	0.000000
7.600000	0.253333	0.253333	0.000000	0.000000 	0.000000
7.700000	0.256667	0.256667	0.000000	0.000000 	0.000000
7.800000	0.260000	0.260000	0.000000	0.000000 	0.000000
7.900000	0.263333	0.263333	0.000000	0.000000 	0.000000
8.000000	0.266667	0.266667	0.000000	0.000000 	0.000000
8.100000	0.270000	0.270000	0.000000	0.000000 	0.000000
8.200000	0.273333	0.273333	0.000000	0.000000 	0.000000
8.300000	0.276667	0.276667	0.000000	0.000000 	0.000000
8.400000	0.280000	0.280000	0.000000	0.000000 	0.000000
8.500000	0.283333	0.283333	0.000000	0.000000 	0.000000
8.600000	0.286667	0.286667	0.000000	0.000000 	0.000000
8.700000	0.290000	0.290000	0.000000	0.000000 	0.000000
8.800000	0.293333	0.293333	0.000000	0.000000 	0.000000
8.900000	0.296667	0.296667	0.000000	0.000000 	0.000000
9.000000	0.300000	0.300000	0.000000	0.000000 	0.000000
9.100000	0.303333	0.303333	0.000000	0.000000 	0.000000
9.200000	0.306667	0.306667	0.000000	0.000000 	0.000000
9.300000	0.310000	0.310000	0.000000	0.000000 	0.000000
9.400000	0.313333	0.313333	0.000000	0.000000 	0.000000
9.500000	0.316667	0.316667	0.000000	0.000000 	0.000000
9.600000	0.320000	0.320000	0.000000	0.000000 	0.000000
9.700000	0.323333	0.323333	0.000000	0.000000 	0.000000
9.800000	0.326667	0.326667	0.000000	0.000000 	0.000000
9.900000	0.330000	0.330000	0.000000	0.000000 	0.000000
