VARIABLES = X,Ksi,B,H,U,tau 
ZONE T="Time 35.000000", I=1100, DATAPACKING=POINT
-100.000000	0.012486	-3.333333	3.345819	-0.026915 	0.003493
-99.900000	0.004704	-3.330000	3.334704	-0.013805 	0.003499
-99.800000	0.007862	-3.326667	3.334529	-0.019445 	0.003499
-99.700000	0.006364	-3.323333	3.329697	-0.017100 	0.003501
-99.600000	0.006849	-3.320000	3.326849	-0.018155 	0.003503
-99.500000	0.006489	-3.316667	3.323156	-0.017762 	0.003505
-99.400000	0.006489	-3.313333	3.319822	-0.017985 	0.003506
-99.300000	0.006335	-3.310000	3.316335	-0.017945 	0.003508
-99.200000	0.006246	-3.306667	3.312913	-0.018017 	0.003510
-99.100000	0.006130	-3.303333	3.309463	-0.018041 	0.003512
-99.000000	0.006025	-3.300000	3.306025	-0.018084 	0.003514
-98.900000	0.005914	-3.296667	3.302581	-0.018119 	0.003516
-98.800000	0.005806	-3.293333	3.299139	-0.018157 	0.003517
-98.700000	0.005696	-3.290000	3.295696	-0.018194 	0.003519
-98.600000	0.005587	-3.286667	3.292254	-0.018231 	0.003521
-98.500000	0.005477	-3.283333	3.288810	-0.018267 	0.003523
-98.400000	0.005368	-3.280000	3.285368	-0.018303 	0.003525
-98.300000	0.005258	-3.276667	3.281925	-0.018338 	0.003527
-98.200000	0.005148	-3.273333	3.278481	-0.018374 	0.003528
-98.100000	0.005037	-3.270000	3.275037	-0.018409 	0.003530
-98.000000	0.004927	-3.266667	3.271594	-0.018443 	0.003532
-97.900000	0.004816	-3.263333	3.268149	-0.018478 	0.003534
-97.800000	0.004705	-3.260000	3.264705	-0.018512 	0.003536
-97.700000	0.004594	-3.256667	3.261261	-0.018546 	0.003538
-97.600000	0.004483	-3.253333	3.257816	-0.018579 	0.003540
-97.500000	0.004372	-3.250000	3.254372	-0.018612 	0.003541
-97.400000	0.004260	-3.246667	3.250927	-0.018645 	0.003543
-97.300000	0.004148	-3.243333	3.247481	-0.018677 	0.003545
-97.200000	0.004036	-3.240000	3.244036	-0.018709 	0.003547
-97.100000	0.003924	-3.236667	3.240591	-0.018741 	0.003549
-97.000000	0.003812	-3.233333	3.237145	-0.018772 	0.003551
-96.900000	0.003700	-3.230000	3.233700	-0.018804 	0.003553
-96.800000	0.003587	-3.226667	3.230254	-0.018834 	0.003555
-96.700000	0.003475	-3.223333	3.226808	-0.018865 	0.003557
-96.600000	0.003362	-3.220000	3.223362	-0.018895 	0.003558
-96.500000	0.003249	-3.216667	3.219916	-0.018925 	0.003560
-96.400000	0.003136	-3.213333	3.216469	-0.018954 	0.003562
-96.300000	0.003023	-3.210000	3.213023	-0.018983 	0.003564
-96.200000	0.002909	-3.206667	3.209576	-0.019012 	0.003566
-96.100000	0.002796	-3.203333	3.206129	-0.019041 	0.003568
-96.000000	0.002682	-3.200000	3.202682	-0.019069 	0.003570
-95.900000	0.002569	-3.196667	3.199236	-0.019096 	0.003572
-95.800000	0.002455	-3.193333	3.195788	-0.019124 	0.003574
-95.700000	0.002341	-3.190000	3.192341	-0.019151 	0.003576
-95.600000	0.002227	-3.186667	3.188894	-0.019177 	0.003578
-95.500000	0.002112	-3.183333	3.185445	-0.019204 	0.003580
-95.400000	0.001998	-3.180000	3.181998	-0.019230 	0.003582
-95.300000	0.001884	-3.176667	3.178551	-0.019255 	0.003583
-95.200000	0.001769	-3.173333	3.175102	-0.019281 	0.003585
-95.100000	0.001654	-3.170000	3.171654	-0.019306 	0.003587
-95.000000	0.001540	-3.166667	3.168207	-0.019330 	0.003589
-94.900000	0.001425	-3.163333	3.164758	-0.019354 	0.003591
-94.800000	0.001310	-3.160000	3.161310	-0.019378 	0.003593
-94.700000	0.001195	-3.156667	3.157862	-0.019402 	0.003595
-94.600000	0.001080	-3.153333	3.154413	-0.019425 	0.003597
-94.500000	0.000964	-3.150000	3.150964	-0.019447 	0.003599
-94.400000	0.000849	-3.146667	3.147516	-0.019470 	0.003601
-94.300000	0.000734	-3.143333	3.144067	-0.019492 	0.003603
-94.200000	0.000618	-3.140000	3.140618	-0.019513 	0.003605
-94.100000	0.000502	-3.136667	3.137169	-0.019535 	0.003607
-94.000000	0.000387	-3.133333	3.133720	-0.019555 	0.003609
-93.900000	0.000271	-3.130000	3.130271	-0.019576 	0.003611
-93.800000	0.000155	-3.126667	3.126822	-0.019596 	0.003613
-93.700000	0.000039	-3.123333	3.123372	-0.019616 	0.003615
-93.600000	-0.000077	-3.120000	3.119923	-0.019635 	0.003617
-93.500000	-0.000193	-3.116667	3.116474	-0.019654 	0.003619
-93.400000	-0.000309	-3.113333	3.113024	-0.019673 	0.003621
-93.300000	-0.000425	-3.110000	3.109575	-0.019691 	0.003623
-93.200000	-0.000542	-3.106667	3.106125	-0.019708 	0.003625
-93.100000	-0.000658	-3.103333	3.102675	-0.019726 	0.003627
-93.000000	-0.000774	-3.100000	3.099226	-0.019743 	0.003629
-92.900000	-0.000891	-3.096667	3.095776	-0.019759 	0.003631
-92.800000	-0.001007	-3.093333	3.092326	-0.019776 	0.003633
-92.700000	-0.001124	-3.090000	3.088876	-0.019791 	0.003635
-92.600000	-0.001240	-3.086667	3.085427	-0.019807 	0.003637
-92.500000	-0.001357	-3.083333	3.081976	-0.019822 	0.003639
-92.400000	-0.001473	-3.080000	3.078527	-0.019836 	0.003641
-92.300000	-0.001590	-3.076667	3.075077	-0.019850 	0.003643
-92.200000	-0.001707	-3.073333	3.071626	-0.019864 	0.003645
-92.100000	-0.001824	-3.070000	3.068176	-0.019877 	0.003647
-92.000000	-0.001940	-3.066667	3.064727	-0.019890 	0.003649
-91.900000	-0.002057	-3.063333	3.061276	-0.019903 	0.003651
-91.800000	-0.002174	-3.060000	3.057826	-0.019915 	0.003654
-91.700000	-0.002291	-3.056667	3.054376	-0.019927 	0.003656
-91.600000	-0.002408	-3.053333	3.050925	-0.019938 	0.003658
-91.500000	-0.002525	-3.050000	3.047475	-0.019949 	0.003660
-91.400000	-0.002642	-3.046667	3.044025	-0.019959 	0.003662
-91.300000	-0.002758	-3.043333	3.040575	-0.019969 	0.003664
-91.200000	-0.002875	-3.040000	3.037125	-0.019978 	0.003666
-91.100000	-0.002992	-3.036667	3.033675	-0.019988 	0.003668
-91.000000	-0.003109	-3.033333	3.030224	-0.019996 	0.003670
-90.900000	-0.003226	-3.030000	3.026774	-0.020004 	0.003672
-90.800000	-0.003343	-3.026667	3.023324	-0.020012 	0.003674
-90.700000	-0.003460	-3.023333	3.019873	-0.020020 	0.003676
-90.600000	-0.003577	-3.020000	3.016423	-0.020027 	0.003679
-90.500000	-0.003694	-3.016667	3.012973	-0.020033 	0.003681
-90.400000	-0.003811	-3.013333	3.009522	-0.020039 	0.003683
-90.300000	-0.003928	-3.010000	3.006072	-0.020045 	0.003685
-90.200000	-0.004045	-3.006667	3.002622	-0.020050 	0.003687
-90.100000	-0.004161	-3.003333	2.999172	-0.020054 	0.003689
-90.000000	-0.004278	-3.000000	2.995722	-0.020059 	0.003691
-89.900000	-0.004395	-2.996667	2.992272	-0.020062 	0.003693
-89.800000	-0.004512	-2.993333	2.988821	-0.020066 	0.003695
-89.700000	-0.004629	-2.990000	2.985371	-0.020069 	0.003698
-89.600000	-0.004745	-2.986667	2.981922	-0.020071 	0.003700
-89.500000	-0.004862	-2.983333	2.978471	-0.020073 	0.003702
-89.400000	-0.004979	-2.980000	2.975021	-0.020075 	0.003704
-89.300000	-0.005095	-2.976667	2.971572	-0.020076 	0.003706
-89.200000	-0.005212	-2.973333	2.968121	-0.020076 	0.003708
-89.100000	-0.005328	-2.970000	2.964672	-0.020076 	0.003710
-89.000000	-0.005445	-2.966667	2.961222	-0.020076 	0.003713
-88.900000	-0.005561	-2.963333	2.957772	-0.020075 	0.003715
-88.800000	-0.005677	-2.960000	2.954323	-0.020074 	0.003717
-88.700000	-0.005793	-2.956667	2.950874	-0.020072 	0.003719
-88.600000	-0.005910	-2.953333	2.947423	-0.020070 	0.003721
-88.500000	-0.006026	-2.950000	2.943974	-0.020067 	0.003723
-88.400000	-0.006142	-2.946667	2.940525	-0.020064 	0.003726
-88.300000	-0.006258	-2.943333	2.937075	-0.020060 	0.003728
-88.200000	-0.006374	-2.940000	2.933626	-0.020056 	0.003730
-88.100000	-0.006490	-2.936667	2.930177	-0.020051 	0.003732
-88.000000	-0.006605	-2.933333	2.926728	-0.020046 	0.003734
-87.900000	-0.006721	-2.930000	2.923279	-0.020040 	0.003737
-87.800000	-0.006837	-2.926667	2.919830	-0.020034 	0.003739
-87.700000	-0.006952	-2.923333	2.916381	-0.020027 	0.003741
-87.600000	-0.007067	-2.920000	2.912933	-0.020020 	0.003743
-87.500000	-0.007183	-2.916667	2.909484	-0.020012 	0.003745
-87.400000	-0.007298	-2.913333	2.906035	-0.020004 	0.003748
-87.300000	-0.007413	-2.910000	2.902587	-0.019996 	0.003750
-87.200000	-0.007528	-2.906667	2.899139	-0.019986 	0.003752
-87.100000	-0.007643	-2.903333	2.895690	-0.019977 	0.003754
-87.000000	-0.007758	-2.900000	2.892242	-0.019967 	0.003757
-86.900000	-0.007872	-2.896667	2.888795	-0.019956 	0.003759
-86.800000	-0.007987	-2.893333	2.885346	-0.019945 	0.003761
-86.700000	-0.008101	-2.890000	2.881899	-0.019933 	0.003763
-86.600000	-0.008216	-2.886667	2.878451	-0.019921 	0.003766
-86.500000	-0.008330	-2.883333	2.875003	-0.019908 	0.003768
-86.400000	-0.008444	-2.880000	2.871556	-0.019895 	0.003770
-86.300000	-0.008558	-2.876667	2.868109	-0.019881 	0.003772
-86.200000	-0.008672	-2.873333	2.864661	-0.019867 	0.003775
-86.100000	-0.008785	-2.870000	2.861215	-0.019852 	0.003777
-86.000000	-0.008899	-2.866667	2.857768	-0.019837 	0.003779
-85.900000	-0.009012	-2.863333	2.854321	-0.019821 	0.003782
-85.800000	-0.009126	-2.860000	2.850874	-0.019805 	0.003784
-85.700000	-0.009239	-2.856667	2.847428	-0.019788 	0.003786
-85.600000	-0.009352	-2.853333	2.843981	-0.019770 	0.003788
-85.500000	-0.009464	-2.850000	2.840536	-0.019752 	0.003791
-85.400000	-0.009577	-2.846667	2.837090	-0.019734 	0.003793
-85.300000	-0.009690	-2.843333	2.833643	-0.019715 	0.003795
-85.200000	-0.009802	-2.840000	2.830198	-0.019695 	0.003798
-85.100000	-0.009914	-2.836667	2.826753	-0.019675 	0.003800
-85.000000	-0.010026	-2.833333	2.823307	-0.019654 	0.003802
-84.900000	-0.010138	-2.830000	2.819862	-0.019633 	0.003805
-84.800000	-0.010249	-2.826667	2.816418	-0.019611 	0.003807
-84.700000	-0.010361	-2.823333	2.812972	-0.019589 	0.003809
-84.600000	-0.010472	-2.820000	2.809528	-0.019566 	0.003812
-84.500000	-0.010583	-2.816667	2.806084	-0.019543 	0.003814
-84.400000	-0.010694	-2.813333	2.802639	-0.019519 	0.003816
-84.300000	-0.010805	-2.810000	2.799195	-0.019495 	0.003819
-84.200000	-0.010915	-2.806667	2.795752	-0.019470 	0.003821
-84.100000	-0.011026	-2.803333	2.792307	-0.019444 	0.003823
-84.000000	-0.011136	-2.800000	2.788864	-0.019418 	0.003826
-83.900000	-0.011246	-2.796667	2.785421	-0.019391 	0.003828
-83.800000	-0.011355	-2.793333	2.781978	-0.019364 	0.003830
-83.700000	-0.011465	-2.790000	2.778535	-0.019336 	0.003833
-83.600000	-0.011574	-2.786667	2.775093	-0.019308 	0.003835
-83.500000	-0.011683	-2.783333	2.771650	-0.019279 	0.003837
-83.400000	-0.011792	-2.780000	2.768208	-0.019249 	0.003840
-83.300000	-0.011901	-2.776667	2.764766	-0.019219 	0.003842
-83.200000	-0.012009	-2.773333	2.761324	-0.019189 	0.003845
-83.100000	-0.012117	-2.770000	2.757883	-0.019158 	0.003847
-83.000000	-0.012225	-2.766667	2.754442	-0.019126 	0.003849
-82.900000	-0.012333	-2.763333	2.751000	-0.019093 	0.003852
-82.800000	-0.012441	-2.760000	2.747559	-0.019061 	0.003854
-82.700000	-0.012548	-2.756667	2.744119	-0.019027 	0.003857
-82.600000	-0.012655	-2.753333	2.740678	-0.018993 	0.003859
-82.500000	-0.012761	-2.750000	2.737239	-0.018958 	0.003862
-82.400000	-0.012868	-2.746667	2.733799	-0.018923 	0.003864
-82.300000	-0.012974	-2.743333	2.730359	-0.018887 	0.003866
-82.200000	-0.013080	-2.740000	2.726920	-0.018851 	0.003869
-82.100000	-0.013186	-2.736667	2.723481	-0.018814 	0.003871
-82.000000	-0.013291	-2.733333	2.720042	-0.018777 	0.003874
-81.900000	-0.013397	-2.730000	2.716603	-0.018738 	0.003876
-81.800000	-0.013502	-2.726667	2.713165	-0.018700 	0.003879
-81.700000	-0.013606	-2.723333	2.709727	-0.018660 	0.003881
-81.600000	-0.013711	-2.720000	2.706289	-0.018621 	0.003884
-81.500000	-0.013815	-2.716667	2.702852	-0.018580 	0.003886
-81.400000	-0.013919	-2.713333	2.699414	-0.018539 	0.003889
-81.300000	-0.014022	-2.710000	2.695978	-0.018497 	0.003891
-81.200000	-0.014125	-2.706667	2.692542	-0.018455 	0.003893
-81.100000	-0.014228	-2.703333	2.689105	-0.018412 	0.003896
-81.000000	-0.014331	-2.700000	2.685669	-0.018369 	0.003898
-80.900000	-0.014433	-2.696667	2.682234	-0.018325 	0.003901
-80.800000	-0.014535	-2.693333	2.678798	-0.018280 	0.003903
-80.700000	-0.014637	-2.690000	2.675363	-0.018235 	0.003906
-80.600000	-0.014739	-2.686667	2.671928	-0.018189 	0.003908
-80.500000	-0.014840	-2.683333	2.668493	-0.018143 	0.003911
-80.400000	-0.014941	-2.680000	2.665059	-0.018096 	0.003913
-80.300000	-0.015041	-2.676667	2.661626	-0.018048 	0.003916
-80.200000	-0.015141	-2.673333	2.658192	-0.018000 	0.003919
-80.100000	-0.015241	-2.670000	2.654759	-0.017951 	0.003921
-80.000000	-0.015341	-2.666667	2.651326	-0.017902 	0.003924
-79.900000	-0.015440	-2.663333	2.647893	-0.017852 	0.003926
-79.800000	-0.015539	-2.660000	2.644461	-0.017801 	0.003929
-79.700000	-0.015638	-2.656667	2.641029	-0.017750 	0.003931
-79.600000	-0.015736	-2.653333	2.637597	-0.017698 	0.003934
-79.500000	-0.015834	-2.650000	2.634166	-0.017645 	0.003936
-79.400000	-0.015931	-2.646667	2.630736	-0.017592 	0.003939
-79.300000	-0.016028	-2.643333	2.627305	-0.017539 	0.003942
-79.200000	-0.016125	-2.640000	2.623875	-0.017484 	0.003944
-79.100000	-0.016222	-2.636667	2.620445	-0.017429 	0.003947
-79.000000	-0.016318	-2.633333	2.617015	-0.017374 	0.003949
-78.900000	-0.016414	-2.630000	2.613586	-0.017318 	0.003952
-78.800000	-0.016509	-2.626667	2.610158	-0.017261 	0.003954
-78.700000	-0.016604	-2.623333	2.606729	-0.017203 	0.003957
-78.600000	-0.016699	-2.620000	2.603301	-0.017145 	0.003960
-78.500000	-0.016793	-2.616667	2.599874	-0.017087 	0.003962
-78.400000	-0.016887	-2.613333	2.596446	-0.017028 	0.003965
-78.300000	-0.016980	-2.610000	2.593020	-0.016968 	0.003967
-78.200000	-0.017074	-2.606667	2.589593	-0.016907 	0.003970
-78.100000	-0.017166	-2.603333	2.586167	-0.016846 	0.003973
-78.000000	-0.017259	-2.600000	2.582741	-0.016784 	0.003975
-77.900000	-0.017351	-2.596667	2.579316	-0.016722 	0.003978
-77.800000	-0.017442	-2.593333	2.575891	-0.016659 	0.003981
-77.700000	-0.017534	-2.590000	2.572466	-0.016595 	0.003983
-77.600000	-0.017624	-2.586667	2.569043	-0.016531 	0.003986
-77.500000	-0.017715	-2.583333	2.565618	-0.016466 	0.003989
-77.400000	-0.017805	-2.580000	2.562195	-0.016401 	0.003991
-77.300000	-0.017894	-2.576667	2.558773	-0.016334 	0.003994
-77.200000	-0.017983	-2.573333	2.555350	-0.016268 	0.003997
-77.100000	-0.018072	-2.570000	2.551928	-0.016200 	0.003999
-77.000000	-0.018160	-2.566667	2.548507	-0.016132 	0.004002
-76.900000	-0.018248	-2.563333	2.545085	-0.016064 	0.004005
-76.800000	-0.018336	-2.560000	2.541664	-0.015994 	0.004007
-76.700000	-0.018423	-2.556667	2.538244	-0.015924 	0.004010
-76.600000	-0.018509	-2.553333	2.534824	-0.015854 	0.004013
-76.500000	-0.018596	-2.550000	2.531404	-0.015783 	0.004015
-76.400000	-0.018681	-2.546667	2.527986	-0.015711 	0.004018
-76.300000	-0.018767	-2.543333	2.524566	-0.015638 	0.004021
-76.200000	-0.018851	-2.540000	2.521149	-0.015565 	0.004024
-76.100000	-0.018936	-2.536667	2.517731	-0.015492 	0.004026
-76.000000	-0.019020	-2.533333	2.514313	-0.015417 	0.004029
-75.900000	-0.019103	-2.530000	2.510897	-0.015342 	0.004032
-75.800000	-0.019186	-2.526667	2.507481	-0.015267 	0.004035
-75.700000	-0.019269	-2.523333	2.504064	-0.015190 	0.004037
-75.600000	-0.019351	-2.520000	2.500649	-0.015114 	0.004040
-75.500000	-0.019432	-2.516667	2.497235	-0.015036 	0.004043
-75.400000	-0.019514	-2.513333	2.493819	-0.014958 	0.004046
-75.300000	-0.019594	-2.510000	2.490406	-0.014879 	0.004048
-75.200000	-0.019674	-2.506667	2.486993	-0.014800 	0.004051
-75.100000	-0.019754	-2.503333	2.483579	-0.014720 	0.004054
-75.000000	-0.019833	-2.500000	2.480167	-0.014639 	0.004057
-74.900000	-0.019912	-2.496667	2.476755	-0.014558 	0.004060
-74.800000	-0.019990	-2.493333	2.473343	-0.014476 	0.004062
-74.700000	-0.020068	-2.490000	2.469932	-0.014393 	0.004065
-74.600000	-0.020145	-2.486667	2.466522	-0.014310 	0.004068
-74.500000	-0.020222	-2.483333	2.463111	-0.014226 	0.004071
-74.400000	-0.020298	-2.480000	2.459702	-0.014141 	0.004074
-74.300000	-0.020374	-2.476667	2.456293	-0.014056 	0.004076
-74.200000	-0.020449	-2.473333	2.452884	-0.013970 	0.004079
-74.100000	-0.020524	-2.470000	2.449476	-0.013884 	0.004082
-74.000000	-0.020598	-2.466667	2.446069	-0.013797 	0.004085
-73.900000	-0.020672	-2.463333	2.442661	-0.013709 	0.004088
-73.800000	-0.020745	-2.460000	2.439255	-0.013621 	0.004091
-73.700000	-0.020818	-2.456667	2.435849	-0.013532 	0.004093
-73.600000	-0.020890	-2.453333	2.432443	-0.013442 	0.004096
-73.500000	-0.020962	-2.450000	2.429038	-0.013352 	0.004099
-73.400000	-0.021033	-2.446667	2.425634	-0.013261 	0.004102
-73.300000	-0.021103	-2.443333	2.422230	-0.013169 	0.004105
-73.200000	-0.021173	-2.440000	2.418827	-0.013077 	0.004108
-73.100000	-0.021243	-2.436667	2.415424	-0.012984 	0.004111
-73.000000	-0.021311	-2.433333	2.412022	-0.012891 	0.004114
-72.900000	-0.021380	-2.430000	2.408620	-0.012797 	0.004117
-72.800000	-0.021448	-2.426667	2.405219	-0.012702 	0.004119
-72.700000	-0.021515	-2.423333	2.401818	-0.012607 	0.004122
-72.600000	-0.021581	-2.420000	2.398419	-0.012511 	0.004125
-72.500000	-0.021648	-2.416667	2.395019	-0.012414 	0.004128
-72.400000	-0.021713	-2.413333	2.391620	-0.012317 	0.004131
-72.300000	-0.021778	-2.410000	2.388222	-0.012219 	0.004134
-72.200000	-0.021843	-2.406667	2.384824	-0.012120 	0.004137
-72.100000	-0.021906	-2.403333	2.381427	-0.012021 	0.004140
-72.000000	-0.021970	-2.400000	2.378030	-0.011921 	0.004143
-71.900000	-0.022032	-2.396667	2.374635	-0.011821 	0.004146
-71.800000	-0.022094	-2.393333	2.371239	-0.011720 	0.004149
-71.700000	-0.022156	-2.390000	2.367844	-0.011618 	0.004152
-71.600000	-0.022217	-2.386667	2.364450	-0.011515 	0.004155
-71.500000	-0.022277	-2.383333	2.361056	-0.011412 	0.004158
-71.400000	-0.022337	-2.380000	2.357663	-0.011309 	0.004161
-71.300000	-0.022396	-2.376667	2.354271	-0.011205 	0.004164
-71.200000	-0.022455	-2.373333	2.350878	-0.011100 	0.004167
-71.100000	-0.022513	-2.370000	2.347487	-0.010994 	0.004170
-71.000000	-0.022570	-2.366667	2.344097	-0.010888 	0.004173
-70.900000	-0.022627	-2.363333	2.340706	-0.010781 	0.004176
-70.800000	-0.022683	-2.360000	2.337317	-0.010674 	0.004179
-70.700000	-0.022738	-2.356667	2.333929	-0.010566 	0.004182
-70.600000	-0.022793	-2.353333	2.330540	-0.010457 	0.004185
-70.500000	-0.022848	-2.350000	2.327152	-0.010348 	0.004188
-70.400000	-0.022901	-2.346667	2.323766	-0.010238 	0.004191
-70.300000	-0.022954	-2.343333	2.320379	-0.010127 	0.004194
-70.200000	-0.023007	-2.340000	2.316993	-0.010016 	0.004197
-70.100000	-0.023059	-2.336667	2.313608	-0.009904 	0.004200
-70.000000	-0.023110	-2.333333	2.310223	-0.009792 	0.004203
-69.900000	-0.023160	-2.330000	2.306840	-0.009679 	0.004206
-69.800000	-0.023210	-2.326667	2.303457	-0.009565 	0.004209
-69.700000	-0.023259	-2.323333	2.300074	-0.009451 	0.004213
-69.600000	-0.023308	-2.320000	2.296692	-0.009336 	0.004216
-69.500000	-0.023356	-2.316667	2.293311	-0.009221 	0.004219
-69.400000	-0.023403	-2.313333	2.289930	-0.009105 	0.004222
-69.300000	-0.023450	-2.310000	2.286550	-0.008988 	0.004225
-69.200000	-0.023496	-2.306667	2.283171	-0.008871 	0.004228
-69.100000	-0.023541	-2.303333	2.279792	-0.008753 	0.004231
-69.000000	-0.023586	-2.300000	2.276414	-0.008634 	0.004234
-68.900000	-0.023630	-2.296667	2.273037	-0.008515 	0.004238
-68.800000	-0.023673	-2.293333	2.269660	-0.008395 	0.004241
-68.700000	-0.023716	-2.290000	2.266284	-0.008275 	0.004244
-68.600000	-0.023758	-2.286667	2.262909	-0.008154 	0.004247
-68.500000	-0.023799	-2.283333	2.259534	-0.008032 	0.004250
-68.400000	-0.023840	-2.280000	2.256160	-0.007910 	0.004253
-68.300000	-0.023880	-2.276667	2.252787	-0.007787 	0.004257
-68.200000	-0.023919	-2.273333	2.249414	-0.007664 	0.004260
-68.100000	-0.023957	-2.270000	2.246043	-0.007540 	0.004263
-68.000000	-0.023995	-2.266667	2.242672	-0.007415 	0.004266
-67.900000	-0.024033	-2.263333	2.239300	-0.007290 	0.004269
-67.800000	-0.024069	-2.260000	2.235931	-0.007164 	0.004273
-67.700000	-0.024105	-2.256667	2.232562	-0.007038 	0.004276
-67.600000	-0.024140	-2.253333	2.229193	-0.006911 	0.004279
-67.500000	-0.024174	-2.250000	2.225826	-0.006783 	0.004282
-67.400000	-0.024208	-2.246667	2.222459	-0.006655 	0.004285
-67.300000	-0.024241	-2.243333	2.219092	-0.006526 	0.004289
-67.200000	-0.024273	-2.240000	2.215727	-0.006397 	0.004292
-67.100000	-0.024305	-2.236667	2.212362	-0.006267 	0.004295
-67.000000	-0.024336	-2.233333	2.208997	-0.006136 	0.004299
-66.900000	-0.024366	-2.230000	2.205634	-0.006005 	0.004302
-66.800000	-0.024395	-2.226667	2.202272	-0.005873 	0.004305
-66.700000	-0.024424	-2.223333	2.198909	-0.005741 	0.004308
-66.600000	-0.024452	-2.220000	2.195548	-0.005608 	0.004312
-66.500000	-0.024479	-2.216667	2.192188	-0.005475 	0.004315
-66.400000	-0.024506	-2.213333	2.188827	-0.005341 	0.004318
-66.300000	-0.024532	-2.210000	2.185468	-0.005206 	0.004322
-66.200000	-0.024557	-2.206667	2.182110	-0.005071 	0.004325
-66.100000	-0.024581	-2.203333	2.178752	-0.004935 	0.004328
-66.000000	-0.024605	-2.200000	2.175395	-0.004799 	0.004332
-65.900000	-0.024628	-2.196667	2.172039	-0.004662 	0.004335
-65.800000	-0.024650	-2.193333	2.168683	-0.004525 	0.004338
-65.700000	-0.024671	-2.190000	2.165329	-0.004387 	0.004342
-65.600000	-0.024692	-2.186667	2.161975	-0.004248 	0.004345
-65.500000	-0.024712	-2.183333	2.158621	-0.004109 	0.004348
-65.400000	-0.024731	-2.180000	2.155269	-0.003969 	0.004352
-65.300000	-0.024749	-2.176667	2.151918	-0.003829 	0.004355
-65.200000	-0.024767	-2.173333	2.148566	-0.003688 	0.004359
-65.100000	-0.024784	-2.170000	2.145216	-0.003547 	0.004362
-65.000000	-0.024800	-2.166667	2.141867	-0.003405 	0.004365
-64.900000	-0.024815	-2.163333	2.138518	-0.003263 	0.004369
-64.800000	-0.024829	-2.160000	2.135171	-0.003120 	0.004372
-64.700000	-0.024843	-2.156667	2.131824	-0.002976 	0.004376
-64.600000	-0.024856	-2.153333	2.128477	-0.002832 	0.004379
-64.500000	-0.024868	-2.150000	2.125132	-0.002688 	0.004383
-64.400000	-0.024880	-2.146667	2.121787	-0.002543 	0.004386
-64.300000	-0.024891	-2.143333	2.118442	-0.002397 	0.004389
-64.200000	-0.024901	-2.140000	2.115099	-0.002251 	0.004393
-64.100000	-0.024910	-2.136667	2.111757	-0.002104 	0.004396
-64.000000	-0.024918	-2.133333	2.108415	-0.001957 	0.004400
-63.900000	-0.024926	-2.130000	2.105074	-0.001809 	0.004403
-63.800000	-0.024932	-2.126667	2.101735	-0.001661 	0.004407
-63.700000	-0.024938	-2.123333	2.098395	-0.001512 	0.004410
-63.600000	-0.024943	-2.120000	2.095057	-0.001363 	0.004414
-63.500000	-0.024948	-2.116667	2.091719	-0.001213 	0.004417
-63.400000	-0.024951	-2.113333	2.088382	-0.001063 	0.004421
-63.300000	-0.024954	-2.110000	2.085046	-0.000912 	0.004424
-63.200000	-0.024956	-2.106667	2.081711	-0.000761 	0.004428
-63.100000	-0.024957	-2.103333	2.078376	-0.000609 	0.004432
-63.000000	-0.024958	-2.100000	2.075042	-0.000456 	0.004435
-62.900000	-0.024957	-2.096667	2.071710	-0.000303 	0.004439
-62.800000	-0.024956	-2.093333	2.068377	-0.000150 	0.004442
-62.700000	-0.024954	-2.090000	2.065046	0.000004 	0.004446
-62.600000	-0.024951	-2.086667	2.061716	0.000158 	0.004449
-62.500000	-0.024948	-2.083333	2.058385	0.000313 	0.004453
-62.400000	-0.024943	-2.080000	2.055057	0.000468 	0.004457
-62.300000	-0.024938	-2.076667	2.051729	0.000624 	0.004460
-62.200000	-0.024932	-2.073333	2.048401	0.000780 	0.004464
-62.100000	-0.024925	-2.070000	2.045075	0.000937 	0.004467
-62.000000	-0.024917	-2.066667	2.041750	0.001094 	0.004471
-61.900000	-0.024908	-2.063333	2.038425	0.001252 	0.004475
-61.800000	-0.024899	-2.060000	2.035101	0.001410 	0.004478
-61.700000	-0.024889	-2.056667	2.031778	0.001568 	0.004482
-61.600000	-0.024877	-2.053333	2.028456	0.001727 	0.004486
-61.500000	-0.024866	-2.050000	2.025134	0.001887 	0.004489
-61.400000	-0.024853	-2.046667	2.021814	0.002047 	0.004493
-61.300000	-0.024839	-2.043333	2.018494	0.002207 	0.004497
-61.200000	-0.024825	-2.040000	2.015175	0.002368 	0.004500
-61.100000	-0.024810	-2.036667	2.011857	0.002529 	0.004504
-61.000000	-0.024793	-2.033333	2.008540	0.002691 	0.004508
-60.900000	-0.024776	-2.030000	2.005224	0.002853 	0.004512
-60.800000	-0.024759	-2.026667	2.001908	0.003016 	0.004515
-60.700000	-0.024740	-2.023333	1.998593	0.003179 	0.004519
-60.600000	-0.024721	-2.020000	1.995279	0.003342 	0.004523
-60.500000	-0.024700	-2.016667	1.991967	0.003506 	0.004527
-60.400000	-0.024679	-2.013333	1.988654	0.003671 	0.004530
-60.300000	-0.024657	-2.010000	1.985343	0.003835 	0.004534
-60.200000	-0.024634	-2.006667	1.982033	0.004001 	0.004538
-60.100000	-0.024610	-2.003333	1.978723	0.004166 	0.004542
-60.000000	-0.024586	-2.000000	1.975414	0.004332 	0.004546
-59.900000	-0.024560	-1.996667	1.972107	0.004498 	0.004549
-59.800000	-0.024534	-1.993333	1.968799	0.004665 	0.004553
-59.700000	-0.024507	-1.990000	1.965493	0.004832 	0.004557
-59.600000	-0.024479	-1.986667	1.962188	0.005000 	0.004561
-59.500000	-0.024450	-1.983333	1.958883	0.005168 	0.004565
-59.400000	-0.024420	-1.980000	1.955580	0.005336 	0.004569
-59.300000	-0.024389	-1.976667	1.952278	0.005505 	0.004572
-59.200000	-0.024358	-1.973333	1.948975	0.005674 	0.004576
-59.100000	-0.024325	-1.970000	1.945675	0.005843 	0.004580
-59.000000	-0.024292	-1.966667	1.942375	0.006013 	0.004584
-58.900000	-0.024258	-1.963333	1.939075	0.006184 	0.004588
-58.800000	-0.024223	-1.960000	1.935777	0.006354 	0.004592
-58.700000	-0.024187	-1.956667	1.932480	0.006525 	0.004596
-58.600000	-0.024150	-1.953333	1.929183	0.006696 	0.004600
-58.500000	-0.024113	-1.950000	1.925887	0.006868 	0.004604
-58.400000	-0.024074	-1.946667	1.922593	0.007040 	0.004608
-58.300000	-0.024035	-1.943333	1.919298	0.007212 	0.004612
-58.200000	-0.023995	-1.940000	1.916005	0.007385 	0.004615
-58.100000	-0.023953	-1.936667	1.912714	0.007558 	0.004619
-58.000000	-0.023911	-1.933333	1.909422	0.007731 	0.004623
-57.900000	-0.023868	-1.930000	1.906132	0.007905 	0.004627
-57.800000	-0.023825	-1.926667	1.902842	0.008079 	0.004631
-57.700000	-0.023780	-1.923333	1.899553	0.008253 	0.004635
-57.600000	-0.023734	-1.920000	1.896266	0.008428 	0.004639
-57.500000	-0.023688	-1.916667	1.892979	0.008603 	0.004643
-57.400000	-0.023640	-1.913333	1.889693	0.008778 	0.004648
-57.300000	-0.023592	-1.910000	1.886408	0.008953 	0.004652
-57.200000	-0.023543	-1.906667	1.883124	0.009129 	0.004656
-57.100000	-0.023493	-1.903333	1.879840	0.009305 	0.004660
-57.000000	-0.023442	-1.900000	1.876558	0.009482 	0.004664
-56.900000	-0.023390	-1.896667	1.873277	0.009658 	0.004668
-56.800000	-0.023338	-1.893333	1.869995	0.009835 	0.004672
-56.700000	-0.023284	-1.890000	1.866716	0.010013 	0.004676
-56.600000	-0.023229	-1.886667	1.863438	0.010190 	0.004680
-56.500000	-0.023174	-1.883333	1.860159	0.010368 	0.004684
-56.400000	-0.023118	-1.880000	1.856882	0.010546 	0.004688
-56.300000	-0.023061	-1.876667	1.853606	0.010724 	0.004693
-56.200000	-0.023002	-1.873333	1.850331	0.010903 	0.004697
-56.100000	-0.022943	-1.870000	1.847057	0.011081 	0.004701
-56.000000	-0.022884	-1.866667	1.843783	0.011260 	0.004705
-55.900000	-0.022823	-1.863333	1.840510	0.011439 	0.004709
-55.800000	-0.022761	-1.860000	1.837239	0.011619 	0.004713
-55.700000	-0.022698	-1.856667	1.833969	0.011799 	0.004718
-55.600000	-0.022635	-1.853333	1.830698	0.011979 	0.004722
-55.500000	-0.022570	-1.850000	1.827430	0.012159 	0.004726
-55.400000	-0.022505	-1.846667	1.824162	0.012339 	0.004730
-55.300000	-0.022439	-1.843333	1.820894	0.012519 	0.004735
-55.200000	-0.022372	-1.840000	1.817628	0.012700 	0.004739
-55.100000	-0.022304	-1.836667	1.814363	0.012881 	0.004743
-55.000000	-0.022235	-1.833333	1.811098	0.013062 	0.004747
-54.900000	-0.022165	-1.830000	1.807835	0.013243 	0.004752
-54.800000	-0.022094	-1.826667	1.804573	0.013425 	0.004756
-54.700000	-0.022022	-1.823333	1.801311	0.013606 	0.004760
-54.600000	-0.021950	-1.820000	1.798050	0.013788 	0.004764
-54.500000	-0.021876	-1.816667	1.794791	0.013970 	0.004769
-54.400000	-0.021802	-1.813333	1.791531	0.014152 	0.004773
-54.300000	-0.021727	-1.810000	1.788273	0.014334 	0.004777
-54.200000	-0.021650	-1.806667	1.785017	0.014517 	0.004782
-54.100000	-0.021573	-1.803333	1.781760	0.014699 	0.004786
-54.000000	-0.021495	-1.800000	1.778505	0.014882 	0.004791
-53.900000	-0.021416	-1.796667	1.775251	0.015065 	0.004795
-53.800000	-0.021336	-1.793333	1.771997	0.015247 	0.004799
-53.700000	-0.021255	-1.790000	1.768745	0.015430 	0.004804
-53.600000	-0.021174	-1.786667	1.765493	0.015613 	0.004808
-53.500000	-0.021091	-1.783333	1.762242	0.015797 	0.004813
-53.400000	-0.021007	-1.780000	1.758993	0.015980 	0.004817
-53.300000	-0.020923	-1.776667	1.755744	0.016163 	0.004822
-53.200000	-0.020838	-1.773333	1.752495	0.016346 	0.004826
-53.100000	-0.020751	-1.770000	1.749249	0.016530 	0.004830
-53.000000	-0.020664	-1.766667	1.746003	0.016713 	0.004835
-52.900000	-0.020576	-1.763333	1.742757	0.016897 	0.004839
-52.800000	-0.020487	-1.760000	1.739513	0.017081 	0.004844
-52.700000	-0.020397	-1.756667	1.736270	0.017264 	0.004849
-52.600000	-0.020306	-1.753333	1.733027	0.017448 	0.004853
-52.500000	-0.020214	-1.750000	1.729786	0.017632 	0.004858
-52.400000	-0.020122	-1.746667	1.726545	0.017815 	0.004862
-52.300000	-0.020028	-1.743333	1.723305	0.017999 	0.004867
-52.200000	-0.019933	-1.740000	1.720067	0.018183 	0.004871
-52.100000	-0.019838	-1.736667	1.716829	0.018366 	0.004876
-52.000000	-0.019741	-1.733333	1.713592	0.018550 	0.004880
-51.900000	-0.019644	-1.730000	1.710356	0.018734 	0.004885
-51.800000	-0.019546	-1.726667	1.707121	0.018917 	0.004890
-51.700000	-0.019447	-1.723333	1.703886	0.019101 	0.004894
-51.600000	-0.019347	-1.720000	1.700653	0.019285 	0.004899
-51.500000	-0.019246	-1.716667	1.697421	0.019468 	0.004904
-51.400000	-0.019144	-1.713333	1.694189	0.019652 	0.004908
-51.300000	-0.019041	-1.710000	1.690959	0.019835 	0.004913
-51.200000	-0.018937	-1.706667	1.687730	0.020019 	0.004918
-51.100000	-0.018832	-1.703333	1.684501	0.020202 	0.004922
-51.000000	-0.018727	-1.700000	1.681273	0.020385 	0.004927
-50.900000	-0.018620	-1.696667	1.678047	0.020568 	0.004932
-50.800000	-0.018512	-1.693333	1.674821	0.020751 	0.004937
-50.700000	-0.018404	-1.690000	1.671596	0.020934 	0.004941
-50.600000	-0.018295	-1.686667	1.668372	0.021117 	0.004946
-50.500000	-0.018184	-1.683333	1.665149	0.021299 	0.004951
-50.400000	-0.018073	-1.680000	1.661927	0.021482 	0.004956
-50.300000	-0.017961	-1.676667	1.658706	0.021664 	0.004961
-50.200000	-0.017848	-1.673333	1.655485	0.021846 	0.004965
-50.100000	-0.017734	-1.670000	1.652266	0.022028 	0.004970
-50.000000	-0.017619	-1.666667	1.649048	0.022210 	0.004975
-49.900000	-0.017503	-1.663333	1.645830	0.022391 	0.004980
-49.800000	-0.017387	-1.660000	1.642613	0.022573 	0.004985
-49.700000	-0.017269	-1.656667	1.639398	0.022754 	0.004990
-49.600000	-0.017150	-1.653333	1.636183	0.022934 	0.004995
-49.500000	-0.017031	-1.650000	1.632969	0.023115 	0.005000
-49.400000	-0.016910	-1.646667	1.629757	0.023295 	0.005004
-49.300000	-0.016789	-1.643333	1.626544	0.023475 	0.005009
-49.200000	-0.016666	-1.640000	1.623334	0.023655 	0.005014
-49.100000	-0.016543	-1.636667	1.620124	0.023835 	0.005019
-49.000000	-0.016419	-1.633333	1.616914	0.024014 	0.005024
-48.900000	-0.016294	-1.630000	1.613706	0.024193 	0.005029
-48.800000	-0.016167	-1.626667	1.610500	0.024371 	0.005034
-48.700000	-0.016040	-1.623333	1.607293	0.024549 	0.005039
-48.600000	-0.015912	-1.620000	1.604088	0.024727 	0.005044
-48.500000	-0.015783	-1.616667	1.600884	0.024904 	0.005049
-48.400000	-0.015653	-1.613333	1.597680	0.025081 	0.005054
-48.300000	-0.015523	-1.610000	1.594477	0.025258 	0.005060
-48.200000	-0.015391	-1.606667	1.591276	0.025434 	0.005065
-48.100000	-0.015258	-1.603333	1.588075	0.025609 	0.005070
-48.000000	-0.015124	-1.600000	1.584876	0.025784 	0.005075
-47.900000	-0.014990	-1.596667	1.581677	0.025959 	0.005080
-47.800000	-0.014854	-1.593333	1.578479	0.026133 	0.005085
-47.700000	-0.014717	-1.590000	1.575283	0.026306 	0.005090
-47.600000	-0.014580	-1.586667	1.572087	0.026479 	0.005095
-47.500000	-0.014441	-1.583333	1.568892	0.026651 	0.005101
-47.400000	-0.014302	-1.580000	1.565698	0.026823 	0.005106
-47.300000	-0.014161	-1.576667	1.562506	0.026994 	0.005111
-47.200000	-0.014020	-1.573333	1.559313	0.027164 	0.005116
-47.100000	-0.013877	-1.570000	1.556123	0.027334 	0.005121
-47.000000	-0.013734	-1.566667	1.552933	0.027503 	0.005127
-46.900000	-0.013589	-1.563333	1.549744	0.027671 	0.005132
-46.800000	-0.013444	-1.560000	1.546556	0.027838 	0.005137
-46.700000	-0.013297	-1.556667	1.543370	0.028005 	0.005143
-46.600000	-0.013150	-1.553333	1.540183	0.028171 	0.005148
-46.500000	-0.013001	-1.550000	1.536999	0.028336 	0.005153
-46.400000	-0.012852	-1.546667	1.533815	0.028500 	0.005159
-46.300000	-0.012701	-1.543333	1.530632	0.028663 	0.005164
-46.200000	-0.012549	-1.540000	1.527451	0.028825 	0.005169
-46.100000	-0.012397	-1.536667	1.524270	0.028986 	0.005175
-46.000000	-0.012243	-1.533333	1.521090	0.029146 	0.005180
-45.900000	-0.012088	-1.530000	1.517912	0.029305 	0.005186
-45.800000	-0.011932	-1.526667	1.514735	0.029464 	0.005191
-45.700000	-0.011775	-1.523333	1.511558	0.029621 	0.005196
-45.600000	-0.011617	-1.520000	1.508383	0.029776 	0.005202
-45.500000	-0.011458	-1.516667	1.505209	0.029931 	0.005207
-45.400000	-0.011298	-1.513333	1.502035	0.030084 	0.005213
-45.300000	-0.011137	-1.510000	1.498863	0.030237 	0.005218
-45.200000	-0.010975	-1.506667	1.495692	0.030388 	0.005224
-45.100000	-0.010811	-1.503333	1.492522	0.030537 	0.005229
-45.000000	-0.010647	-1.500000	1.489353	0.030686 	0.005235
-44.900000	-0.010481	-1.496667	1.486186	0.030833 	0.005241
-44.800000	-0.010315	-1.493333	1.483018	0.030978 	0.005246
-44.700000	-0.010147	-1.490000	1.479853	0.031122 	0.005252
-44.600000	-0.009978	-1.486667	1.476689	0.031265 	0.005257
-44.500000	-0.009808	-1.483333	1.473525	0.031406 	0.005263
-44.400000	-0.009636	-1.480000	1.470364	0.031546 	0.005269
-44.300000	-0.009464	-1.476667	1.467203	0.031684 	0.005274
-44.200000	-0.009291	-1.473333	1.464042	0.031821 	0.005280
-44.100000	-0.009116	-1.470000	1.460884	0.031956 	0.005286
-44.000000	-0.008940	-1.466667	1.457727	0.032090 	0.005292
-43.900000	-0.008764	-1.463333	1.454569	0.032222 	0.005297
-43.800000	-0.008586	-1.460000	1.451414	0.032353 	0.005303
-43.700000	-0.008407	-1.456667	1.448260	0.032481 	0.005309
-43.600000	-0.008226	-1.453333	1.445107	0.032609 	0.005315
-43.500000	-0.008045	-1.450000	1.441955	0.032734 	0.005320
-43.400000	-0.007863	-1.446667	1.438804	0.032858 	0.005326
-43.300000	-0.007679	-1.443333	1.435654	0.032980 	0.005332
-43.200000	-0.007495	-1.440000	1.432505	0.033101 	0.005338
-43.100000	-0.007309	-1.436667	1.429358	0.033220 	0.005344
-43.000000	-0.007123	-1.433333	1.426210	0.033337 	0.005350
-42.900000	-0.006935	-1.430000	1.423065	0.033453 	0.005356
-42.800000	-0.006746	-1.426667	1.419921	0.033567 	0.005361
-42.700000	-0.006556	-1.423333	1.416777	0.033680 	0.005367
-42.600000	-0.006366	-1.420000	1.413634	0.033790 	0.005373
-42.500000	-0.006174	-1.416667	1.410493	0.033900 	0.005379
-42.400000	-0.005981	-1.413333	1.407352	0.034008 	0.005385
-42.300000	-0.005787	-1.410000	1.404213	0.034114 	0.005391
-42.200000	-0.005593	-1.406667	1.401074	0.034218 	0.005397
-42.100000	-0.005397	-1.403333	1.397936	0.034322 	0.005403
-42.000000	-0.005201	-1.400000	1.394799	0.034423 	0.005410
-41.900000	-0.005003	-1.396667	1.391664	0.034524 	0.005416
-41.800000	-0.004805	-1.393333	1.388528	0.034623 	0.005422
-41.700000	-0.004606	-1.390000	1.385394	0.034720 	0.005428
-41.600000	-0.004406	-1.386667	1.382261	0.034816 	0.005434
-41.500000	-0.004206	-1.383333	1.379127	0.034911 	0.005440
-41.400000	-0.004004	-1.380000	1.375996	0.035005 	0.005446
-41.300000	-0.003802	-1.376667	1.372865	0.035097 	0.005453
-41.200000	-0.003599	-1.373333	1.369734	0.035188 	0.005459
-41.100000	-0.003395	-1.370000	1.366605	0.035278 	0.005465
-41.000000	-0.003191	-1.366667	1.363476	0.035366 	0.005471
-40.900000	-0.002986	-1.363333	1.360347	0.035454 	0.005478
-40.800000	-0.002780	-1.360000	1.357220	0.035540 	0.005484
-40.700000	-0.002573	-1.356667	1.354094	0.035625 	0.005490
-40.600000	-0.002366	-1.353333	1.350967	0.035709 	0.005497
-40.500000	-0.002159	-1.350000	1.347841	0.035792 	0.005503
-40.400000	-0.001950	-1.346667	1.344717	0.035874 	0.005509
-40.300000	-0.001741	-1.343333	1.341592	0.035955 	0.005516
-40.200000	-0.001532	-1.340000	1.338468	0.036035 	0.005522
-40.100000	-0.001322	-1.336667	1.335345	0.036114 	0.005529
-40.000000	-0.001111	-1.333333	1.332222	0.036191 	0.005535
-39.900000	-0.000900	-1.330000	1.329100	0.036268 	0.005542
-39.800000	-0.000689	-1.326667	1.325978	0.036344 	0.005548
-39.700000	-0.000477	-1.323333	1.322856	0.036419 	0.005555
-39.600000	-0.000264	-1.320000	1.319736	0.036493 	0.005561
-39.500000	-0.000051	-1.316667	1.316616	0.036566 	0.005568
-39.400000	0.000163	-1.313333	1.313496	0.036638 	0.005574
-39.300000	0.000377	-1.310000	1.310377	0.036709 	0.005581
-39.200000	0.000591	-1.306667	1.307258	0.036779 	0.005588
-39.100000	0.000806	-1.303333	1.304139	0.036848 	0.005594
-39.000000	0.001021	-1.300000	1.301021	0.036916 	0.005601
-38.900000	0.001237	-1.296667	1.297904	0.036983 	0.005608
-38.800000	0.001453	-1.293333	1.294786	0.037049 	0.005615
-38.700000	0.001670	-1.290000	1.291670	0.037114 	0.005621
-38.600000	0.001887	-1.286667	1.288554	0.037178 	0.005628
-38.500000	0.002104	-1.283333	1.285437	0.037241 	0.005635
-38.400000	0.002322	-1.280000	1.282322	0.037303 	0.005642
-38.300000	0.002540	-1.276667	1.279207	0.037364 	0.005649
-38.200000	0.002759	-1.273333	1.276092	0.037424 	0.005656
-38.100000	0.002978	-1.270000	1.272978	0.037483 	0.005662
-38.000000	0.003197	-1.266667	1.269864	0.037541 	0.005669
-37.900000	0.003417	-1.263333	1.266750	0.037598 	0.005676
-37.800000	0.003636	-1.260000	1.263636	0.037654 	0.005683
-37.700000	0.003857	-1.256667	1.260524	0.037709 	0.005690
-37.600000	0.004077	-1.253333	1.257410	0.037762 	0.005697
-37.500000	0.004298	-1.250000	1.254298	0.037815 	0.005704
-37.400000	0.004519	-1.246667	1.251186	0.037866 	0.005712
-37.300000	0.004741	-1.243333	1.248074	0.037917 	0.005719
-37.200000	0.004963	-1.240000	1.244963	0.037966 	0.005726
-37.100000	0.005185	-1.236667	1.241852	0.038014 	0.005733
-37.000000	0.005407	-1.233333	1.238740	0.038062 	0.005740
-36.900000	0.005630	-1.230000	1.235630	0.038108 	0.005747
-36.800000	0.005852	-1.226667	1.232519	0.038152 	0.005755
-36.700000	0.006075	-1.223333	1.229408	0.038196 	0.005762
-36.600000	0.006299	-1.220000	1.226299	0.038239 	0.005769
-36.500000	0.006522	-1.216667	1.223189	0.038280 	0.005777
-36.400000	0.006746	-1.213333	1.220079	0.038321 	0.005784
-36.300000	0.006970	-1.210000	1.216970	0.038360 	0.005791
-36.200000	0.007194	-1.206667	1.213861	0.038398 	0.005799
-36.100000	0.007418	-1.203333	1.210751	0.038435 	0.005806
-36.000000	0.007642	-1.200000	1.207642	0.038471 	0.005814
-35.900000	0.007867	-1.196667	1.204534	0.038505 	0.005821
-35.800000	0.008091	-1.193333	1.201424	0.038539 	0.005829
-35.700000	0.008316	-1.190000	1.198316	0.038571 	0.005836
-35.600000	0.008541	-1.186667	1.195208	0.038602 	0.005844
-35.500000	0.008766	-1.183333	1.192099	0.038632 	0.005851
-35.400000	0.008991	-1.180000	1.188991	0.038661 	0.005859
-35.300000	0.009216	-1.176667	1.185883	0.038688 	0.005867
-35.200000	0.009442	-1.173333	1.182775	0.038714 	0.005874
-35.100000	0.009667	-1.170000	1.179667	0.038739 	0.005882
-35.000000	0.009892	-1.166667	1.176559	0.038763 	0.005890
-34.900000	0.010118	-1.163333	1.173451	0.038786 	0.005898
-34.800000	0.010343	-1.160000	1.170343	0.038807 	0.005906
-34.700000	0.010569	-1.156667	1.167236	0.038827 	0.005913
-34.600000	0.010794	-1.153333	1.164127	0.038845 	0.005921
-34.500000	0.011020	-1.150000	1.161020	0.038863 	0.005929
-34.400000	0.011245	-1.146667	1.157912	0.038879 	0.005937
-34.300000	0.011471	-1.143333	1.154804	0.038894 	0.005945
-34.200000	0.011696	-1.140000	1.151696	0.038907 	0.005953
-34.100000	0.011921	-1.136667	1.148588	0.038919 	0.005961
-34.000000	0.012147	-1.133333	1.145480	0.038930 	0.005969
-33.900000	0.012372	-1.130000	1.142372	0.038939 	0.005977
-33.800000	0.012597	-1.126667	1.139264	0.038947 	0.005986
-33.700000	0.012822	-1.123333	1.136155	0.038954 	0.005994
-33.600000	0.013048	-1.120000	1.133048	0.038959 	0.006002
-33.500000	0.013272	-1.116667	1.129939	0.038963 	0.006010
-33.400000	0.013497	-1.113333	1.126830	0.038965 	0.006018
-33.300000	0.013722	-1.110000	1.123722	0.038966 	0.006027
-33.200000	0.013947	-1.106667	1.120614	0.038966 	0.006035
-33.100000	0.014171	-1.103333	1.117504	0.038964 	0.006044
-33.000000	0.014395	-1.100000	1.114395	0.038961 	0.006052
-32.900000	0.014619	-1.096667	1.111286	0.038956 	0.006060
-32.800000	0.014843	-1.093333	1.108176	0.038950 	0.006069
-32.700000	0.015067	-1.090000	1.105067	0.038942 	0.006077
-32.600000	0.015290	-1.086667	1.101957	0.038933 	0.006086
-32.500000	0.015513	-1.083333	1.098846	0.038922 	0.006095
-32.400000	0.015736	-1.080000	1.095736	0.038910 	0.006103
-32.300000	0.015959	-1.076667	1.092626	0.038896 	0.006112
-32.200000	0.016181	-1.073333	1.089514	0.038880 	0.006121
-32.100000	0.016404	-1.070000	1.086404	0.038863 	0.006129
-32.000000	0.016626	-1.066667	1.083293	0.038845 	0.006138
-31.900000	0.016847	-1.063333	1.080180	0.038825 	0.006147
-31.800000	0.017068	-1.060000	1.077068	0.038803 	0.006156
-31.700000	0.017289	-1.056667	1.073956	0.038780 	0.006165
-31.600000	0.017510	-1.053333	1.070843	0.038755 	0.006174
-31.500000	0.017730	-1.050000	1.067730	0.038728 	0.006183
-31.400000	0.017950	-1.046667	1.064617	0.038700 	0.006192
-31.300000	0.018169	-1.043333	1.061502	0.038670 	0.006201
-31.200000	0.018388	-1.040000	1.058388	0.038638 	0.006210
-31.100000	0.018607	-1.036667	1.055274	0.038605 	0.006219
-31.000000	0.018825	-1.033333	1.052158	0.038570 	0.006228
-30.900000	0.019043	-1.030000	1.049043	0.038533 	0.006238
-30.800000	0.019260	-1.026667	1.045927	0.038495 	0.006247
-30.700000	0.019477	-1.023333	1.042810	0.038455 	0.006256
-30.600000	0.019693	-1.020000	1.039693	0.038413 	0.006266
-30.500000	0.019909	-1.016667	1.036576	0.038369 	0.006275
-30.400000	0.020124	-1.013333	1.033457	0.038323 	0.006284
-30.300000	0.020339	-1.010000	1.030339	0.038276 	0.006294
-30.200000	0.020553	-1.006667	1.027220	0.038227 	0.006304
-30.100000	0.020767	-1.003333	1.024100	0.038176 	0.006313
-30.000000	0.020980	-1.000000	1.020980	0.038123 	0.006323
-29.900000	0.021193	-0.996667	1.017859	0.038068 	0.006332
-29.800000	0.021404	-0.993333	1.014738	0.038012 	0.006342
-29.700000	0.021616	-0.990000	1.011616	0.037953 	0.006352
-29.600000	0.021826	-0.986667	1.008493	0.037893 	0.006362
-29.500000	0.022036	-0.983333	1.005370	0.037830 	0.006372
-29.400000	0.022246	-0.980000	1.002246	0.037766 	0.006382
-29.300000	0.022454	-0.976667	0.999121	0.037699 	0.006392
-29.200000	0.022662	-0.973333	0.995995	0.037631 	0.006402
-29.100000	0.022869	-0.970000	0.992869	0.037560 	0.006412
-29.000000	0.023076	-0.966667	0.989742	0.037488 	0.006422
-28.900000	0.023281	-0.963333	0.986615	0.037413 	0.006432
-28.800000	0.023486	-0.960000	0.983486	0.037336 	0.006442
-28.700000	0.023691	-0.956667	0.980357	0.037257 	0.006452
-28.600000	0.023894	-0.953333	0.977227	0.037176 	0.006463
-28.500000	0.024097	-0.950000	0.974097	0.037093 	0.006473
-28.400000	0.024299	-0.946667	0.970965	0.037007 	0.006484
-28.300000	0.024500	-0.943333	0.967833	0.036920 	0.006494
-28.200000	0.024700	-0.940000	0.964700	0.036830 	0.006505
-28.100000	0.024899	-0.936667	0.961566	0.036737 	0.006515
-28.000000	0.025097	-0.933333	0.958431	0.036643 	0.006526
-27.900000	0.025295	-0.930000	0.955295	0.036546 	0.006537
-27.800000	0.025491	-0.926667	0.952158	0.036447 	0.006547
-27.700000	0.025687	-0.923333	0.949020	0.036345 	0.006558
-27.600000	0.025882	-0.920000	0.945882	0.036241 	0.006569
-27.500000	0.026075	-0.916667	0.942742	0.036134 	0.006580
-27.400000	0.026268	-0.913333	0.939601	0.036025 	0.006591
-27.300000	0.026460	-0.910000	0.936460	0.035913 	0.006602
-27.200000	0.026650	-0.906667	0.933317	0.035799 	0.006613
-27.100000	0.026840	-0.903333	0.930173	0.035683 	0.006624
-27.000000	0.027029	-0.900000	0.927029	0.035563 	0.006635
-26.900000	0.027216	-0.896667	0.923883	0.035441 	0.006647
-26.800000	0.027402	-0.893333	0.920736	0.035317 	0.006658
-26.700000	0.027588	-0.890000	0.917588	0.035189 	0.006669
-26.600000	0.027772	-0.886667	0.914439	0.035059 	0.006681
-26.500000	0.027955	-0.883333	0.911288	0.034926 	0.006693
-26.400000	0.028137	-0.880000	0.908137	0.034791 	0.006704
-26.300000	0.028318	-0.876667	0.904984	0.034652 	0.006716
-26.200000	0.028497	-0.873333	0.901830	0.034511 	0.006728
-26.100000	0.028675	-0.870000	0.898675	0.034367 	0.006739
-26.000000	0.028852	-0.866667	0.895519	0.034220 	0.006751
-25.900000	0.029028	-0.863333	0.892361	0.034070 	0.006763
-25.800000	0.029202	-0.860000	0.889202	0.033917 	0.006775
-25.700000	0.029376	-0.856667	0.886042	0.033761 	0.006787
-25.600000	0.029547	-0.853333	0.882881	0.033602 	0.006799
-25.500000	0.029718	-0.850000	0.879718	0.033439 	0.006812
-25.400000	0.029887	-0.846667	0.876554	0.033274 	0.006824
-25.300000	0.030055	-0.843333	0.873388	0.033105 	0.006836
-25.200000	0.030221	-0.840000	0.870221	0.032934 	0.006849
-25.100000	0.030386	-0.836667	0.867053	0.032759 	0.006861
-25.000000	0.030549	-0.833333	0.863883	0.032580 	0.006874
-24.900000	0.030711	-0.830000	0.860711	0.032399 	0.006886
-24.800000	0.030872	-0.826667	0.857538	0.032214 	0.006899
-24.700000	0.031031	-0.823333	0.854364	0.032025 	0.006912
-24.600000	0.031188	-0.820000	0.851188	0.031833 	0.006925
-24.500000	0.031344	-0.816667	0.848010	0.031638 	0.006938
-24.400000	0.031498	-0.813333	0.844831	0.031439 	0.006951
-24.300000	0.031650	-0.810000	0.841650	0.031236 	0.006964
-24.200000	0.031801	-0.806667	0.838468	0.031030 	0.006977
-24.100000	0.031951	-0.803333	0.835284	0.030820 	0.006990
-24.000000	0.032098	-0.800000	0.832098	0.030607 	0.007004
-23.900000	0.032244	-0.796667	0.828911	0.030389 	0.007017
-23.800000	0.032388	-0.793333	0.825722	0.030168 	0.007031
-23.700000	0.032531	-0.790000	0.822531	0.029943 	0.007044
-23.600000	0.032671	-0.786667	0.819338	0.029714 	0.007058
-23.500000	0.032810	-0.783333	0.816143	0.029481 	0.007072
-23.400000	0.032947	-0.780000	0.812947	0.029244 	0.007086
-23.300000	0.033082	-0.776667	0.809749	0.029003 	0.007100
-23.200000	0.033215	-0.773333	0.806549	0.028758 	0.007114
-23.100000	0.033347	-0.770000	0.803347	0.028509 	0.007128
-23.000000	0.033476	-0.766667	0.800143	0.028255 	0.007142
-22.900000	0.033603	-0.763333	0.796937	0.027998 	0.007157
-22.800000	0.033729	-0.760000	0.793729	0.027735 	0.007171
-22.700000	0.033852	-0.756667	0.790519	0.027469 	0.007186
-22.600000	0.033974	-0.753333	0.787307	0.027198 	0.007200
-22.500000	0.034093	-0.750000	0.784093	0.026922 	0.007215
-22.400000	0.034210	-0.746667	0.780877	0.026642 	0.007230
-22.300000	0.034325	-0.743333	0.777658	0.026357 	0.007245
-22.200000	0.034438	-0.740000	0.774438	0.026067 	0.007260
-22.100000	0.034549	-0.736667	0.771215	0.025773 	0.007275
-22.000000	0.034657	-0.733333	0.767990	0.025474 	0.007290
-21.900000	0.034763	-0.730000	0.764763	0.025169 	0.007306
-21.800000	0.034867	-0.726667	0.761534	0.024860 	0.007321
-21.700000	0.034969	-0.723333	0.758302	0.024546 	0.007337
-21.600000	0.035068	-0.720000	0.755068	0.024227 	0.007352
-21.500000	0.035165	-0.716667	0.751832	0.023902 	0.007368
-21.400000	0.035260	-0.713333	0.748593	0.023573 	0.007384
-21.300000	0.035352	-0.710000	0.745352	0.023237 	0.007400
-21.200000	0.035442	-0.706667	0.742108	0.022897 	0.007416
-21.100000	0.035529	-0.703333	0.738862	0.022551 	0.007433
-21.000000	0.035613	-0.700000	0.735613	0.022199 	0.007449
-20.900000	0.035695	-0.696667	0.732362	0.021842 	0.007465
-20.800000	0.035775	-0.693333	0.729108	0.021479 	0.007482
-20.700000	0.035852	-0.690000	0.725852	0.021110 	0.007499
-20.600000	0.035926	-0.686667	0.722593	0.020735 	0.007516
-20.500000	0.035998	-0.683333	0.719331	0.020354 	0.007533
-20.400000	0.036066	-0.680000	0.716066	0.019967 	0.007550
-20.300000	0.036132	-0.676667	0.712799	0.019574 	0.007567
-20.200000	0.036196	-0.673333	0.709529	0.019175 	0.007585
-20.100000	0.036256	-0.670000	0.706256	0.018769 	0.007602
-20.000000	0.036314	-0.666667	0.702980	0.018357 	0.007620
-19.900000	0.036368	-0.663333	0.699701	0.017938 	0.007638
-19.800000	0.036420	-0.660000	0.696420	0.017513 	0.007656
-19.700000	0.036469	-0.656667	0.693135	0.017081 	0.007674
-19.600000	0.036514	-0.653333	0.689848	0.016641 	0.007692
-19.500000	0.036557	-0.650000	0.686557	0.016195 	0.007710
-19.400000	0.036596	-0.646667	0.683263	0.015742 	0.007729
-19.300000	0.036633	-0.643333	0.679966	0.015282 	0.007748
-19.200000	0.036666	-0.640000	0.676666	0.014814 	0.007767
-19.100000	0.036696	-0.636667	0.673363	0.014339 	0.007786
-19.000000	0.036723	-0.633333	0.670056	0.013856 	0.007805
-18.900000	0.036746	-0.630000	0.666746	0.013366 	0.007824
-18.800000	0.036766	-0.626667	0.663433	0.012867 	0.007844
-18.700000	0.036783	-0.623333	0.660117	0.012361 	0.007863
-18.600000	0.036797	-0.620000	0.656797	0.011847 	0.007883
-18.500000	0.036806	-0.616667	0.653473	0.011325 	0.007903
-18.400000	0.036813	-0.613333	0.650146	0.010794 	0.007923
-18.300000	0.036816	-0.610000	0.646816	0.010255 	0.007944
-18.200000	0.036815	-0.606667	0.643481	0.009708 	0.007964
-18.100000	0.036810	-0.603333	0.640144	0.009152 	0.007985
-18.000000	0.036802	-0.600000	0.636802	0.008587 	0.008006
-17.900000	0.036790	-0.596667	0.633457	0.008013 	0.008027
-17.800000	0.036774	-0.593333	0.630108	0.007429 	0.008048
-17.700000	0.036755	-0.590000	0.626755	0.006837 	0.008070
-17.600000	0.036732	-0.586667	0.623398	0.006235 	0.008092
-17.500000	0.036704	-0.583333	0.620037	0.005624 	0.008113
-17.400000	0.036673	-0.580000	0.616673	0.005002 	0.008136
-17.300000	0.036637	-0.576667	0.613304	0.004371 	0.008158
-17.200000	0.036598	-0.573333	0.609931	0.003730 	0.008180
-17.100000	0.036554	-0.570000	0.606554	0.003079 	0.008203
-17.000000	0.036506	-0.566667	0.603173	0.002417 	0.008226
-16.900000	0.036454	-0.563333	0.599787	0.001744 	0.008249
-16.800000	0.036398	-0.560000	0.596398	0.001061 	0.008273
-16.700000	0.036337	-0.556667	0.593004	0.000367 	0.008296
-16.600000	0.036272	-0.553333	0.589605	-0.000339 	0.008320
-16.500000	0.036202	-0.550000	0.586202	-0.001056 	0.008344
-16.400000	0.036128	-0.546667	0.582794	-0.001784 	0.008369
-16.300000	0.036049	-0.543333	0.579382	-0.002524 	0.008393
-16.200000	0.035965	-0.540000	0.575965	-0.003276 	0.008418
-16.100000	0.035877	-0.536667	0.572544	-0.004041 	0.008443
-16.000000	0.035784	-0.533333	0.569117	-0.004817 	0.008469
-15.900000	0.035686	-0.530000	0.565686	-0.005607 	0.008494
-15.800000	0.035583	-0.526667	0.562250	-0.006409 	0.008520
-15.700000	0.035475	-0.523333	0.558809	-0.007224 	0.008546
-15.600000	0.035363	-0.520000	0.555363	-0.008053 	0.008573
-15.500000	0.035245	-0.516667	0.551911	-0.008895 	0.008600
-15.400000	0.035122	-0.513333	0.548455	-0.009751 	0.008627
-15.300000	0.034993	-0.510000	0.544993	-0.010621 	0.008654
-15.200000	0.034860	-0.506667	0.541526	-0.011505 	0.008682
-15.100000	0.034721	-0.503333	0.538054	-0.012405 	0.008710
-15.000000	0.034576	-0.500000	0.534576	-0.013318 	0.008738
-14.900000	0.034426	-0.496667	0.531093	-0.014247 	0.008767
-14.800000	0.034270	-0.493333	0.527604	-0.015192 	0.008796
-14.700000	0.034109	-0.490000	0.524109	-0.016152 	0.008825
-14.600000	0.033942	-0.486667	0.520609	-0.017128 	0.008854
-14.500000	0.033769	-0.483333	0.517102	-0.018121 	0.008884
-14.400000	0.033590	-0.480000	0.513590	-0.019130 	0.008915
-14.300000	0.033405	-0.476667	0.510072	-0.020156 	0.008945
-14.200000	0.033214	-0.473333	0.506547	-0.021200 	0.008976
-14.100000	0.033017	-0.470000	0.503017	-0.022261 	0.009008
-14.000000	0.032814	-0.466667	0.499480	-0.023340 	0.009040
-13.900000	0.032604	-0.463333	0.495937	-0.024437 	0.009072
-13.800000	0.032388	-0.460000	0.492388	-0.025554 	0.009105
-13.700000	0.032165	-0.456667	0.488832	-0.026689 	0.009138
-13.600000	0.031936	-0.453333	0.485269	-0.027843 	0.009171
-13.500000	0.031699	-0.450000	0.481699	-0.029017 	0.009205
-13.400000	0.031457	-0.446667	0.478123	-0.030212 	0.009239
-13.300000	0.031207	-0.443333	0.474540	-0.031427 	0.009274
-13.200000	0.030950	-0.440000	0.470950	-0.032663 	0.009310
-13.100000	0.030686	-0.436667	0.467353	-0.033921 	0.009345
-13.000000	0.030415	-0.433333	0.463748	-0.035200 	0.009382
-12.900000	0.030136	-0.430000	0.460136	-0.036502 	0.009418
-12.800000	0.029850	-0.426667	0.456517	-0.037827 	0.009456
-12.700000	0.029557	-0.423333	0.452890	-0.039174 	0.009493
-12.600000	0.029256	-0.420000	0.449256	-0.040546 	0.009532
-12.500000	0.028947	-0.416667	0.445613	-0.041941 	0.009571
-12.400000	0.028630	-0.413333	0.441963	-0.043362 	0.009610
-12.300000	0.028305	-0.410000	0.438305	-0.044807 	0.009650
-12.200000	0.027972	-0.406667	0.434639	-0.046278 	0.009691
-12.100000	0.027631	-0.403333	0.430964	-0.047776 	0.009732
-12.000000	0.027281	-0.400000	0.427281	-0.049300 	0.009774
-11.900000	0.026923	-0.396667	0.423589	-0.050851 	0.009816
-11.800000	0.026556	-0.393333	0.419889	-0.052431 	0.009859
-11.700000	0.026180	-0.390000	0.416180	-0.054038 	0.009903
-11.600000	0.025796	-0.386667	0.412462	-0.055675 	0.009948
-11.500000	0.025402	-0.383333	0.408735	-0.057342 	0.009993
-11.400000	0.024999	-0.380000	0.404999	-0.059038 	0.010039
-11.300000	0.024586	-0.376667	0.401253	-0.060766 	0.010086
-11.200000	0.024164	-0.373333	0.397498	-0.062525 	0.010133
-11.100000	0.023733	-0.370000	0.393733	-0.064316 	0.010182
-11.000000	0.023291	-0.366667	0.389958	-0.066140 	0.010231
-10.900000	0.022839	-0.363333	0.386173	-0.067998 	0.010281
-10.800000	0.022377	-0.360000	0.382377	-0.069890 	0.010332
-10.700000	0.021905	-0.356667	0.378572	-0.071816 	0.010383
-10.600000	0.021422	-0.353333	0.374756	-0.073778 	0.010436
-10.500000	0.020929	-0.350000	0.370929	-0.075777 	0.010490
-10.400000	0.020424	-0.346667	0.367091	-0.077812 	0.010545
-10.300000	0.019908	-0.343333	0.363241	-0.079886 	0.010600
-10.200000	0.019381	-0.340000	0.359381	-0.081998 	0.010657
-10.100000	0.018842	-0.336667	0.355509	-0.084149 	0.010715
-10.000000	0.018292	-0.333333	0.351625	-0.086340 	0.010774
-9.900000	0.017729	-0.330000	0.347729	-0.088573 	0.010834
-9.800000	0.017154	-0.326667	0.343821	-0.090847 	0.010896
-9.700000	0.016567	-0.323333	0.339900	-0.093164 	0.010958
-9.600000	0.015967	-0.320000	0.335967	-0.095525 	0.011022
-9.500000	0.015354	-0.316667	0.332021	-0.097930 	0.011088
-9.400000	0.014728	-0.313333	0.328062	-0.100380 	0.011154
-9.300000	0.014089	-0.310000	0.324089	-0.102877 	0.011222
-9.200000	0.013436	-0.306667	0.320103	-0.105421 	0.011292
-9.100000	0.012769	-0.303333	0.316103	-0.108014 	0.011363
-9.000000	0.012088	-0.300000	0.312088	-0.110656 	0.011436
-8.900000	0.011393	-0.296667	0.308060	-0.113349 	0.011511
-8.800000	0.010683	-0.293333	0.304017	-0.116093 	0.011587
-8.700000	0.009959	-0.290000	0.299959	-0.118891 	0.011665
-8.600000	0.009219	-0.286667	0.295886	-0.121743 	0.011745
-8.500000	0.008464	-0.283333	0.291797	-0.124650 	0.011827
-8.400000	0.007693	-0.280000	0.287693	-0.127614 	0.011911
-8.300000	0.006906	-0.276667	0.283573	-0.130637 	0.011997
-8.200000	0.006104	-0.273333	0.279437	-0.133720 	0.012086
-8.100000	0.005285	-0.270000	0.275285	-0.136864 	0.012177
-8.000000	0.004449	-0.266667	0.271116	-0.140071 	0.012270
-7.900000	0.003597	-0.263333	0.266930	-0.143343 	0.012366
-7.800000	0.002727	-0.260000	0.262727	-0.146681 	0.012464
-7.700000	0.001841	-0.256667	0.258507	-0.150087 	0.012566
-7.600000	0.000936	-0.253333	0.254270	-0.153564 	0.012670
-7.500000	0.000014	-0.250000	0.250014	-0.157113 	0.012777
-7.400000	-0.000926	-0.246667	0.245741	-0.160736 	0.012888
-7.300000	-0.001884	-0.243333	0.241449	-0.164435 	0.013002
-7.200000	-0.002861	-0.240000	0.237139	-0.168213 	0.013119
-7.100000	-0.003856	-0.236667	0.232811	-0.172071 	0.013241
-7.000000	-0.004870	-0.233333	0.228463	-0.176012 	0.013366
-6.900000	-0.005903	-0.230000	0.224097	-0.180038 	0.013496
-6.800000	-0.006955	-0.226667	0.219711	-0.184152 	0.013630
-6.700000	-0.008027	-0.223333	0.215306	-0.188357 	0.013769
-6.600000	-0.009118	-0.220000	0.210882	-0.192653 	0.013912
-6.500000	-0.010229	-0.216667	0.206437	-0.197045 	0.014061
-6.400000	-0.011360	-0.213333	0.201973	-0.201535 	0.014216
-6.300000	-0.012511	-0.210000	0.197489	-0.206125 	0.014376
-6.200000	-0.013682	-0.206667	0.192985	-0.210818 	0.014543
-6.100000	-0.014873	-0.203333	0.188460	-0.215616 	0.014717
-6.000000	-0.016085	-0.200000	0.183915	-0.220523 	0.014897
-5.900000	-0.017317	-0.196667	0.179350	-0.225540 	0.015086
-5.800000	-0.018569	-0.193333	0.174764	-0.230671 	0.015282
-5.700000	-0.019842	-0.190000	0.170158	-0.235917 	0.015488
-5.600000	-0.021135	-0.186667	0.165532	-0.241281 	0.015703
-5.500000	-0.022448	-0.183333	0.160885	-0.246766 	0.015928
-5.400000	-0.023782	-0.180000	0.156218	-0.252373 	0.016164
-5.300000	-0.025135	-0.176667	0.151531	-0.258104 	0.016412
-5.200000	-0.026509	-0.173333	0.146825	-0.263961 	0.016673
-5.100000	-0.027901	-0.170000	0.142099	-0.269944 	0.016948
-5.000000	-0.029313	-0.166667	0.137353	-0.276055 	0.017238
-4.900000	-0.030744	-0.163333	0.132589	-0.282293 	0.017545
-4.800000	-0.032193	-0.160000	0.127807	-0.288659 	0.017871
-4.700000	-0.033659	-0.156667	0.123007	-0.295150 	0.018216
-4.600000	-0.035143	-0.153333	0.118191	-0.301765 	0.018583
-4.500000	-0.036642	-0.150000	0.113358	-0.308499 	0.018975
-4.400000	-0.038157	-0.146667	0.108510	-0.315348 	0.019395
-4.300000	-0.039685	-0.143333	0.103648	-0.322305 	0.019844
-4.200000	-0.041227	-0.140000	0.098773	-0.329361 	0.020328
-4.100000	-0.042780	-0.136667	0.093887	-0.336502 	0.020850
-4.000000	-0.044343	-0.133333	0.088990	-0.343715 	0.021416
-3.900000	-0.045914	-0.130000	0.084086	-0.350978 	0.022032
-3.800000	-0.047491	-0.126667	0.079176	-0.358266 	0.022705
-3.700000	-0.049072	-0.123333	0.074261	-0.365545 	0.023444
-3.600000	-0.050654	-0.120000	0.069346	-0.372772 	0.024261
-3.500000	-0.052234	-0.116667	0.064433	-0.379890 	0.025169
-3.400000	-0.053809	-0.113333	0.059524	-0.386830 	0.026186
-3.300000	-0.055375	-0.110000	0.054625	-0.393492 	0.027335
-3.200000	-0.056928	-0.106667	0.049739	-0.399748 	0.028646
-3.100000	-0.058462	-0.103333	0.044871	-0.405428 	0.030160
-3.000000	-0.059972	-0.100000	0.040028	-0.410285 	0.031933
-2.900000	-0.061451	-0.096667	0.035216	-0.413985 	0.034045
-2.800000	-0.062890	-0.093333	0.030444	-0.416028 	0.036616
-2.700000	-0.064277	-0.090000	0.025723	-0.415643 	0.039834
-2.600000	-0.065600	-0.086667	0.021066	-0.411675 	0.044017
-2.500000	-0.066866	-0.083333	0.016468	-0.402716 	0.049785
-2.400000	-0.068166	-0.080000	0.011834	-0.388067 	0.058729
-2.300000	-0.069919	-0.076667	0.006748	-0.372963 	0.077776
-2.200000	-0.070356	-0.073333	0.002977	0.000000 	0.000000
-2.100000	-0.067542	-0.070000	0.002458	0.000000 	0.000000
-2.000000	-0.064098	-0.066667	0.002569	0.000000 	0.000000
-1.900000	-0.060661	-0.063333	0.002673	0.000000 	0.000000
-1.800000	-0.057272	-0.060000	0.002728	0.000000 	0.000000
-1.700000	-0.053915	-0.056667	0.002752	0.000000 	0.000000
-1.600000	-0.050566	-0.053333	0.002767	0.000000 	0.000000
-1.500000	-0.047216	-0.050000	0.002784	0.000000 	0.000000
-1.400000	-0.043879	-0.046667	0.002787	0.000000 	0.000000
-1.300000	-0.040543	-0.043333	0.002790	0.000000 	0.000000
-1.200000	-0.037204	-0.040000	0.002796	0.000000 	0.000000
-1.100000	-0.033871	-0.036667	0.002796	0.000000 	0.000000
-1.000000	-0.030525	-0.033333	0.002808	0.000000 	0.000000
-0.900000	-0.027200	-0.030000	0.002800	0.000000 	0.000000
-0.800000	-0.023866	-0.026667	0.002801	0.000000 	0.000000
-0.700000	-0.020532	-0.023333	0.002801	0.000000 	0.000000
-0.600000	-0.017202	-0.020000	0.002798	0.000000 	0.000000
-0.500000	-0.013864	-0.016667	0.002803	0.000000 	0.000000
-0.400000	-0.010538	-0.013333	0.002795	0.000000 	0.000000
-0.300000	-0.007203	-0.010000	0.002797	0.000000 	0.000000
-0.200000	-0.003876	-0.006667	0.002790	0.000000 	0.000000
-0.100000	-0.000544	-0.003333	0.002789	0.000000 	0.000000
0.000000	0.002786	0.000000	0.002786	0.000000 	0.000000
0.100000	0.006106	0.003333	0.002773	0.000000 	0.000000
0.200000	0.009437	0.006667	0.002771	0.000000 	0.000000
0.300000	0.012769	0.010000	0.002769	0.000000 	0.000000
0.400000	0.016100	0.013333	0.002766	0.000000 	0.000000
0.500000	0.019422	0.016667	0.002755	0.000000 	0.000000
0.600000	0.022743	0.020000	0.002743	0.000000 	0.000000
0.700000	0.026065	0.023333	0.002731	0.000000 	0.000000
0.800000	0.029396	0.026667	0.002730	0.000000 	0.000000
0.900000	0.032724	0.030000	0.002724	0.000000 	0.000000
1.000000	0.036046	0.033333	0.002713	0.000000 	0.000000
1.100000	0.039370	0.036667	0.002703	0.000000 	0.000000
1.200000	0.042694	0.040000	0.002694	0.000000 	0.000000
1.300000	0.046021	0.043333	0.002688	0.000000 	0.000000
1.400000	0.049345	0.046667	0.002679	0.000000 	0.000000
1.500000	0.052662	0.050000	0.002662	0.000000 	0.000000
1.600000	0.055987	0.053333	0.002654	0.000000 	0.000000
1.700000	0.059309	0.056667	0.002643	0.000000 	0.000000
1.800000	0.062641	0.060000	0.002641	0.000000 	0.000000
1.900000	0.065948	0.063333	0.002615	0.000000 	0.000000
2.000000	0.069287	0.066667	0.002620	0.000000 	0.000000
2.100000	0.072592	0.070000	0.002592	0.000000 	0.000000
2.200000	0.075920	0.073333	0.002587	0.000000 	0.000000
2.300000	0.079258	0.076667	0.002591	0.000000 	0.000000
2.400000	0.082529	0.080000	0.002529	0.000000 	0.000000
2.500000	0.085939	0.083333	0.002606	0.000000 	0.000000
2.600000	0.089135	0.086667	0.002469	0.000000 	0.000000
2.700000	0.092518	0.090000	0.002518	0.000000 	0.000000
2.800000	0.095877	0.093333	0.002544	0.000000 	0.000000
2.900000	0.098752	0.096667	0.002086	0.000000 	0.000000
3.000000	0.100000	0.100000	0.000000	0.000000 	0.000000
3.100000	0.103333	0.103333	0.000000	0.000000 	0.000000
3.200000	0.106667	0.106667	0.000000	0.000000 	0.000000
3.300000	0.110000	0.110000	0.000000	0.000000 	0.000000
3.400000	0.113333	0.113333	0.000000	0.000000 	0.000000
3.500000	0.116667	0.116667	0.000000	0.000000 	0.000000
3.600000	0.120000	0.120000	0.000000	0.000000 	0.000000
3.700000	0.123333	0.123333	0.000000	0.000000 	0.000000
3.800000	0.126667	0.126667	0.000000	0.000000 	0.000000
3.900000	0.130000	0.130000	0.000000	0.000000 	0.000000
4.000000	0.133333	0.133333	0.000000	0.000000 	0.000000
4.100000	0.136667	0.136667	0.000000	0.000000 	0.000000
4.200000	0.140000	0.140000	0.000000	0.000000 	0.000000
4.300000	0.143333	0.143333	0.000000	0.000000 	0.000000
4.400000	0.146667	0.146667	0.000000	0.000000 	0.000000
4.500000	0.150000	0.150000	0.000000	0.000000 	0.000000
4.600000	0.153333	0.153333	0.000000	0.000000 	0.000000
4.700000	0.156667	0.156667	0.000000	0.000000 	0.000000
4.800000	0.160000	0.160000	0.000000	0.000000 	0.000000
4.900000	0.163333	0.163333	0.000000	0.000000 	0.000000
5.000000	0.166667	0.166667	0.000000	0.000000 	0.000000
5.100000	0.170000	0.170000	0.000000	0.000000 	0.000000
5.200000	0.173333	0.173333	0.000000	0.000000 	0.000000
5.300000	0.176667	0.176667	0.000000	0.000000 	0.000000
5.400000	0.180000	0.180000	0.000000	0.000000 	0.000000
5.500000	0.183333	0.183333	0.000000	0.000000 	0.000000
5.600000	0.186667	0.186667	0.000000	0.000000 	0.000000
5.700000	0.190000	0.190000	0.000000	0.000000 	0.000000
5.800000	0.193333	0.193333	0.000000	0.000000 	0.000000
5.900000	0.196667	0.196667	0.000000	0.000000 	0.000000
6.000000	0.200000	0.200000	0.000000	0.000000 	0.000000
6.100000	0.203333	0.203333	0.000000	0.000000 	0.000000
6.200000	0.206667	0.206667	0.000000	0.000000 	0.000000
6.300000	0.210000	0.210000	0.000000	0.000000 	0.000000
6.400000	0.213333	0.213333	0.000000	0.000000 	0.000000
6.500000	0.216667	0.216667	0.000000	0.000000 	0.000000
6.600000	0.220000	0.220000	0.000000	0.000000 	0.000000
6.700000	0.223333	0.223333	0.000000	0.000000 	0.000000
6.800000	0.226667	0.226667	0.000000	0.000000 	0.000000
6.900000	0.230000	0.230000	0.000000	0.000000 	0.000000
7.000000	0.233333	0.233333	0.000000	0.000000 	0.000000
7.100000	0.236667	0.236667	0.000000	0.000000 	0.000000
7.200000	0.240000	0.240000	0.000000	0.000000 	0.000000
7.300000	0.243333	0.243333	0.000000	0.000000 	0.000000
7.400000	0.246667	0.246667	0.000000	0.000000 	0.000000
7.500000	0.250000	0.250000	0.000000	0.000000 	0.000000
7.600000	0.253333	0.253333	0.000000	0.000000 	0.000000
7.700000	0.256667	0.256667	0.000000	0.000000 	0.000000
7.800000	0.260000	0.260000	0.000000	0.000000 	0.000000
7.900000	0.263333	0.263333	0.000000	0.000000 	0.000000
8.000000	0.266667	0.266667	0.000000	0.000000 	0.000000
8.100000	0.270000	0.270000	0.000000	0.000000 	0.000000
8.200000	0.273333	0.273333	0.000000	0.000000 	0.000000
8.300000	0.276667	0.276667	0.000000	0.000000 	0.000000
8.400000	0.280000	0.280000	0.000000	0.000000 	0.000000
8.500000	0.283333	0.283333	0.000000	0.000000 	0.000000
8.600000	0.286667	0.286667	0.000000	0.000000 	0.000000
8.700000	0.290000	0.290000	0.000000	0.000000 	0.000000
8.800000	0.293333	0.293333	0.000000	0.000000 	0.000000
8.900000	0.296667	0.296667	0.000000	0.000000 	0.000000
9.000000	0.300000	0.300000	0.000000	0.000000 	0.000000
9.100000	0.303333	0.303333	0.000000	0.000000 	0.000000
9.200000	0.306667	0.306667	0.000000	0.000000 	0.000000
9.300000	0.310000	0.310000	0.000000	0.000000 	0.000000
9.400000	0.313333	0.313333	0.000000	0.000000 	0.000000
9.500000	0.316667	0.316667	0.000000	0.000000 	0.000000
9.600000	0.320000	0.320000	0.000000	0.000000 	0.000000
9.700000	0.323333	0.323333	0.000000	0.000000 	0.000000
9.800000	0.326667	0.326667	0.000000	0.000000 	0.000000
9.900000	0.330000	0.330000	0.000000	0.000000 	0.000000
