TITLE="Tsunami Runup" 
VARIABLES=x,Z,Ksi,H,B,U 
ZONE I=1100, DATAPACKING=POINT
-100.000000 	-2.457200e-003 	-2.457200e-003 	3.330876e+000 	-3.333333e+000 	-4.094014e-002 
-99.900000 	-2.422292e-003 	-2.422292e-003 	3.327578e+000 	-3.330000e+000 	-4.103381e-002 
-99.800000 	-2.387283e-003 	-2.387283e-003 	3.324279e+000 	-3.326667e+000 	-4.112686e-002 
-99.700000 	-2.352175e-003 	-2.352175e-003 	3.320981e+000 	-3.323333e+000 	-4.121928e-002 
-99.600000 	-2.316966e-003 	-2.316966e-003 	3.317683e+000 	-3.320000e+000 	-4.131108e-002 
-99.500000 	-2.281659e-003 	-2.281659e-003 	3.314385e+000 	-3.316667e+000 	-4.140225e-002 
-99.400000 	-2.246254e-003 	-2.246254e-003 	3.311087e+000 	-3.313333e+000 	-4.149279e-002 
-99.300000 	-2.210751e-003 	-2.210751e-003 	3.307789e+000 	-3.310000e+000 	-4.158269e-002 
-99.200000 	-2.175151e-003 	-2.175151e-003 	3.304492e+000 	-3.306667e+000 	-4.167195e-002 
-99.100000 	-2.139455e-003 	-2.139455e-003 	3.301194e+000 	-3.303333e+000 	-4.176056e-002 
-99.000000 	-2.103663e-003 	-2.103663e-003 	3.297896e+000 	-3.300000e+000 	-4.184853e-002 
-98.900000 	-2.067776e-003 	-2.067776e-003 	3.294599e+000 	-3.296667e+000 	-4.193585e-002 
-98.800000 	-2.031795e-003 	-2.031795e-003 	3.291302e+000 	-3.293333e+000 	-4.202252e-002 
-98.700000 	-1.995720e-003 	-1.995720e-003 	3.288004e+000 	-3.290000e+000 	-4.210853e-002 
-98.600000 	-1.959552e-003 	-1.959552e-003 	3.284707e+000 	-3.286667e+000 	-4.219388e-002 
-98.500000 	-1.923291e-003 	-1.923291e-003 	3.281410e+000 	-3.283333e+000 	-4.227856e-002 
-98.400000 	-1.886939e-003 	-1.886939e-003 	3.278113e+000 	-3.280000e+000 	-4.236258e-002 
-98.300000 	-1.850496e-003 	-1.850496e-003 	3.274816e+000 	-3.276667e+000 	-4.244592e-002 
-98.200000 	-1.813962e-003 	-1.813962e-003 	3.271519e+000 	-3.273333e+000 	-4.252859e-002 
-98.100000 	-1.777339e-003 	-1.777339e-003 	3.268223e+000 	-3.270000e+000 	-4.261058e-002 
-98.000000 	-1.740627e-003 	-1.740627e-003 	3.264926e+000 	-3.266667e+000 	-4.269189e-002 
-97.900000 	-1.703827e-003 	-1.703827e-003 	3.261630e+000 	-3.263333e+000 	-4.277252e-002 
-97.800000 	-1.666939e-003 	-1.666939e-003 	3.258333e+000 	-3.260000e+000 	-4.285245e-002 
-97.700000 	-1.629964e-003 	-1.629964e-003 	3.255037e+000 	-3.256667e+000 	-4.293170e-002 
-97.600000 	-1.592903e-003 	-1.592903e-003 	3.251740e+000 	-3.253333e+000 	-4.301024e-002 
-97.500000 	-1.555757e-003 	-1.555757e-003 	3.248444e+000 	-3.250000e+000 	-4.308809e-002 
-97.400000 	-1.518526e-003 	-1.518526e-003 	3.245148e+000 	-3.246667e+000 	-4.316523e-002 
-97.300000 	-1.481211e-003 	-1.481211e-003 	3.241852e+000 	-3.243333e+000 	-4.324167e-002 
-97.200000 	-1.443813e-003 	-1.443813e-003 	3.238556e+000 	-3.240000e+000 	-4.331740e-002 
-97.100000 	-1.406332e-003 	-1.406332e-003 	3.235260e+000 	-3.236667e+000 	-4.339242e-002 
-97.000000 	-1.368770e-003 	-1.368770e-003 	3.231965e+000 	-3.233333e+000 	-4.346671e-002 
-96.900000 	-1.331127e-003 	-1.331127e-003 	3.228669e+000 	-3.230000e+000 	-4.354029e-002 
-96.800000 	-1.293404e-003 	-1.293404e-003 	3.225373e+000 	-3.226667e+000 	-4.361314e-002 
-96.700000 	-1.255601e-003 	-1.255601e-003 	3.222078e+000 	-3.223333e+000 	-4.368527e-002 
-96.600000 	-1.217720e-003 	-1.217720e-003 	3.218782e+000 	-3.220000e+000 	-4.375666e-002 
-96.500000 	-1.179760e-003 	-1.179760e-003 	3.215487e+000 	-3.216667e+000 	-4.382732e-002 
-96.400000 	-1.141724e-003 	-1.141724e-003 	3.212192e+000 	-3.213333e+000 	-4.389724e-002 
-96.300000 	-1.103612e-003 	-1.103612e-003 	3.208896e+000 	-3.210000e+000 	-4.396642e-002 
-96.200000 	-1.065424e-003 	-1.065424e-003 	3.205601e+000 	-3.206667e+000 	-4.403486e-002 
-96.100000 	-1.027161e-003 	-1.027161e-003 	3.202306e+000 	-3.203333e+000 	-4.410254e-002 
-96.000000 	-9.888246e-004 	-9.888246e-004 	3.199011e+000 	-3.200000e+000 	-4.416948e-002 
-95.900000 	-9.504151e-004 	-9.504151e-004 	3.195716e+000 	-3.196667e+000 	-4.423565e-002 
-95.800000 	-9.119332e-004 	-9.119332e-004 	3.192421e+000 	-3.193333e+000 	-4.430107e-002 
-95.700000 	-8.733799e-004 	-8.733799e-004 	3.189127e+000 	-3.190000e+000 	-4.436573e-002 
-95.600000 	-8.347561e-004 	-8.347561e-004 	3.185832e+000 	-3.186667e+000 	-4.442962e-002 
-95.500000 	-7.960624e-004 	-7.960624e-004 	3.182537e+000 	-3.183333e+000 	-4.449273e-002 
-95.400000 	-7.572998e-004 	-7.572998e-004 	3.179243e+000 	-3.180000e+000 	-4.455508e-002 
-95.300000 	-7.184691e-004 	-7.184691e-004 	3.175948e+000 	-3.176667e+000 	-4.461665e-002 
-95.200000 	-6.795712e-004 	-6.795712e-004 	3.172654e+000 	-3.173333e+000 	-4.467744e-002 
-95.100000 	-6.406069e-004 	-6.406069e-004 	3.169359e+000 	-3.170000e+000 	-4.473744e-002 
-95.000000 	-6.015770e-004 	-6.015770e-004 	3.166065e+000 	-3.166667e+000 	-4.479666e-002 
-94.900000 	-5.624825e-004 	-5.624825e-004 	3.162771e+000 	-3.163333e+000 	-4.485508e-002 
-94.800000 	-5.233241e-004 	-5.233241e-004 	3.159477e+000 	-3.160000e+000 	-4.491271e-002 
-94.700000 	-4.841029e-004 	-4.841029e-004 	3.156183e+000 	-3.156667e+000 	-4.496954e-002 
-94.600000 	-4.448196e-004 	-4.448196e-004 	3.152889e+000 	-3.153333e+000 	-4.502557e-002 
-94.500000 	-4.054751e-004 	-4.054751e-004 	3.149595e+000 	-3.150000e+000 	-4.508080e-002 
-94.400000 	-3.660703e-004 	-3.660703e-004 	3.146301e+000 	-3.146667e+000 	-4.513522e-002 
-94.300000 	-3.266062e-004 	-3.266062e-004 	3.143007e+000 	-3.143333e+000 	-4.518882e-002 
-94.200000 	-2.870835e-004 	-2.870835e-004 	3.139713e+000 	-3.140000e+000 	-4.524161e-002 
-94.100000 	-2.475033e-004 	-2.475033e-004 	3.136419e+000 	-3.136667e+000 	-4.529358e-002 
-94.000000 	-2.078665e-004 	-2.078665e-004 	3.133125e+000 	-3.133333e+000 	-4.534472e-002 
-93.900000 	-1.681739e-004 	-1.681739e-004 	3.129832e+000 	-3.130000e+000 	-4.539504e-002 
-93.800000 	-1.284264e-004 	-1.284264e-004 	3.126538e+000 	-3.126667e+000 	-4.544453e-002 
-93.700000 	-8.862508e-005 	-8.862508e-005 	3.123245e+000 	-3.123333e+000 	-4.549319e-002 
-93.600000 	-4.877078e-005 	-4.877078e-005 	3.119951e+000 	-3.120000e+000 	-4.554101e-002 
-93.500000 	-8.864437e-006 	-8.864437e-006 	3.116658e+000 	-3.116667e+000 	-4.558799e-002 
-93.400000 	3.109299e-005 	3.109299e-005 	3.113364e+000 	-3.113333e+000 	-4.563412e-002 
-93.300000 	7.110056e-005 	7.110056e-005 	3.110071e+000 	-3.110000e+000 	-4.567941e-002 
-93.200000 	1.111573e-004 	1.111573e-004 	3.106778e+000 	-3.106667e+000 	-4.572385e-002 
-93.100000 	1.512623e-004 	1.512623e-004 	3.103485e+000 	-3.103333e+000 	-4.576743e-002 
-93.000000 	1.914146e-004 	1.914146e-004 	3.100191e+000 	-3.100000e+000 	-4.581015e-002 
-92.900000 	2.316131e-004 	2.316131e-004 	3.096898e+000 	-3.096667e+000 	-4.585201e-002 
-92.800000 	2.718570e-004 	2.718570e-004 	3.093605e+000 	-3.093333e+000 	-4.589301e-002 
-92.700000 	3.121452e-004 	3.121452e-004 	3.090312e+000 	-3.090000e+000 	-4.593314e-002 
-92.600000 	3.524768e-004 	3.524768e-004 	3.087019e+000 	-3.086667e+000 	-4.597239e-002 
-92.500000 	3.928508e-004 	3.928508e-004 	3.083726e+000 	-3.083333e+000 	-4.601077e-002 
-92.400000 	4.332661e-004 	4.332661e-004 	3.080433e+000 	-3.080000e+000 	-4.604828e-002 
-92.300000 	4.737219e-004 	4.737219e-004 	3.077140e+000 	-3.076667e+000 	-4.608489e-002 
-92.200000 	5.142170e-004 	5.142170e-004 	3.073848e+000 	-3.073333e+000 	-4.612063e-002 
-92.100000 	5.547504e-004 	5.547504e-004 	3.070555e+000 	-3.070000e+000 	-4.615547e-002 
-92.000000 	5.953213e-004 	5.953213e-004 	3.067262e+000 	-3.066667e+000 	-4.618942e-002 
-91.900000 	6.359284e-004 	6.359284e-004 	3.063969e+000 	-3.063333e+000 	-4.622247e-002 
-91.800000 	6.765709e-004 	6.765709e-004 	3.060677e+000 	-3.060000e+000 	-4.625462e-002 
-91.700000 	7.172476e-004 	7.172476e-004 	3.057384e+000 	-3.056667e+000 	-4.628587e-002 
-91.600000 	7.579576e-004 	7.579576e-004 	3.054091e+000 	-3.053333e+000 	-4.631621e-002 
-91.500000 	7.986998e-004 	7.986998e-004 	3.050799e+000 	-3.050000e+000 	-4.634564e-002 
-91.400000 	8.394732e-004 	8.394732e-004 	3.047506e+000 	-3.046667e+000 	-4.637416e-002 
-91.300000 	8.802767e-004 	8.802767e-004 	3.044214e+000 	-3.043333e+000 	-4.640175e-002 
-91.200000 	9.211092e-004 	9.211092e-004 	3.040921e+000 	-3.040000e+000 	-4.642843e-002 
-91.100000 	9.619697e-004 	9.619697e-004 	3.037629e+000 	-3.036667e+000 	-4.645418e-002 
-91.000000 	1.002857e-003 	1.002857e-003 	3.034336e+000 	-3.033333e+000 	-4.647901e-002 
-90.900000 	1.043771e-003 	1.043771e-003 	3.031044e+000 	-3.030000e+000 	-4.650290e-002 
-90.800000 	1.084709e-003 	1.084709e-003 	3.027751e+000 	-3.026667e+000 	-4.652586e-002 
-90.700000 	1.125670e-003 	1.125670e-003 	3.024459e+000 	-3.023333e+000 	-4.654788e-002 
-90.600000 	1.166655e-003 	1.166655e-003 	3.021167e+000 	-3.020000e+000 	-4.656895e-002 
-90.500000 	1.207661e-003 	1.207661e-003 	3.017874e+000 	-3.016667e+000 	-4.658908e-002 
-90.400000 	1.248687e-003 	1.248687e-003 	3.014582e+000 	-3.013333e+000 	-4.660826e-002 
-90.300000 	1.289733e-003 	1.289733e-003 	3.011290e+000 	-3.010000e+000 	-4.662649e-002 
-90.200000 	1.330797e-003 	1.330797e-003 	3.007997e+000 	-3.006667e+000 	-4.664377e-002 
-90.100000 	1.371878e-003 	1.371878e-003 	3.004705e+000 	-3.003333e+000 	-4.666008e-002 
-90.000000 	1.412975e-003 	1.412975e-003 	3.001413e+000 	-3.000000e+000 	-4.667543e-002 
-89.900000 	1.454088e-003 	1.454088e-003 	2.998121e+000 	-2.996667e+000 	-4.668981e-002 
-89.800000 	1.495213e-003 	1.495213e-003 	2.994829e+000 	-2.993333e+000 	-4.670323e-002 
-89.700000 	1.536352e-003 	1.536352e-003 	2.991536e+000 	-2.990000e+000 	-4.671567e-002 
-89.600000 	1.577502e-003 	1.577502e-003 	2.988244e+000 	-2.986667e+000 	-4.672713e-002 
-89.500000 	1.618662e-003 	1.618662e-003 	2.984952e+000 	-2.983333e+000 	-4.673761e-002 
-89.400000 	1.659832e-003 	1.659832e-003 	2.981660e+000 	-2.980000e+000 	-4.674711e-002 
-89.300000 	1.701010e-003 	1.701010e-003 	2.978368e+000 	-2.976667e+000 	-4.675563e-002 
-89.200000 	1.742195e-003 	1.742195e-003 	2.975076e+000 	-2.973333e+000 	-4.676315e-002 
-89.100000 	1.783385e-003 	1.783385e-003 	2.971783e+000 	-2.970000e+000 	-4.676968e-002 
-89.000000 	1.824580e-003 	1.824580e-003 	2.968491e+000 	-2.966667e+000 	-4.677521e-002 
-88.900000 	1.865779e-003 	1.865779e-003 	2.965199e+000 	-2.963333e+000 	-4.677974e-002 
-88.800000 	1.906980e-003 	1.906980e-003 	2.961907e+000 	-2.960000e+000 	-4.678326e-002 
-88.700000 	1.948182e-003 	1.948182e-003 	2.958615e+000 	-2.956667e+000 	-4.678578e-002 
-88.600000 	1.989384e-003 	1.989384e-003 	2.955323e+000 	-2.953333e+000 	-4.678729e-002 
-88.500000 	2.030585e-003 	2.030585e-003 	2.952031e+000 	-2.950000e+000 	-4.678778e-002 
-88.400000 	2.071783e-003 	2.071783e-003 	2.948738e+000 	-2.946667e+000 	-4.678725e-002 
-88.300000 	2.112978e-003 	2.112978e-003 	2.945446e+000 	-2.943333e+000 	-4.678571e-002 
-88.200000 	2.154168e-003 	2.154168e-003 	2.942154e+000 	-2.940000e+000 	-4.678314e-002 
-88.100000 	2.195351e-003 	2.195351e-003 	2.938862e+000 	-2.936667e+000 	-4.677954e-002 
-88.000000 	2.236528e-003 	2.236528e-003 	2.935570e+000 	-2.933333e+000 	-4.677490e-002 
-87.900000 	2.277696e-003 	2.277696e-003 	2.932278e+000 	-2.930000e+000 	-4.676924e-002 
-87.800000 	2.318855e-003 	2.318855e-003 	2.928986e+000 	-2.926667e+000 	-4.676253e-002 
-87.700000 	2.360003e-003 	2.360003e-003 	2.925693e+000 	-2.923333e+000 	-4.675479e-002 
-87.600000 	2.401139e-003 	2.401139e-003 	2.922401e+000 	-2.920000e+000 	-4.674599e-002 
-87.500000 	2.442261e-003 	2.442261e-003 	2.919109e+000 	-2.916667e+000 	-4.673615e-002 
-87.400000 	2.483369e-003 	2.483369e-003 	2.915817e+000 	-2.913333e+000 	-4.672526e-002 
-87.300000 	2.524461e-003 	2.524461e-003 	2.912524e+000 	-2.910000e+000 	-4.671331e-002 
-87.200000 	2.565536e-003 	2.565536e-003 	2.909232e+000 	-2.906667e+000 	-4.670031e-002 
-87.100000 	2.606593e-003 	2.606593e-003 	2.905940e+000 	-2.903333e+000 	-4.668624e-002 
-87.000000 	2.647631e-003 	2.647631e-003 	2.902648e+000 	-2.900000e+000 	-4.667111e-002 
-86.900000 	2.688647e-003 	2.688647e-003 	2.899355e+000 	-2.896667e+000 	-4.665491e-002 
-86.800000 	2.729642e-003 	2.729642e-003 	2.896063e+000 	-2.893333e+000 	-4.663763e-002 
-86.700000 	2.770614e-003 	2.770614e-003 	2.892771e+000 	-2.890000e+000 	-4.661928e-002 
-86.600000 	2.811561e-003 	2.811561e-003 	2.889478e+000 	-2.886667e+000 	-4.659986e-002 
-86.500000 	2.852482e-003 	2.852482e-003 	2.886186e+000 	-2.883333e+000 	-4.657935e-002 
-86.400000 	2.893376e-003 	2.893376e-003 	2.882893e+000 	-2.880000e+000 	-4.655775e-002 
-86.300000 	2.934242e-003 	2.934242e-003 	2.879601e+000 	-2.876667e+000 	-4.653507e-002 
-86.200000 	2.975078e-003 	2.975078e-003 	2.876308e+000 	-2.873333e+000 	-4.651130e-002 
-86.100000 	3.015883e-003 	3.015883e-003 	2.873016e+000 	-2.870000e+000 	-4.648643e-002 
-86.000000 	3.056656e-003 	3.056656e-003 	2.869723e+000 	-2.866667e+000 	-4.646046e-002 
-85.900000 	3.097396e-003 	3.097396e-003 	2.866431e+000 	-2.863333e+000 	-4.643339e-002 
-85.800000 	3.138101e-003 	3.138101e-003 	2.863138e+000 	-2.860000e+000 	-4.640521e-002 
-85.700000 	3.178770e-003 	3.178770e-003 	2.859845e+000 	-2.856667e+000 	-4.637593e-002 
-85.600000 	3.219401e-003 	3.219401e-003 	2.856553e+000 	-2.853333e+000 	-4.634553e-002 
-85.500000 	3.259994e-003 	3.259994e-003 	2.853260e+000 	-2.850000e+000 	-4.631403e-002 
-85.400000 	3.300547e-003 	3.300547e-003 	2.849967e+000 	-2.846667e+000 	-4.628140e-002 
-85.300000 	3.341059e-003 	3.341059e-003 	2.846674e+000 	-2.843333e+000 	-4.624765e-002 
-85.200000 	3.381528e-003 	3.381528e-003 	2.843382e+000 	-2.840000e+000 	-4.621278e-002 
-85.100000 	3.421953e-003 	3.421953e-003 	2.840089e+000 	-2.836667e+000 	-4.617677e-002 
-85.000000 	3.462333e-003 	3.462333e-003 	2.836796e+000 	-2.833333e+000 	-4.613964e-002 
-84.900000 	3.502667e-003 	3.502667e-003 	2.833503e+000 	-2.830000e+000 	-4.610138e-002 
-84.800000 	3.542952e-003 	3.542952e-003 	2.830210e+000 	-2.826667e+000 	-4.606197e-002 
-84.700000 	3.583189e-003 	3.583189e-003 	2.826917e+000 	-2.823333e+000 	-4.602143e-002 
-84.600000 	3.623374e-003 	3.623374e-003 	2.823623e+000 	-2.820000e+000 	-4.597974e-002 
-84.500000 	3.663508e-003 	3.663508e-003 	2.820330e+000 	-2.816667e+000 	-4.593691e-002 
-84.400000 	3.703589e-003 	3.703589e-003 	2.817037e+000 	-2.813333e+000 	-4.589292e-002 
-84.300000 	3.743615e-003 	3.743615e-003 	2.813744e+000 	-2.810000e+000 	-4.584778e-002 
-84.200000 	3.783585e-003 	3.783585e-003 	2.810450e+000 	-2.806667e+000 	-4.580149e-002 
-84.100000 	3.823498e-003 	3.823498e-003 	2.807157e+000 	-2.803333e+000 	-4.575403e-002 
-84.000000 	3.863353e-003 	3.863353e-003 	2.803863e+000 	-2.800000e+000 	-4.570542e-002 
-83.900000 	3.903147e-003 	3.903147e-003 	2.800570e+000 	-2.796667e+000 	-4.565563e-002 
-83.800000 	3.942880e-003 	3.942880e-003 	2.797276e+000 	-2.793333e+000 	-4.560468e-002 
-83.700000 	3.982550e-003 	3.982550e-003 	2.793983e+000 	-2.790000e+000 	-4.555255e-002 
-83.600000 	4.022156e-003 	4.022156e-003 	2.790689e+000 	-2.786667e+000 	-4.549925e-002 
-83.500000 	4.061697e-003 	4.061697e-003 	2.787395e+000 	-2.783333e+000 	-4.544478e-002 
-83.400000 	4.101171e-003 	4.101171e-003 	2.784101e+000 	-2.780000e+000 	-4.538912e-002 
-83.300000 	4.140577e-003 	4.140577e-003 	2.780807e+000 	-2.776667e+000 	-4.533227e-002 
-83.200000 	4.179913e-003 	4.179913e-003 	2.777513e+000 	-2.773333e+000 	-4.527424e-002 
-83.100000 	4.219178e-003 	4.219178e-003 	2.774219e+000 	-2.770000e+000 	-4.521501e-002 
-83.000000 	4.258371e-003 	4.258371e-003 	2.770925e+000 	-2.766667e+000 	-4.515460e-002 
-82.900000 	4.297491e-003 	4.297491e-003 	2.767631e+000 	-2.763333e+000 	-4.509298e-002 
-82.800000 	4.336535e-003 	4.336535e-003 	2.764337e+000 	-2.760000e+000 	-4.503017e-002 
-82.700000 	4.375503e-003 	4.375503e-003 	2.761042e+000 	-2.756667e+000 	-4.496615e-002 
-82.600000 	4.414392e-003 	4.414392e-003 	2.757748e+000 	-2.753333e+000 	-4.490093e-002 
-82.500000 	4.453203e-003 	4.453203e-003 	2.754453e+000 	-2.750000e+000 	-4.483450e-002 
-82.400000 	4.491933e-003 	4.491933e-003 	2.751159e+000 	-2.746667e+000 	-4.476685e-002 
-82.300000 	4.530580e-003 	4.530580e-003 	2.747864e+000 	-2.743333e+000 	-4.469799e-002 
-82.200000 	4.569145e-003 	4.569145e-003 	2.744569e+000 	-2.740000e+000 	-4.462791e-002 
-82.100000 	4.607624e-003 	4.607624e-003 	2.741274e+000 	-2.736667e+000 	-4.455662e-002 
-82.000000 	4.646017e-003 	4.646017e-003 	2.737979e+000 	-2.733333e+000 	-4.448409e-002 
-81.900000 	4.684323e-003 	4.684323e-003 	2.734684e+000 	-2.730000e+000 	-4.441034e-002 
-81.800000 	4.722539e-003 	4.722539e-003 	2.731389e+000 	-2.726667e+000 	-4.433536e-002 
-81.700000 	4.760665e-003 	4.760665e-003 	2.728094e+000 	-2.723333e+000 	-4.425915e-002 
-81.600000 	4.798699e-003 	4.798699e-003 	2.724799e+000 	-2.720000e+000 	-4.418170e-002 
-81.500000 	4.836639e-003 	4.836639e-003 	2.721503e+000 	-2.716667e+000 	-4.410302e-002 
-81.400000 	4.874485e-003 	4.874485e-003 	2.718208e+000 	-2.713333e+000 	-4.402309e-002 
-81.300000 	4.912235e-003 	4.912235e-003 	2.714912e+000 	-2.710000e+000 	-4.394192e-002 
-81.200000 	4.949887e-003 	4.949887e-003 	2.711617e+000 	-2.706667e+000 	-4.385950e-002 
-81.100000 	4.987439e-003 	4.987439e-003 	2.708321e+000 	-2.703333e+000 	-4.377583e-002 
-81.000000 	5.024892e-003 	5.024892e-003 	2.705025e+000 	-2.700000e+000 	-4.369090e-002 
-80.900000 	5.062242e-003 	5.062242e-003 	2.701729e+000 	-2.696667e+000 	-4.360473e-002 
-80.800000 	5.099490e-003 	5.099490e-003 	2.698433e+000 	-2.693333e+000 	-4.351729e-002 
-80.700000 	5.136632e-003 	5.136632e-003 	2.695137e+000 	-2.690000e+000 	-4.342859e-002 
-80.600000 	5.173668e-003 	5.173668e-003 	2.691840e+000 	-2.686667e+000 	-4.333862e-002 
-80.500000 	5.210597e-003 	5.210597e-003 	2.688544e+000 	-2.683333e+000 	-4.324739e-002 
-80.400000 	5.247417e-003 	5.247417e-003 	2.685247e+000 	-2.680000e+000 	-4.315489e-002 
-80.300000 	5.284126e-003 	5.284126e-003 	2.681951e+000 	-2.676667e+000 	-4.306112e-002 
-80.200000 	5.320723e-003 	5.320723e-003 	2.678654e+000 	-2.673333e+000 	-4.296607e-002 
-80.100000 	5.357207e-003 	5.357207e-003 	2.675357e+000 	-2.670000e+000 	-4.286974e-002 
-80.000000 	5.393576e-003 	5.393576e-003 	2.672060e+000 	-2.666667e+000 	-4.277214e-002 
-79.900000 	5.429829e-003 	5.429829e-003 	2.668763e+000 	-2.663333e+000 	-4.267324e-002 
-79.800000 	5.465964e-003 	5.465964e-003 	2.665466e+000 	-2.660000e+000 	-4.257307e-002 
-79.700000 	5.501980e-003 	5.501980e-003 	2.662169e+000 	-2.656667e+000 	-4.247160e-002 
-79.600000 	5.537875e-003 	5.537875e-003 	2.658871e+000 	-2.653333e+000 	-4.236884e-002 
-79.500000 	5.573648e-003 	5.573648e-003 	2.655574e+000 	-2.650000e+000 	-4.226479e-002 
-79.400000 	5.609298e-003 	5.609298e-003 	2.652276e+000 	-2.646667e+000 	-4.215944e-002 
-79.300000 	5.644823e-003 	5.644823e-003 	2.648978e+000 	-2.643333e+000 	-4.205279e-002 
-79.200000 	5.680222e-003 	5.680222e-003 	2.645680e+000 	-2.640000e+000 	-4.194484e-002 
-79.100000 	5.715493e-003 	5.715493e-003 	2.642382e+000 	-2.636667e+000 	-4.183558e-002 
-79.000000 	5.750634e-003 	5.750634e-003 	2.639084e+000 	-2.633333e+000 	-4.172502e-002 
-78.900000 	5.785645e-003 	5.785645e-003 	2.635786e+000 	-2.630000e+000 	-4.161314e-002 
-78.800000 	5.820524e-003 	5.820524e-003 	2.632487e+000 	-2.626667e+000 	-4.149996e-002 
-78.700000 	5.855269e-003 	5.855269e-003 	2.629189e+000 	-2.623333e+000 	-4.138546e-002 
-78.600000 	5.889879e-003 	5.889879e-003 	2.625890e+000 	-2.620000e+000 	-4.126964e-002 
-78.500000 	5.924352e-003 	5.924352e-003 	2.622591e+000 	-2.616667e+000 	-4.115250e-002 
-78.400000 	5.958688e-003 	5.958688e-003 	2.619292e+000 	-2.613333e+000 	-4.103404e-002 
-78.300000 	5.992884e-003 	5.992884e-003 	2.615993e+000 	-2.610000e+000 	-4.091425e-002 
-78.200000 	6.026939e-003 	6.026939e-003 	2.612694e+000 	-2.606667e+000 	-4.079314e-002 
-78.100000 	6.060852e-003 	6.060852e-003 	2.609394e+000 	-2.603333e+000 	-4.067069e-002 
-78.000000 	6.094621e-003 	6.094621e-003 	2.606095e+000 	-2.600000e+000 	-4.054692e-002 
-77.900000 	6.128245e-003 	6.128245e-003 	2.602795e+000 	-2.596667e+000 	-4.042181e-002 
-77.800000 	6.161722e-003 	6.161722e-003 	2.599495e+000 	-2.593333e+000 	-4.029536e-002 
-77.700000 	6.195052e-003 	6.195052e-003 	2.596195e+000 	-2.590000e+000 	-4.016757e-002 
-77.600000 	6.228231e-003 	6.228231e-003 	2.592895e+000 	-2.586667e+000 	-4.003844e-002 
-77.500000 	6.261260e-003 	6.261260e-003 	2.589595e+000 	-2.583333e+000 	-3.990797e-002 
-77.400000 	6.294136e-003 	6.294136e-003 	2.586294e+000 	-2.580000e+000 	-3.977615e-002 
-77.300000 	6.326858e-003 	6.326858e-003 	2.582994e+000 	-2.576667e+000 	-3.964298e-002 
-77.200000 	6.359425e-003 	6.359425e-003 	2.579693e+000 	-2.573333e+000 	-3.950846e-002 
-77.100000 	6.391835e-003 	6.391835e-003 	2.576392e+000 	-2.570000e+000 	-3.937258e-002 
-77.000000 	6.424087e-003 	6.424087e-003 	2.573091e+000 	-2.566667e+000 	-3.923535e-002 
-76.900000 	6.456179e-003 	6.456179e-003 	2.569790e+000 	-2.563333e+000 	-3.909677e-002 
-76.800000 	6.488111e-003 	6.488111e-003 	2.566488e+000 	-2.560000e+000 	-3.895682e-002 
-76.700000 	6.519879e-003 	6.519879e-003 	2.563187e+000 	-2.556667e+000 	-3.881551e-002 
-76.600000 	6.551483e-003 	6.551483e-003 	2.559885e+000 	-2.553333e+000 	-3.867284e-002 
-76.500000 	6.582922e-003 	6.582922e-003 	2.556583e+000 	-2.550000e+000 	-3.852880e-002 
-76.400000 	6.614194e-003 	6.614194e-003 	2.553281e+000 	-2.546667e+000 	-3.838339e-002 
-76.300000 	6.645298e-003 	6.645298e-003 	2.549979e+000 	-2.543333e+000 	-3.823661e-002 
-76.200000 	6.676232e-003 	6.676232e-003 	2.546676e+000 	-2.540000e+000 	-3.808845e-002 
-76.100000 	6.706995e-003 	6.706995e-003 	2.543374e+000 	-2.536667e+000 	-3.793893e-002 
-76.000000 	6.737585e-003 	6.737585e-003 	2.540071e+000 	-2.533333e+000 	-3.778802e-002 
-75.900000 	6.768001e-003 	6.768001e-003 	2.536768e+000 	-2.530000e+000 	-3.763574e-002 
-75.800000 	6.798242e-003 	6.798242e-003 	2.533465e+000 	-2.526667e+000 	-3.748207e-002 
-75.700000 	6.828305e-003 	6.828305e-003 	2.530162e+000 	-2.523333e+000 	-3.732703e-002 
-75.600000 	6.858190e-003 	6.858190e-003 	2.526858e+000 	-2.520000e+000 	-3.717060e-002 
-75.500000 	6.887896e-003 	6.887896e-003 	2.523555e+000 	-2.516667e+000 	-3.701278e-002 
-75.400000 	6.917420e-003 	6.917420e-003 	2.520251e+000 	-2.513333e+000 	-3.685357e-002 
-75.300000 	6.946761e-003 	6.946761e-003 	2.516947e+000 	-2.510000e+000 	-3.669297e-002 
-75.200000 	6.975919e-003 	6.975919e-003 	2.513643e+000 	-2.506667e+000 	-3.653098e-002 
-75.100000 	7.004891e-003 	7.004891e-003 	2.510338e+000 	-2.503333e+000 	-3.636760e-002 
-75.000000 	7.033676e-003 	7.033676e-003 	2.507034e+000 	-2.500000e+000 	-3.620281e-002 
-74.900000 	7.062273e-003 	7.062273e-003 	2.503729e+000 	-2.496667e+000 	-3.603664e-002 
-74.800000 	7.090680e-003 	7.090680e-003 	2.500424e+000 	-2.493333e+000 	-3.586906e-002 
-74.700000 	7.118896e-003 	7.118896e-003 	2.497119e+000 	-2.490000e+000 	-3.570008e-002 
-74.600000 	7.146919e-003 	7.146919e-003 	2.493814e+000 	-2.486667e+000 	-3.552969e-002 
-74.500000 	7.174749e-003 	7.174749e-003 	2.490508e+000 	-2.483333e+000 	-3.535791e-002 
-74.400000 	7.202383e-003 	7.202383e-003 	2.487202e+000 	-2.480000e+000 	-3.518471e-002 
-74.300000 	7.229820e-003 	7.229820e-003 	2.483896e+000 	-2.476667e+000 	-3.501011e-002 
-74.200000 	7.257060e-003 	7.257060e-003 	2.480590e+000 	-2.473333e+000 	-3.483410e-002 
-74.100000 	7.284100e-003 	7.284100e-003 	2.477284e+000 	-2.470000e+000 	-3.465667e-002 
-74.000000 	7.310939e-003 	7.310939e-003 	2.473978e+000 	-2.466667e+000 	-3.447784e-002 
-73.900000 	7.337575e-003 	7.337575e-003 	2.470671e+000 	-2.463333e+000 	-3.429759e-002 
-73.800000 	7.364008e-003 	7.364008e-003 	2.467364e+000 	-2.460000e+000 	-3.411592e-002 
-73.700000 	7.390236e-003 	7.390236e-003 	2.464057e+000 	-2.456667e+000 	-3.393283e-002 
-73.600000 	7.416258e-003 	7.416258e-003 	2.460750e+000 	-2.453333e+000 	-3.374833e-002 
-73.500000 	7.442071e-003 	7.442071e-003 	2.457442e+000 	-2.450000e+000 	-3.356241e-002 
-73.400000 	7.467676e-003 	7.467676e-003 	2.454134e+000 	-2.446667e+000 	-3.337506e-002 
-73.300000 	7.493070e-003 	7.493070e-003 	2.450826e+000 	-2.443333e+000 	-3.318629e-002 
-73.200000 	7.518252e-003 	7.518252e-003 	2.447518e+000 	-2.440000e+000 	-3.299610e-002 
-73.100000 	7.543221e-003 	7.543221e-003 	2.444210e+000 	-2.436667e+000 	-3.280448e-002 
-73.000000 	7.567975e-003 	7.567975e-003 	2.440901e+000 	-2.433333e+000 	-3.261144e-002 
-72.900000 	7.592514e-003 	7.592514e-003 	2.437593e+000 	-2.430000e+000 	-3.241696e-002 
-72.800000 	7.616835e-003 	7.616835e-003 	2.434284e+000 	-2.426667e+000 	-3.222106e-002 
-72.700000 	7.640937e-003 	7.640937e-003 	2.430974e+000 	-2.423333e+000 	-3.202372e-002 
-72.600000 	7.664820e-003 	7.664820e-003 	2.427665e+000 	-2.420000e+000 	-3.182496e-002 
-72.500000 	7.688481e-003 	7.688481e-003 	2.424355e+000 	-2.416667e+000 	-3.162476e-002 
-72.400000 	7.711920e-003 	7.711920e-003 	2.421045e+000 	-2.413333e+000 	-3.142313e-002 
-72.300000 	7.735135e-003 	7.735135e-003 	2.417735e+000 	-2.410000e+000 	-3.122006e-002 
-72.200000 	7.758124e-003 	7.758124e-003 	2.414425e+000 	-2.406667e+000 	-3.101555e-002 
-72.100000 	7.780887e-003 	7.780887e-003 	2.411114e+000 	-2.403333e+000 	-3.080961e-002 
-72.000000 	7.803422e-003 	7.803422e-003 	2.407803e+000 	-2.400000e+000 	-3.060223e-002 
-71.900000 	7.825728e-003 	7.825728e-003 	2.404492e+000 	-2.396667e+000 	-3.039341e-002 
-71.800000 	7.847804e-003 	7.847804e-003 	2.401181e+000 	-2.393333e+000 	-3.018315e-002 
-71.700000 	7.869647e-003 	7.869647e-003 	2.397870e+000 	-2.390000e+000 	-2.997145e-002 
-71.600000 	7.891258e-003 	7.891258e-003 	2.394558e+000 	-2.386667e+000 	-2.975831e-002 
-71.500000 	7.912634e-003 	7.912634e-003 	2.391246e+000 	-2.383333e+000 	-2.954373e-002 
-71.400000 	7.933775e-003 	7.933775e-003 	2.387934e+000 	-2.380000e+000 	-2.932770e-002 
-71.300000 	7.954679e-003 	7.954679e-003 	2.384621e+000 	-2.376667e+000 	-2.911023e-002 
-71.200000 	7.975345e-003 	7.975345e-003 	2.381309e+000 	-2.373333e+000 	-2.889131e-002 
-71.100000 	7.995771e-003 	7.995771e-003 	2.377996e+000 	-2.370000e+000 	-2.867095e-002 
-71.000000 	8.015957e-003 	8.015957e-003 	2.374683e+000 	-2.366667e+000 	-2.844914e-002 
-70.900000 	8.035901e-003 	8.035901e-003 	2.371369e+000 	-2.363333e+000 	-2.822588e-002 
-70.800000 	8.055601e-003 	8.055601e-003 	2.368056e+000 	-2.360000e+000 	-2.800118e-002 
-70.700000 	8.075058e-003 	8.075058e-003 	2.364742e+000 	-2.356667e+000 	-2.777503e-002 
-70.600000 	8.094268e-003 	8.094268e-003 	2.361428e+000 	-2.353333e+000 	-2.754743e-002 
-70.500000 	8.113232e-003 	8.113232e-003 	2.358113e+000 	-2.350000e+000 	-2.731838e-002 
-70.400000 	8.131948e-003 	8.131948e-003 	2.354799e+000 	-2.346667e+000 	-2.708789e-002 
-70.300000 	8.150415e-003 	8.150415e-003 	2.351484e+000 	-2.343333e+000 	-2.685594e-002 
-70.200000 	8.168631e-003 	8.168631e-003 	2.348169e+000 	-2.340000e+000 	-2.662255e-002 
-70.100000 	8.186596e-003 	8.186596e-003 	2.344853e+000 	-2.336667e+000 	-2.638770e-002 
-70.000000 	8.204307e-003 	8.204307e-003 	2.341538e+000 	-2.333333e+000 	-2.615140e-002 
-69.900000 	8.221765e-003 	8.221765e-003 	2.338222e+000 	-2.330000e+000 	-2.591366e-002 
-69.800000 	8.238968e-003 	8.238968e-003 	2.334906e+000 	-2.326667e+000 	-2.567446e-002 
-69.700000 	8.255914e-003 	8.255914e-003 	2.331589e+000 	-2.323333e+000 	-2.543381e-002 
-69.600000 	8.272602e-003 	8.272602e-003 	2.328273e+000 	-2.320000e+000 	-2.519171e-002 
-69.500000 	8.289032e-003 	8.289032e-003 	2.324956e+000 	-2.316667e+000 	-2.494816e-002 
-69.400000 	8.305203e-003 	8.305203e-003 	2.321639e+000 	-2.313333e+000 	-2.470315e-002 
-69.300000 	8.321112e-003 	8.321112e-003 	2.318321e+000 	-2.310000e+000 	-2.445670e-002 
-69.200000 	8.336759e-003 	8.336759e-003 	2.315003e+000 	-2.306667e+000 	-2.420879e-002 
-69.100000 	8.352143e-003 	8.352143e-003 	2.311685e+000 	-2.303333e+000 	-2.395944e-002 
-69.000000 	8.367263e-003 	8.367263e-003 	2.308367e+000 	-2.300000e+000 	-2.370863e-002 
-68.900000 	8.382117e-003 	8.382117e-003 	2.305049e+000 	-2.296667e+000 	-2.345637e-002 
-68.800000 	8.396705e-003 	8.396705e-003 	2.301730e+000 	-2.293333e+000 	-2.320267e-002 
-68.700000 	8.411025e-003 	8.411025e-003 	2.298411e+000 	-2.290000e+000 	-2.294751e-002 
-68.600000 	8.425076e-003 	8.425076e-003 	2.295092e+000 	-2.286667e+000 	-2.269090e-002 
-68.500000 	8.438858e-003 	8.438858e-003 	2.291772e+000 	-2.283333e+000 	-2.243284e-002 
-68.400000 	8.452368e-003 	8.452368e-003 	2.288452e+000 	-2.280000e+000 	-2.217334e-002 
-68.300000 	8.465607e-003 	8.465607e-003 	2.285132e+000 	-2.276667e+000 	-2.191238e-002 
-68.200000 	8.478573e-003 	8.478573e-003 	2.281812e+000 	-2.273333e+000 	-2.164998e-002 
-68.100000 	8.491265e-003 	8.491265e-003 	2.278491e+000 	-2.270000e+000 	-2.138613e-002 
-68.000000 	8.503682e-003 	8.503682e-003 	2.275170e+000 	-2.266667e+000 	-2.112084e-002 
-67.900000 	8.515823e-003 	8.515823e-003 	2.271849e+000 	-2.263333e+000 	-2.085409e-002 
-67.800000 	8.527687e-003 	8.527687e-003 	2.268528e+000 	-2.260000e+000 	-2.058591e-002 
-67.700000 	8.539273e-003 	8.539273e-003 	2.265206e+000 	-2.256667e+000 	-2.031627e-002 
-67.600000 	8.550580e-003 	8.550580e-003 	2.261884e+000 	-2.253333e+000 	-2.004520e-002 
-67.500000 	8.561606e-003 	8.561606e-003 	2.258562e+000 	-2.250000e+000 	-1.977268e-002 
-67.400000 	8.572352e-003 	8.572352e-003 	2.255239e+000 	-2.246667e+000 	-1.949872e-002 
-67.300000 	8.582816e-003 	8.582816e-003 	2.251916e+000 	-2.243333e+000 	-1.922331e-002 
-67.200000 	8.592997e-003 	8.592997e-003 	2.248593e+000 	-2.240000e+000 	-1.894647e-002 
-67.100000 	8.602894e-003 	8.602894e-003 	2.245270e+000 	-2.236667e+000 	-1.866819e-002 
-67.000000 	8.612506e-003 	8.612506e-003 	2.241946e+000 	-2.233333e+000 	-1.838847e-002 
-66.900000 	8.621832e-003 	8.621832e-003 	2.238622e+000 	-2.230000e+000 	-1.810731e-002 
-66.800000 	8.630872e-003 	8.630872e-003 	2.235298e+000 	-2.226667e+000 	-1.782472e-002 
-66.700000 	8.639624e-003 	8.639624e-003 	2.231973e+000 	-2.223333e+000 	-1.754069e-002 
-66.600000 	8.648088e-003 	8.648088e-003 	2.228648e+000 	-2.220000e+000 	-1.725523e-002 
-66.500000 	8.656263e-003 	8.656263e-003 	2.225323e+000 	-2.216667e+000 	-1.696834e-002 
-66.400000 	8.664147e-003 	8.664147e-003 	2.221997e+000 	-2.213333e+000 	-1.668002e-002 
-66.300000 	8.671740e-003 	8.671740e-003 	2.218672e+000 	-2.210000e+000 	-1.639027e-002 
-66.200000 	8.679041e-003 	8.679041e-003 	2.215346e+000 	-2.206667e+000 	-1.609909e-002 
-66.100000 	8.686050e-003 	8.686050e-003 	2.212019e+000 	-2.203333e+000 	-1.580649e-002 
-66.000000 	8.692765e-003 	8.692765e-003 	2.208693e+000 	-2.200000e+000 	-1.551246e-002 
-65.900000 	8.699185e-003 	8.699185e-003 	2.205366e+000 	-2.196667e+000 	-1.521702e-002 
-65.800000 	8.705311e-003 	8.705311e-003 	2.202039e+000 	-2.193333e+000 	-1.492015e-002 
-65.700000 	8.711140e-003 	8.711140e-003 	2.198711e+000 	-2.190000e+000 	-1.462186e-002 
-65.600000 	8.716672e-003 	8.716672e-003 	2.195383e+000 	-2.186667e+000 	-1.432216e-002 
-65.500000 	8.721907e-003 	8.721907e-003 	2.192055e+000 	-2.183333e+000 	-1.402104e-002 
-65.400000 	8.726844e-003 	8.726844e-003 	2.188727e+000 	-2.180000e+000 	-1.371850e-002 
-65.300000 	8.731481e-003 	8.731481e-003 	2.185398e+000 	-2.176667e+000 	-1.341456e-002 
-65.200000 	8.735819e-003 	8.735819e-003 	2.182069e+000 	-2.173333e+000 	-1.310921e-002 
-65.100000 	8.739856e-003 	8.739856e-003 	2.178740e+000 	-2.170000e+000 	-1.280245e-002 
-65.000000 	8.743591e-003 	8.743591e-003 	2.175410e+000 	-2.166667e+000 	-1.249429e-002 
-64.900000 	8.747025e-003 	8.747025e-003 	2.172080e+000 	-2.163333e+000 	-1.218473e-002 
-64.800000 	8.750156e-003 	8.750156e-003 	2.168750e+000 	-2.160000e+000 	-1.187377e-002 
-64.700000 	8.752984e-003 	8.752984e-003 	2.165420e+000 	-2.156667e+000 	-1.156141e-002 
-64.600000 	8.755508e-003 	8.755508e-003 	2.162089e+000 	-2.153333e+000 	-1.124765e-002 
-64.500000 	8.757727e-003 	8.757727e-003 	2.158758e+000 	-2.150000e+000 	-1.093251e-002 
-64.400000 	8.759641e-003 	8.759641e-003 	2.155426e+000 	-2.146667e+000 	-1.061597e-002 
-64.300000 	8.761248e-003 	8.761248e-003 	2.152095e+000 	-2.143333e+000 	-1.029805e-002 
-64.200000 	8.762550e-003 	8.762550e-003 	2.148763e+000 	-2.140000e+000 	-9.978746e-003 
-64.100000 	8.763544e-003 	8.763544e-003 	2.145430e+000 	-2.136667e+000 	-9.658060e-003 
-64.000000 	8.764230e-003 	8.764230e-003 	2.142098e+000 	-2.133333e+000 	-9.335996e-003 
-63.900000 	8.764608e-003 	8.764608e-003 	2.138765e+000 	-2.130000e+000 	-9.012557e-003 
-63.800000 	8.764677e-003 	8.764677e-003 	2.135431e+000 	-2.126667e+000 	-8.687747e-003 
-63.700000 	8.764437e-003 	8.764437e-003 	2.132098e+000 	-2.123333e+000 	-8.361567e-003 
-63.600000 	8.763887e-003 	8.763887e-003 	2.128764e+000 	-2.120000e+000 	-8.034021e-003 
-63.500000 	8.763026e-003 	8.763026e-003 	2.125430e+000 	-2.116667e+000 	-7.705113e-003 
-63.400000 	8.761854e-003 	8.761854e-003 	2.122095e+000 	-2.113333e+000 	-7.374846e-003 
-63.300000 	8.760371e-003 	8.760371e-003 	2.118760e+000 	-2.110000e+000 	-7.043224e-003 
-63.200000 	8.758576e-003 	8.758576e-003 	2.115425e+000 	-2.106667e+000 	-6.710249e-003 
-63.100000 	8.756468e-003 	8.756468e-003 	2.112090e+000 	-2.103333e+000 	-6.375925e-003 
-63.000000 	8.754048e-003 	8.754048e-003 	2.108754e+000 	-2.100000e+000 	-6.040257e-003 
-62.900000 	8.751314e-003 	8.751314e-003 	2.105418e+000 	-2.096667e+000 	-5.703246e-003 
-62.800000 	8.748266e-003 	8.748266e-003 	2.102082e+000 	-2.093333e+000 	-5.364899e-003 
-62.700000 	8.744904e-003 	8.744904e-003 	2.098745e+000 	-2.090000e+000 	-5.025217e-003 
-62.600000 	8.741228e-003 	8.741228e-003 	2.095408e+000 	-2.086667e+000 	-4.684206e-003 
-62.500000 	8.737236e-003 	8.737236e-003 	2.092071e+000 	-2.083333e+000 	-4.341868e-003 
-62.400000 	8.732930e-003 	8.732930e-003 	2.088733e+000 	-2.080000e+000 	-3.998209e-003 
-62.300000 	8.728307e-003 	8.728307e-003 	2.085395e+000 	-2.076667e+000 	-3.653233e-003 
-62.200000 	8.723369e-003 	8.723369e-003 	2.082057e+000 	-2.073333e+000 	-3.306942e-003 
-62.100000 	8.718114e-003 	8.718114e-003 	2.078718e+000 	-2.070000e+000 	-2.959343e-003 
-62.000000 	8.712543e-003 	8.712543e-003 	2.075379e+000 	-2.066667e+000 	-2.610439e-003 
-61.900000 	8.706654e-003 	8.706654e-003 	2.072040e+000 	-2.063333e+000 	-2.260234e-003 
-61.800000 	8.700449e-003 	8.700449e-003 	2.068700e+000 	-2.060000e+000 	-1.908734e-003 
-61.700000 	8.693926e-003 	8.693926e-003 	2.065361e+000 	-2.056667e+000 	-1.555942e-003 
-61.600000 	8.687085e-003 	8.687085e-003 	2.062020e+000 	-2.053333e+000 	-1.201865e-003 
-61.500000 	8.679926e-003 	8.679926e-003 	2.058680e+000 	-2.050000e+000 	-8.465049e-004 
-61.400000 	8.672449e-003 	8.672449e-003 	2.055339e+000 	-2.046667e+000 	-4.898686e-004 
-61.300000 	8.664654e-003 	8.664654e-003 	2.051998e+000 	-2.043333e+000 	-1.319604e-004 
-61.200000 	8.656540e-003 	8.656540e-003 	2.048657e+000 	-2.040000e+000 	2.272146e-004 
-61.100000 	8.648107e-003 	8.648107e-003 	2.045315e+000 	-2.036667e+000 	5.876513e-004 
-61.000000 	8.639356e-003 	8.639356e-003 	2.041973e+000 	-2.033333e+000 	9.493444e-004 
-60.900000 	8.630285e-003 	8.630285e-003 	2.038630e+000 	-2.030000e+000 	1.312289e-003 
-60.800000 	8.620895e-003 	8.620895e-003 	2.035288e+000 	-2.026667e+000 	1.676479e-003 
-60.700000 	8.611186e-003 	8.611186e-003 	2.031945e+000 	-2.023333e+000 	2.041909e-003 
-60.600000 	8.601158e-003 	8.601158e-003 	2.028601e+000 	-2.020000e+000 	2.408574e-003 
-60.500000 	8.590810e-003 	8.590810e-003 	2.025257e+000 	-2.016667e+000 	2.776468e-003 
-60.400000 	8.580143e-003 	8.580143e-003 	2.021913e+000 	-2.013333e+000 	3.145586e-003 
-60.300000 	8.569156e-003 	8.569156e-003 	2.018569e+000 	-2.010000e+000 	3.515921e-003 
-60.200000 	8.557849e-003 	8.557849e-003 	2.015225e+000 	-2.006667e+000 	3.887468e-003 
-60.100000 	8.546223e-003 	8.546223e-003 	2.011880e+000 	-2.003333e+000 	4.260220e-003 
-60.000000 	8.534278e-003 	8.534278e-003 	2.008534e+000 	-2.000000e+000 	4.634172e-003 
-59.900000 	8.522012e-003 	8.522012e-003 	2.005189e+000 	-1.996667e+000 	5.009317e-003 
-59.800000 	8.509428e-003 	8.509428e-003 	2.001843e+000 	-1.993333e+000 	5.385649e-003 
-59.700000 	8.496524e-003 	8.496524e-003 	1.998497e+000 	-1.990000e+000 	5.763162e-003 
-59.600000 	8.483300e-003 	8.483300e-003 	1.995150e+000 	-1.986667e+000 	6.141849e-003 
-59.500000 	8.469757e-003 	8.469757e-003 	1.991803e+000 	-1.983333e+000 	6.521703e-003 
-59.400000 	8.455895e-003 	8.455895e-003 	1.988456e+000 	-1.980000e+000 	6.902718e-003 
-59.300000 	8.441714e-003 	8.441714e-003 	1.985108e+000 	-1.976667e+000 	7.284887e-003 
-59.200000 	8.427214e-003 	8.427214e-003 	1.981761e+000 	-1.973333e+000 	7.668204e-003 
-59.100000 	8.412395e-003 	8.412395e-003 	1.978412e+000 	-1.970000e+000 	8.052661e-003 
-59.000000 	8.397258e-003 	8.397258e-003 	1.975064e+000 	-1.966667e+000 	8.438251e-003 
-58.900000 	8.381802e-003 	8.381802e-003 	1.971715e+000 	-1.963333e+000 	8.824967e-003 
-58.800000 	8.366028e-003 	8.366028e-003 	1.968366e+000 	-1.960000e+000 	9.212801e-003 
-58.700000 	8.349936e-003 	8.349936e-003 	1.965017e+000 	-1.956667e+000 	9.601747e-003 
-58.600000 	8.333527e-003 	8.333527e-003 	1.961667e+000 	-1.953333e+000 	9.991797e-003 
-58.500000 	8.316800e-003 	8.316800e-003 	1.958317e+000 	-1.950000e+000 	1.038294e-002 
-58.400000 	8.299755e-003 	8.299755e-003 	1.954966e+000 	-1.946667e+000 	1.077518e-002 
-58.300000 	8.282394e-003 	8.282394e-003 	1.951616e+000 	-1.943333e+000 	1.116849e-002 
-58.200000 	8.264716e-003 	8.264716e-003 	1.948265e+000 	-1.940000e+000 	1.156288e-002 
-58.100000 	8.246722e-003 	8.246722e-003 	1.944913e+000 	-1.936667e+000 	1.195834e-002 
-58.000000 	8.228412e-003 	8.228412e-003 	1.941562e+000 	-1.933333e+000 	1.235485e-002 
-57.900000 	8.209787e-003 	8.209787e-003 	1.938210e+000 	-1.930000e+000 	1.275241e-002 
-57.800000 	8.190846e-003 	8.190846e-003 	1.934858e+000 	-1.926667e+000 	1.315101e-002 
-57.700000 	8.171590e-003 	8.171590e-003 	1.931505e+000 	-1.923333e+000 	1.355064e-002 
-57.600000 	8.152020e-003 	8.152020e-003 	1.928152e+000 	-1.920000e+000 	1.395129e-002 
-57.500000 	8.132137e-003 	8.132137e-003 	1.924799e+000 	-1.916667e+000 	1.435296e-002 
-57.400000 	8.111939e-003 	8.111939e-003 	1.921445e+000 	-1.913333e+000 	1.475564e-002 
-57.300000 	8.091429e-003 	8.091429e-003 	1.918091e+000 	-1.910000e+000 	1.515931e-002 
-57.200000 	8.070606e-003 	8.070606e-003 	1.914737e+000 	-1.906667e+000 	1.556397e-002 
-57.100000 	8.049471e-003 	8.049471e-003 	1.911383e+000 	-1.903333e+000 	1.596961e-002 
-57.000000 	8.028025e-003 	8.028025e-003 	1.908028e+000 	-1.900000e+000 	1.637622e-002 
-56.900000 	8.006268e-003 	8.006268e-003 	1.904673e+000 	-1.896667e+000 	1.678379e-002 
-56.800000 	7.984200e-003 	7.984200e-003 	1.901318e+000 	-1.893333e+000 	1.719231e-002 
-56.700000 	7.961823e-003 	7.961823e-003 	1.897962e+000 	-1.890000e+000 	1.760177e-002 
-56.600000 	7.939136e-003 	7.939136e-003 	1.894606e+000 	-1.886667e+000 	1.801216e-002 
-56.500000 	7.916141e-003 	7.916141e-003 	1.891249e+000 	-1.883333e+000 	1.842348e-002 
-56.400000 	7.892837e-003 	7.892837e-003 	1.887893e+000 	-1.880000e+000 	1.883571e-002 
-56.300000 	7.869227e-003 	7.869227e-003 	1.884536e+000 	-1.876667e+000 	1.924884e-002 
-56.200000 	7.845309e-003 	7.845309e-003 	1.881179e+000 	-1.873333e+000 	1.966286e-002 
-56.100000 	7.821086e-003 	7.821086e-003 	1.877821e+000 	-1.870000e+000 	2.007776e-002 
-56.000000 	7.796557e-003 	7.796557e-003 	1.874463e+000 	-1.866667e+000 	2.049354e-002 
-55.900000 	7.771724e-003 	7.771724e-003 	1.871105e+000 	-1.863333e+000 	2.091017e-002 
-55.800000 	7.746587e-003 	7.746587e-003 	1.867747e+000 	-1.860000e+000 	2.132766e-002 
-55.700000 	7.721147e-003 	7.721147e-003 	1.864388e+000 	-1.856667e+000 	2.174598e-002 
-55.600000 	7.695404e-003 	7.695404e-003 	1.861029e+000 	-1.853333e+000 	2.216514e-002 
-55.500000 	7.669360e-003 	7.669360e-003 	1.857669e+000 	-1.850000e+000 	2.258511e-002 
-55.400000 	7.643015e-003 	7.643015e-003 	1.854310e+000 	-1.846667e+000 	2.300588e-002 
-55.300000 	7.616370e-003 	7.616370e-003 	1.850950e+000 	-1.843333e+000 	2.342746e-002 
-55.200000 	7.589426e-003 	7.589426e-003 	1.847589e+000 	-1.840000e+000 	2.384981e-002 
-55.100000 	7.562184e-003 	7.562184e-003 	1.844229e+000 	-1.836667e+000 	2.427294e-002 
-55.000000 	7.534645e-003 	7.534645e-003 	1.840868e+000 	-1.833333e+000 	2.469683e-002 
-54.900000 	7.506809e-003 	7.506809e-003 	1.837507e+000 	-1.830000e+000 	2.512146e-002 
-54.800000 	7.478678e-003 	7.478678e-003 	1.834145e+000 	-1.826667e+000 	2.554684e-002 
-54.700000 	7.450252e-003 	7.450252e-003 	1.830784e+000 	-1.823333e+000 	2.597293e-002 
-54.600000 	7.421532e-003 	7.421532e-003 	1.827422e+000 	-1.820000e+000 	2.639974e-002 
-54.500000 	7.392519e-003 	7.392519e-003 	1.824059e+000 	-1.816667e+000 	2.682726e-002 
-54.400000 	7.363215e-003 	7.363215e-003 	1.820697e+000 	-1.813333e+000 	2.725545e-002 
-54.300000 	7.333620e-003 	7.333620e-003 	1.817334e+000 	-1.810000e+000 	2.768433e-002 
-54.200000 	7.303735e-003 	7.303735e-003 	1.813970e+000 	-1.806667e+000 	2.811386e-002 
-54.100000 	7.273562e-003 	7.273562e-003 	1.810607e+000 	-1.803333e+000 	2.854405e-002 
-54.000000 	7.243101e-003 	7.243101e-003 	1.807243e+000 	-1.800000e+000 	2.897487e-002 
-53.900000 	7.212353e-003 	7.212353e-003 	1.803879e+000 	-1.796667e+000 	2.940632e-002 
-53.800000 	7.181320e-003 	7.181320e-003 	1.800515e+000 	-1.793333e+000 	2.983837e-002 
-53.700000 	7.150002e-003 	7.150002e-003 	1.797150e+000 	-1.790000e+000 	3.027103e-002 
-53.600000 	7.118401e-003 	7.118401e-003 	1.793785e+000 	-1.786667e+000 	3.070426e-002 
-53.500000 	7.086518e-003 	7.086518e-003 	1.790420e+000 	-1.783333e+000 	3.113807e-002 
-53.400000 	7.054354e-003 	7.054354e-003 	1.787054e+000 	-1.780000e+000 	3.157243e-002 
-53.300000 	7.021910e-003 	7.021910e-003 	1.783689e+000 	-1.776667e+000 	3.200733e-002 
-53.200000 	6.989187e-003 	6.989187e-003 	1.780323e+000 	-1.773333e+000 	3.244276e-002 
-53.100000 	6.956187e-003 	6.956187e-003 	1.776956e+000 	-1.770000e+000 	3.287871e-002 
-53.000000 	6.922911e-003 	6.922911e-003 	1.773590e+000 	-1.766667e+000 	3.331515e-002 
-52.900000 	6.889359e-003 	6.889359e-003 	1.770223e+000 	-1.763333e+000 	3.375208e-002 
-52.800000 	6.855534e-003 	6.855534e-003 	1.766856e+000 	-1.760000e+000 	3.418948e-002 
-52.700000 	6.821436e-003 	6.821436e-003 	1.763488e+000 	-1.756667e+000 	3.462733e-002 
-52.600000 	6.787067e-003 	6.787067e-003 	1.760120e+000 	-1.753333e+000 	3.506563e-002 
-52.500000 	6.752427e-003 	6.752427e-003 	1.756752e+000 	-1.750000e+000 	3.550434e-002 
-52.400000 	6.717519e-003 	6.717519e-003 	1.753384e+000 	-1.746667e+000 	3.594347e-002 
-52.300000 	6.682344e-003 	6.682344e-003 	1.750016e+000 	-1.743333e+000 	3.638299e-002 
-52.200000 	6.646903e-003 	6.646903e-003 	1.746647e+000 	-1.740000e+000 	3.682289e-002 
-52.100000 	6.611197e-003 	6.611197e-003 	1.743278e+000 	-1.736667e+000 	3.726316e-002 
-52.000000 	6.575228e-003 	6.575228e-003 	1.739909e+000 	-1.733333e+000 	3.770377e-002 
-51.900000 	6.538996e-003 	6.538996e-003 	1.736539e+000 	-1.730000e+000 	3.814471e-002 
-51.800000 	6.502505e-003 	6.502505e-003 	1.733169e+000 	-1.726667e+000 	3.858596e-002 
-51.700000 	6.465754e-003 	6.465754e-003 	1.729799e+000 	-1.723333e+000 	3.902752e-002 
-51.600000 	6.428745e-003 	6.428745e-003 	1.726429e+000 	-1.720000e+000 	3.946935e-002 
-51.500000 	6.391480e-003 	6.391480e-003 	1.723058e+000 	-1.716667e+000 	3.991145e-002 
-51.400000 	6.353961e-003 	6.353961e-003 	1.719687e+000 	-1.713333e+000 	4.035380e-002 
-51.300000 	6.316188e-003 	6.316188e-003 	1.716316e+000 	-1.710000e+000 	4.079638e-002 
-51.200000 	6.278163e-003 	6.278163e-003 	1.712945e+000 	-1.706667e+000 	4.123918e-002 
-51.100000 	6.239888e-003 	6.239888e-003 	1.709573e+000 	-1.703333e+000 	4.168217e-002 
-51.000000 	6.201364e-003 	6.201364e-003 	1.706201e+000 	-1.700000e+000 	4.212534e-002 
-50.900000 	6.162592e-003 	6.162592e-003 	1.702829e+000 	-1.696667e+000 	4.256868e-002 
-50.800000 	6.123575e-003 	6.123575e-003 	1.699457e+000 	-1.693333e+000 	4.301215e-002 
-50.700000 	6.084314e-003 	6.084314e-003 	1.696084e+000 	-1.690000e+000 	4.345576e-002 
-50.600000 	6.044809e-003 	6.044809e-003 	1.692711e+000 	-1.686667e+000 	4.389947e-002 
-50.500000 	6.005064e-003 	6.005064e-003 	1.689338e+000 	-1.683333e+000 	4.434327e-002 
-50.400000 	5.965080e-003 	5.965080e-003 	1.685965e+000 	-1.680000e+000 	4.478714e-002 
-50.300000 	5.924857e-003 	5.924857e-003 	1.682592e+000 	-1.676667e+000 	4.523107e-002 
-50.200000 	5.884398e-003 	5.884398e-003 	1.679218e+000 	-1.673333e+000 	4.567503e-002 
-50.100000 	5.843704e-003 	5.843704e-003 	1.675844e+000 	-1.670000e+000 	4.611900e-002 
-50.000000 	5.802778e-003 	5.802778e-003 	1.672469e+000 	-1.666667e+000 	4.656297e-002 
-49.900000 	5.761619e-003 	5.761619e-003 	1.669095e+000 	-1.663333e+000 	4.700692e-002 
-49.800000 	5.720232e-003 	5.720232e-003 	1.665720e+000 	-1.660000e+000 	4.745083e-002 
-49.700000 	5.678616e-003 	5.678616e-003 	1.662345e+000 	-1.656667e+000 	4.789467e-002 
-49.600000 	5.636773e-003 	5.636773e-003 	1.658970e+000 	-1.653333e+000 	4.833843e-002 
-49.500000 	5.594706e-003 	5.594706e-003 	1.655595e+000 	-1.650000e+000 	4.878209e-002 
-49.400000 	5.552416e-003 	5.552416e-003 	1.652219e+000 	-1.646667e+000 	4.922562e-002 
-49.300000 	5.509905e-003 	5.509905e-003 	1.648843e+000 	-1.643333e+000 	4.966902e-002 
-49.200000 	5.467174e-003 	5.467174e-003 	1.645467e+000 	-1.640000e+000 	5.011225e-002 
-49.100000 	5.424225e-003 	5.424225e-003 	1.642091e+000 	-1.636667e+000 	5.055529e-002 
-49.000000 	5.381060e-003 	5.381060e-003 	1.638714e+000 	-1.633333e+000 	5.099814e-002 
-48.900000 	5.337681e-003 	5.337681e-003 	1.635338e+000 	-1.630000e+000 	5.144075e-002 
-48.800000 	5.294089e-003 	5.294089e-003 	1.631961e+000 	-1.626667e+000 	5.188313e-002 
-48.700000 	5.250287e-003 	5.250287e-003 	1.628584e+000 	-1.623333e+000 	5.232523e-002 
-48.600000 	5.206275e-003 	5.206275e-003 	1.625206e+000 	-1.620000e+000 	5.276704e-002 
-48.500000 	5.162056e-003 	5.162056e-003 	1.621829e+000 	-1.616667e+000 	5.320854e-002 
-48.400000 	5.117632e-003 	5.117632e-003 	1.618451e+000 	-1.613333e+000 	5.364971e-002 
-48.300000 	5.073004e-003 	5.073004e-003 	1.615073e+000 	-1.610000e+000 	5.409053e-002 
-48.200000 	5.028174e-003 	5.028174e-003 	1.611695e+000 	-1.606667e+000 	5.453096e-002 
-48.100000 	4.983144e-003 	4.983144e-003 	1.608316e+000 	-1.603333e+000 	5.497100e-002 
-48.000000 	4.937916e-003 	4.937916e-003 	1.604938e+000 	-1.600000e+000 	5.541061e-002 
-47.900000 	4.892491e-003 	4.892491e-003 	1.601559e+000 	-1.596667e+000 	5.584978e-002 
-47.800000 	4.846872e-003 	4.846872e-003 	1.598180e+000 	-1.593333e+000 	5.628848e-002 
-47.700000 	4.801060e-003 	4.801060e-003 	1.594801e+000 	-1.590000e+000 	5.672669e-002 
-47.600000 	4.755057e-003 	4.755057e-003 	1.591422e+000 	-1.586667e+000 	5.716438e-002 
-47.500000 	4.708866e-003 	4.708866e-003 	1.588042e+000 	-1.583333e+000 	5.760154e-002 
-47.400000 	4.662487e-003 	4.662487e-003 	1.584662e+000 	-1.580000e+000 	5.803814e-002 
-47.300000 	4.615923e-003 	4.615923e-003 	1.581283e+000 	-1.576667e+000 	5.847414e-002 
-47.200000 	4.569175e-003 	4.569175e-003 	1.577903e+000 	-1.573333e+000 	5.890954e-002 
-47.100000 	4.522246e-003 	4.522246e-003 	1.574522e+000 	-1.570000e+000 	5.934431e-002 
-47.000000 	4.475137e-003 	4.475137e-003 	1.571142e+000 	-1.566667e+000 	5.977841e-002 
-46.900000 	4.427851e-003 	4.427851e-003 	1.567761e+000 	-1.563333e+000 	6.021183e-002 
-46.800000 	4.380388e-003 	4.380388e-003 	1.564380e+000 	-1.560000e+000 	6.064455e-002 
-46.700000 	4.332752e-003 	4.332752e-003 	1.560999e+000 	-1.556667e+000 	6.107653e-002 
-46.600000 	4.284944e-003 	4.284944e-003 	1.557618e+000 	-1.553333e+000 	6.150775e-002 
-46.500000 	4.236965e-003 	4.236965e-003 	1.554237e+000 	-1.550000e+000 	6.193818e-002 
-46.400000 	4.188818e-003 	4.188818e-003 	1.550855e+000 	-1.546667e+000 	6.236781e-002 
-46.300000 	4.140504e-003 	4.140504e-003 	1.547474e+000 	-1.543333e+000 	6.279660e-002 
-46.200000 	4.092026e-003 	4.092026e-003 	1.544092e+000 	-1.540000e+000 	6.322453e-002 
-46.100000 	4.043386e-003 	4.043386e-003 	1.540710e+000 	-1.536667e+000 	6.365158e-002 
-46.000000 	3.994584e-003 	3.994584e-003 	1.537328e+000 	-1.533333e+000 	6.407770e-002 
-45.900000 	3.945624e-003 	3.945624e-003 	1.533946e+000 	-1.530000e+000 	6.450289e-002 
-45.800000 	3.896507e-003 	3.896507e-003 	1.530563e+000 	-1.526667e+000 	6.492711e-002 
-45.700000 	3.847235e-003 	3.847235e-003 	1.527181e+000 	-1.523333e+000 	6.535033e-002 
-45.600000 	3.797810e-003 	3.797810e-003 	1.523798e+000 	-1.520000e+000 	6.577254e-002 
-45.500000 	3.748234e-003 	3.748234e-003 	1.520415e+000 	-1.516667e+000 	6.619369e-002 
-45.400000 	3.698508e-003 	3.698508e-003 	1.517032e+000 	-1.513333e+000 	6.661377e-002 
-45.300000 	3.648636e-003 	3.648636e-003 	1.513649e+000 	-1.510000e+000 	6.703274e-002 
-45.200000 	3.598617e-003 	3.598617e-003 	1.510265e+000 	-1.506667e+000 	6.745058e-002 
-45.100000 	3.548455e-003 	3.548455e-003 	1.506882e+000 	-1.503333e+000 	6.786726e-002 
-45.000000 	3.498151e-003 	3.498151e-003 	1.503498e+000 	-1.500000e+000 	6.828274e-002 
-44.900000 	3.447708e-003 	3.447708e-003 	1.500114e+000 	-1.496667e+000 	6.869702e-002 
-44.800000 	3.397127e-003 	3.397127e-003 	1.496730e+000 	-1.493333e+000 	6.911004e-002 
-44.700000 	3.346409e-003 	3.346409e-003 	1.493346e+000 	-1.490000e+000 	6.952179e-002 
-44.600000 	3.295558e-003 	3.295558e-003 	1.489962e+000 	-1.486667e+000 	6.993223e-002 
-44.500000 	3.244574e-003 	3.244574e-003 	1.486578e+000 	-1.483333e+000 	7.034133e-002 
-44.400000 	3.193460e-003 	3.193460e-003 	1.483193e+000 	-1.480000e+000 	7.074908e-002 
-44.300000 	3.142217e-003 	3.142217e-003 	1.479809e+000 	-1.476667e+000 	7.115543e-002 
-44.200000 	3.090848e-003 	3.090848e-003 	1.476424e+000 	-1.473333e+000 	7.156035e-002 
-44.100000 	3.039354e-003 	3.039354e-003 	1.473039e+000 	-1.470000e+000 	7.196382e-002 
-44.000000 	2.987737e-003 	2.987737e-003 	1.469654e+000 	-1.466667e+000 	7.236580e-002 
-43.900000 	2.935998e-003 	2.935998e-003 	1.466269e+000 	-1.463333e+000 	7.276627e-002 
-43.800000 	2.884141e-003 	2.884141e-003 	1.462884e+000 	-1.460000e+000 	7.316519e-002 
-43.700000 	2.832166e-003 	2.832166e-003 	1.459499e+000 	-1.456667e+000 	7.356253e-002 
-43.600000 	2.780076e-003 	2.780076e-003 	1.456113e+000 	-1.453333e+000 	7.395827e-002 
-43.500000 	2.727872e-003 	2.727872e-003 	1.452728e+000 	-1.450000e+000 	7.435236e-002 
-43.400000 	2.675556e-003 	2.675556e-003 	1.449342e+000 	-1.446667e+000 	7.474478e-002 
-43.300000 	2.623129e-003 	2.623129e-003 	1.445956e+000 	-1.443333e+000 	7.513550e-002 
-43.200000 	2.570595e-003 	2.570595e-003 	1.442571e+000 	-1.440000e+000 	7.552447e-002 
-43.100000 	2.517953e-003 	2.517953e-003 	1.439185e+000 	-1.436667e+000 	7.591168e-002 
-43.000000 	2.465207e-003 	2.465207e-003 	1.435799e+000 	-1.433333e+000 	7.629709e-002 
-42.900000 	2.412358e-003 	2.412358e-003 	1.432412e+000 	-1.430000e+000 	7.668066e-002 
-42.800000 	2.359408e-003 	2.359408e-003 	1.429026e+000 	-1.426667e+000 	7.706236e-002 
-42.700000 	2.306358e-003 	2.306358e-003 	1.425640e+000 	-1.423333e+000 	7.744216e-002 
-42.600000 	2.253210e-003 	2.253210e-003 	1.422253e+000 	-1.420000e+000 	7.782003e-002 
-42.500000 	2.199966e-003 	2.199966e-003 	1.418867e+000 	-1.416667e+000 	7.819592e-002 
-42.400000 	2.146627e-003 	2.146627e-003 	1.415480e+000 	-1.413333e+000 	7.856982e-002 
-42.300000 	2.093196e-003 	2.093196e-003 	1.412093e+000 	-1.410000e+000 	7.894167e-002 
-42.200000 	2.039674e-003 	2.039674e-003 	1.408706e+000 	-1.406667e+000 	7.931146e-002 
-42.100000 	1.986062e-003 	1.986062e-003 	1.405319e+000 	-1.403333e+000 	7.967914e-002 
-42.000000 	1.932363e-003 	1.932363e-003 	1.401932e+000 	-1.400000e+000 	8.004468e-002 
-41.900000 	1.878578e-003 	1.878578e-003 	1.398545e+000 	-1.396667e+000 	8.040804e-002 
-41.800000 	1.824708e-003 	1.824708e-003 	1.395158e+000 	-1.393333e+000 	8.076919e-002 
-41.700000 	1.770755e-003 	1.770755e-003 	1.391771e+000 	-1.390000e+000 	8.112809e-002 
-41.600000 	1.716721e-003 	1.716721e-003 	1.388383e+000 	-1.386667e+000 	8.148471e-002 
-41.500000 	1.662607e-003 	1.662607e-003 	1.384996e+000 	-1.383333e+000 	8.183901e-002 
-41.400000 	1.608416e-003 	1.608416e-003 	1.381608e+000 	-1.380000e+000 	8.219096e-002 
-41.300000 	1.554147e-003 	1.554147e-003 	1.378221e+000 	-1.376667e+000 	8.254051e-002 
-41.200000 	1.499804e-003 	1.499804e-003 	1.374833e+000 	-1.373333e+000 	8.288764e-002 
-41.100000 	1.445387e-003 	1.445387e-003 	1.371445e+000 	-1.370000e+000 	8.323230e-002 
-41.000000 	1.390898e-003 	1.390898e-003 	1.368058e+000 	-1.366667e+000 	8.357445e-002 
-40.900000 	1.336339e-003 	1.336339e-003 	1.364670e+000 	-1.363333e+000 	8.391407e-002 
-40.800000 	1.281710e-003 	1.281710e-003 	1.361282e+000 	-1.360000e+000 	8.425111e-002 
-40.700000 	1.227014e-003 	1.227014e-003 	1.357894e+000 	-1.356667e+000 	8.458553e-002 
-40.600000 	1.172252e-003 	1.172252e-003 	1.354506e+000 	-1.353333e+000 	8.491730e-002 
-40.500000 	1.117425e-003 	1.117425e-003 	1.351117e+000 	-1.350000e+000 	8.524638e-002 
-40.400000 	1.062534e-003 	1.062534e-003 	1.347729e+000 	-1.346667e+000 	8.557272e-002 
-40.300000 	1.007581e-003 	1.007581e-003 	1.344341e+000 	-1.343333e+000 	8.589630e-002 
-40.200000 	9.525681e-004 	9.525681e-004 	1.340953e+000 	-1.340000e+000 	8.621707e-002 
-40.100000 	8.974954e-004 	8.974954e-004 	1.337564e+000 	-1.336667e+000 	8.653499e-002 
-40.000000 	8.423645e-004 	8.423645e-004 	1.334176e+000 	-1.333333e+000 	8.685002e-002 
-39.900000 	7.871769e-004 	7.871769e-004 	1.330787e+000 	-1.330000e+000 	8.716213e-002 
-39.800000 	7.319337e-004 	7.319337e-004 	1.327399e+000 	-1.326667e+000 	8.747127e-002 
-39.700000 	6.766362e-004 	6.766362e-004 	1.324010e+000 	-1.323333e+000 	8.777739e-002 
-39.600000 	6.212856e-004 	6.212856e-004 	1.320621e+000 	-1.320000e+000 	8.808048e-002 
-39.500000 	5.658832e-004 	5.658832e-004 	1.317233e+000 	-1.316667e+000 	8.838047e-002 
-39.400000 	5.104300e-004 	5.104300e-004 	1.313844e+000 	-1.313333e+000 	8.867733e-002 
-39.300000 	4.549272e-004 	4.549272e-004 	1.310455e+000 	-1.310000e+000 	8.897102e-002 
-39.200000 	3.993760e-004 	3.993760e-004 	1.307066e+000 	-1.306667e+000 	8.926150e-002 
-39.100000 	3.437775e-004 	3.437775e-004 	1.303677e+000 	-1.303333e+000 	8.954872e-002 
-39.000000 	2.881326e-004 	2.881326e-004 	1.300288e+000 	-1.300000e+000 	8.983265e-002 
-38.900000 	2.324426e-004 	2.324426e-004 	1.296899e+000 	-1.296667e+000 	9.011324e-002 
-38.800000 	1.767083e-004 	1.767083e-004 	1.293510e+000 	-1.293333e+000 	9.039044e-002 
-38.700000 	1.209309e-004 	1.209309e-004 	1.290121e+000 	-1.290000e+000 	9.066422e-002 
-38.600000 	6.511129e-005 	6.511129e-005 	1.286732e+000 	-1.286667e+000 	9.093454e-002 
-38.500000 	9.250403e-006 	9.250403e-006 	1.283343e+000 	-1.283333e+000 	9.120134e-002 
-38.400000 	-4.665082e-005 	-4.665082e-005 	1.279953e+000 	-1.280000e+000 	9.146459e-002 
-38.300000 	-1.025915e-004 	-1.025915e-004 	1.276564e+000 	-1.276667e+000 	9.172424e-002 
-38.200000 	-1.585707e-004 	-1.585707e-004 	1.273175e+000 	-1.273333e+000 	9.198025e-002 
-38.100000 	-2.145876e-004 	-2.145876e-004 	1.269785e+000 	-1.270000e+000 	9.223258e-002 
-38.000000 	-2.706414e-004 	-2.706414e-004 	1.266396e+000 	-1.266667e+000 	9.248117e-002 
-37.900000 	-3.267313e-004 	-3.267313e-004 	1.263007e+000 	-1.263333e+000 	9.272599e-002 
-37.800000 	-3.828566e-004 	-3.828566e-004 	1.259617e+000 	-1.260000e+000 	9.296699e-002 
-37.700000 	-4.390164e-004 	-4.390164e-004 	1.256228e+000 	-1.256667e+000 	9.320412e-002 
-37.600000 	-4.952101e-004 	-4.952101e-004 	1.252838e+000 	-1.253333e+000 	9.343734e-002 
-37.500000 	-5.514370e-004 	-5.514370e-004 	1.249449e+000 	-1.250000e+000 	9.366660e-002 
-37.400000 	-6.076965e-004 	-6.076965e-004 	1.246059e+000 	-1.246667e+000 	9.389186e-002 
-37.300000 	-6.639878e-004 	-6.639878e-004 	1.242669e+000 	-1.243333e+000 	9.411307e-002 
-37.200000 	-7.203105e-004 	-7.203105e-004 	1.239280e+000 	-1.240000e+000 	9.433018e-002 
-37.100000 	-7.766639e-004 	-7.766639e-004 	1.235890e+000 	-1.236667e+000 	9.454315e-002 
-37.000000 	-8.330475e-004 	-8.330475e-004 	1.232500e+000 	-1.233333e+000 	9.475193e-002 
-36.900000 	-8.894608e-004 	-8.894608e-004 	1.229111e+000 	-1.230000e+000 	9.495647e-002 
-36.800000 	-9.459034e-004 	-9.459034e-004 	1.225721e+000 	-1.226667e+000 	9.515672e-002 
-36.700000 	-1.002375e-003 	-1.002375e-003 	1.222331e+000 	-1.223333e+000 	9.535264e-002 
-36.600000 	-1.058874e-003 	-1.058874e-003 	1.218941e+000 	-1.220000e+000 	9.554418e-002 
-36.500000 	-1.115402e-003 	-1.115402e-003 	1.215551e+000 	-1.216667e+000 	9.573129e-002 
-36.400000 	-1.171957e-003 	-1.171957e-003 	1.212161e+000 	-1.213333e+000 	9.591392e-002 
-36.300000 	-1.228539e-003 	-1.228539e-003 	1.208771e+000 	-1.210000e+000 	9.609203e-002 
-36.200000 	-1.285148e-003 	-1.285148e-003 	1.205382e+000 	-1.206667e+000 	9.626555e-002 
-36.100000 	-1.341784e-003 	-1.341784e-003 	1.201992e+000 	-1.203333e+000 	9.643445e-002 
-36.000000 	-1.398447e-003 	-1.398447e-003 	1.198602e+000 	-1.200000e+000 	9.659867e-002 
-35.900000 	-1.455135e-003 	-1.455135e-003 	1.195212e+000 	-1.196667e+000 	9.675816e-002 
-35.800000 	-1.511849e-003 	-1.511849e-003 	1.191821e+000 	-1.193333e+000 	9.691288e-002 
-35.700000 	-1.568590e-003 	-1.568590e-003 	1.188431e+000 	-1.190000e+000 	9.706277e-002 
-35.600000 	-1.625356e-003 	-1.625356e-003 	1.185041e+000 	-1.186667e+000 	9.720777e-002 
-35.500000 	-1.682147e-003 	-1.682147e-003 	1.181651e+000 	-1.183333e+000 	9.734785e-002 
-35.400000 	-1.738964e-003 	-1.738964e-003 	1.178261e+000 	-1.180000e+000 	9.748295e-002 
-35.300000 	-1.795807e-003 	-1.795807e-003 	1.174871e+000 	-1.176667e+000 	9.761301e-002 
-35.200000 	-1.852675e-003 	-1.852675e-003 	1.171481e+000 	-1.173333e+000 	9.773799e-002 
-35.100000 	-1.909568e-003 	-1.909568e-003 	1.168090e+000 	-1.170000e+000 	9.785783e-002 
-35.000000 	-1.966487e-003 	-1.966487e-003 	1.164700e+000 	-1.166667e+000 	9.797247e-002 
-34.900000 	-2.023432e-003 	-2.023432e-003 	1.161310e+000 	-1.163333e+000 	9.808188e-002 
-34.800000 	-2.080402e-003 	-2.080402e-003 	1.157920e+000 	-1.160000e+000 	9.818599e-002 
-34.700000 	-2.137398e-003 	-2.137398e-003 	1.154529e+000 	-1.156667e+000 	9.828474e-002 
-34.600000 	-2.194421e-003 	-2.194421e-003 	1.151139e+000 	-1.153333e+000 	9.837809e-002 
-34.500000 	-2.251469e-003 	-2.251469e-003 	1.147749e+000 	-1.150000e+000 	9.846599e-002 
-34.400000 	-2.308544e-003 	-2.308544e-003 	1.144358e+000 	-1.146667e+000 	9.854837e-002 
-34.300000 	-2.365645e-003 	-2.365645e-003 	1.140968e+000 	-1.143333e+000 	9.862518e-002 
-34.200000 	-2.422774e-003 	-2.422774e-003 	1.137577e+000 	-1.140000e+000 	9.869637e-002 
-34.100000 	-2.479929e-003 	-2.479929e-003 	1.134187e+000 	-1.136667e+000 	9.876189e-002 
-34.000000 	-2.537113e-003 	-2.537113e-003 	1.130796e+000 	-1.133333e+000 	9.882167e-002 
-33.900000 	-2.594324e-003 	-2.594324e-003 	1.127406e+000 	-1.130000e+000 	9.887566e-002 
-33.800000 	-2.651564e-003 	-2.651564e-003 	1.124015e+000 	-1.126667e+000 	9.892381e-002 
-33.700000 	-2.708832e-003 	-2.708832e-003 	1.120625e+000 	-1.123333e+000 	9.896605e-002 
-33.600000 	-2.766129e-003 	-2.766129e-003 	1.117234e+000 	-1.120000e+000 	9.900234e-002 
-33.500000 	-2.823456e-003 	-2.823456e-003 	1.113843e+000 	-1.116667e+000 	9.903261e-002 
-33.400000 	-2.880813e-003 	-2.880813e-003 	1.110453e+000 	-1.113333e+000 	9.905681e-002 
-33.300000 	-2.938201e-003 	-2.938201e-003 	1.107062e+000 	-1.110000e+000 	9.907488e-002 
-33.200000 	-2.995620e-003 	-2.995620e-003 	1.103671e+000 	-1.106667e+000 	9.908676e-002 
-33.100000 	-3.053071e-003 	-3.053071e-003 	1.100280e+000 	-1.103333e+000 	9.909239e-002 
-33.000000 	-3.110554e-003 	-3.110554e-003 	1.096889e+000 	-1.100000e+000 	9.909172e-002 
-32.900000 	-3.168070e-003 	-3.168070e-003 	1.093499e+000 	-1.096667e+000 	9.908469e-002 
-32.800000 	-3.225619e-003 	-3.225619e-003 	1.090108e+000 	-1.093333e+000 	9.907123e-002 
-32.700000 	-3.283203e-003 	-3.283203e-003 	1.086717e+000 	-1.090000e+000 	9.905130e-002 
-32.600000 	-3.340822e-003 	-3.340822e-003 	1.083326e+000 	-1.086667e+000 	9.902482e-002 
-32.500000 	-3.398476e-003 	-3.398476e-003 	1.079935e+000 	-1.083333e+000 	9.899173e-002 
-32.400000 	-3.456166e-003 	-3.456166e-003 	1.076544e+000 	-1.080000e+000 	9.895199e-002 
-32.300000 	-3.513894e-003 	-3.513894e-003 	1.073153e+000 	-1.076667e+000 	9.890553e-002 
-32.200000 	-3.571659e-003 	-3.571659e-003 	1.069762e+000 	-1.073333e+000 	9.885228e-002 
-32.100000 	-3.629462e-003 	-3.629462e-003 	1.066371e+000 	-1.070000e+000 	9.879218e-002 
-32.000000 	-3.687305e-003 	-3.687305e-003 	1.062979e+000 	-1.066667e+000 	9.872519e-002 
-31.900000 	-3.745188e-003 	-3.745188e-003 	1.059588e+000 	-1.063333e+000 	9.865122e-002 
-31.800000 	-3.803112e-003 	-3.803112e-003 	1.056197e+000 	-1.060000e+000 	9.857022e-002 
-31.700000 	-3.861078e-003 	-3.861078e-003 	1.052806e+000 	-1.056667e+000 	9.848213e-002 
-31.600000 	-3.919087e-003 	-3.919087e-003 	1.049414e+000 	-1.053333e+000 	9.838689e-002 
-31.500000 	-3.977138e-003 	-3.977138e-003 	1.046023e+000 	-1.050000e+000 	9.828442e-002 
-31.400000 	-4.035234e-003 	-4.035234e-003 	1.042631e+000 	-1.046667e+000 	9.817468e-002 
-31.300000 	-4.093376e-003 	-4.093376e-003 	1.039240e+000 	-1.043333e+000 	9.805759e-002 
-31.200000 	-4.151563e-003 	-4.151563e-003 	1.035848e+000 	-1.040000e+000 	9.793309e-002 
-31.100000 	-4.209798e-003 	-4.209798e-003 	1.032457e+000 	-1.036667e+000 	9.780111e-002 
-31.000000 	-4.268080e-003 	-4.268080e-003 	1.029065e+000 	-1.033333e+000 	9.766160e-002 
-30.900000 	-4.326411e-003 	-4.326411e-003 	1.025674e+000 	-1.030000e+000 	9.751449e-002 
-30.800000 	-4.384792e-003 	-4.384792e-003 	1.022282e+000 	-1.026667e+000 	9.735971e-002 
-30.700000 	-4.443223e-003 	-4.443223e-003 	1.018890e+000 	-1.023333e+000 	9.719719e-002 
-30.600000 	-4.501706e-003 	-4.501706e-003 	1.015498e+000 	-1.020000e+000 	9.702688e-002 
-30.500000 	-4.560242e-003 	-4.560242e-003 	1.012106e+000 	-1.016667e+000 	9.684870e-002 
-30.400000 	-4.618831e-003 	-4.618831e-003 	1.008715e+000 	-1.013333e+000 	9.666258e-002 
-30.300000 	-4.677474e-003 	-4.677474e-003 	1.005323e+000 	-1.010000e+000 	9.646847e-002 
-30.200000 	-4.736173e-003 	-4.736173e-003 	1.001930e+000 	-1.006667e+000 	9.626630e-002 
-30.100000 	-4.794927e-003 	-4.794927e-003 	9.985384e-001 	-1.003333e+000 	9.605599e-002 
-30.000000 	-4.853739e-003 	-4.853739e-003 	9.951463e-001 	-1.000000e+000 	9.583748e-002 
-29.900000 	-4.912609e-003 	-4.912609e-003 	9.917541e-001 	-9.966667e-001 	9.561070e-002 
-29.800000 	-4.971538e-003 	-4.971538e-003 	9.883618e-001 	-9.933333e-001 	9.537558e-002 
-29.700000 	-5.030526e-003 	-5.030526e-003 	9.849695e-001 	-9.900000e-001 	9.513206e-002 
-29.600000 	-5.089575e-003 	-5.089575e-003 	9.815771e-001 	-9.866667e-001 	9.488006e-002 
-29.500000 	-5.148686e-003 	-5.148686e-003 	9.781846e-001 	-9.833333e-001 	9.461952e-002 
-29.400000 	-5.207859e-003 	-5.207859e-003 	9.747921e-001 	-9.800000e-001 	9.435037e-002 
-29.300000 	-5.267095e-003 	-5.267095e-003 	9.713996e-001 	-9.766667e-001 	9.407254e-002 
-29.200000 	-5.326396e-003 	-5.326396e-003 	9.680069e-001 	-9.733333e-001 	9.378595e-002 
-29.100000 	-5.385761e-003 	-5.385761e-003 	9.646142e-001 	-9.700000e-001 	9.349054e-002 
-29.000000 	-5.445191e-003 	-5.445191e-003 	9.612215e-001 	-9.666667e-001 	9.318624e-002 
-28.900000 	-5.504688e-003 	-5.504688e-003 	9.578286e-001 	-9.633333e-001 	9.287297e-002 
-28.800000 	-5.564252e-003 	-5.564252e-003 	9.544357e-001 	-9.600000e-001 	9.255066e-002 
-28.700000 	-5.623884e-003 	-5.623884e-003 	9.510428e-001 	-9.566667e-001 	9.221925e-002 
-28.600000 	-5.683584e-003 	-5.683584e-003 	9.476497e-001 	-9.533333e-001 	9.187866e-002 
-28.500000 	-5.743353e-003 	-5.743353e-003 	9.442566e-001 	-9.500000e-001 	9.152882e-002 
-28.400000 	-5.803192e-003 	-5.803192e-003 	9.408635e-001 	-9.466667e-001 	9.116965e-002 
-28.300000 	-5.863101e-003 	-5.863101e-003 	9.374702e-001 	-9.433333e-001 	9.080109e-002 
-28.200000 	-5.923080e-003 	-5.923080e-003 	9.340769e-001 	-9.400000e-001 	9.042306e-002 
-28.100000 	-5.983131e-003 	-5.983131e-003 	9.306835e-001 	-9.366667e-001 	9.003549e-002 
-28.000000 	-6.043253e-003 	-6.043253e-003 	9.272901e-001 	-9.333333e-001 	8.963830e-002 
-27.900000 	-6.103447e-003 	-6.103447e-003 	9.238966e-001 	-9.300000e-001 	8.923142e-002 
-27.800000 	-6.163713e-003 	-6.163713e-003 	9.205030e-001 	-9.266667e-001 	8.881477e-002 
-27.700000 	-6.224052e-003 	-6.224052e-003 	9.171093e-001 	-9.233333e-001 	8.838829e-002 
-27.600000 	-6.284464e-003 	-6.284464e-003 	9.137155e-001 	-9.200000e-001 	8.795190e-002 
-27.500000 	-6.344948e-003 	-6.344948e-003 	9.103217e-001 	-9.166667e-001 	8.750552e-002 
-27.400000 	-6.405506e-003 	-6.405506e-003 	9.069278e-001 	-9.133333e-001 	8.704908e-002 
-27.300000 	-6.466137e-003 	-6.466137e-003 	9.035339e-001 	-9.100000e-001 	8.658249e-002 
-27.200000 	-6.526840e-003 	-6.526840e-003 	9.001398e-001 	-9.066667e-001 	8.610570e-002 
-27.100000 	-6.587617e-003 	-6.587617e-003 	8.967457e-001 	-9.033333e-001 	8.561861e-002 
-27.000000 	-6.648466e-003 	-6.648466e-003 	8.933515e-001 	-9.000000e-001 	8.512116e-002 
-26.900000 	-6.709388e-003 	-6.709388e-003 	8.899573e-001 	-8.966667e-001 	8.461327e-002 
-26.800000 	-6.770381e-003 	-6.770381e-003 	8.865630e-001 	-8.933333e-001 	8.409486e-002 
-26.700000 	-6.831447e-003 	-6.831447e-003 	8.831686e-001 	-8.900000e-001 	8.356586e-002 
-26.600000 	-6.892584e-003 	-6.892584e-003 	8.797741e-001 	-8.866667e-001 	8.302618e-002 
-26.500000 	-6.953792e-003 	-6.953792e-003 	8.763795e-001 	-8.833333e-001 	8.247576e-002 
-26.400000 	-7.015069e-003 	-7.015069e-003 	8.729849e-001 	-8.800000e-001 	8.191451e-002 
-26.300000 	-7.076416e-003 	-7.076416e-003 	8.695903e-001 	-8.766667e-001 	8.134235e-002 
-26.200000 	-7.137831e-003 	-7.137831e-003 	8.661955e-001 	-8.733333e-001 	8.075921e-002 
-26.100000 	-7.199313e-003 	-7.199313e-003 	8.628007e-001 	-8.700000e-001 	8.016501e-002 
-26.000000 	-7.260862e-003 	-7.260862e-003 	8.594058e-001 	-8.666667e-001 	7.955968e-002 
-25.900000 	-7.322476e-003 	-7.322476e-003 	8.560109e-001 	-8.633333e-001 	7.894313e-002 
-25.800000 	-7.384153e-003 	-7.384153e-003 	8.526158e-001 	-8.600000e-001 	7.831528e-002 
-25.700000 	-7.445893e-003 	-7.445893e-003 	8.492208e-001 	-8.566667e-001 	7.767606e-002 
-25.600000 	-7.507693e-003 	-7.507693e-003 	8.458256e-001 	-8.533333e-001 	7.702538e-002 
-25.500000 	-7.569553e-003 	-7.569553e-003 	8.424304e-001 	-8.500000e-001 	7.636318e-002 
-25.400000 	-7.631469e-003 	-7.631469e-003 	8.390352e-001 	-8.466667e-001 	7.568936e-002 
-25.300000 	-7.693441e-003 	-7.693441e-003 	8.356399e-001 	-8.433333e-001 	7.500385e-002 
-25.200000 	-7.755466e-003 	-7.755466e-003 	8.322445e-001 	-8.400000e-001 	7.430657e-002 
-25.100000 	-7.817542e-003 	-7.817542e-003 	8.288491e-001 	-8.366667e-001 	7.359745e-002 
-25.000000 	-7.879667e-003 	-7.879667e-003 	8.254537e-001 	-8.333333e-001 	7.287639e-002 
-24.900000 	-7.941838e-003 	-7.941838e-003 	8.220582e-001 	-8.300000e-001 	7.214333e-002 
-24.800000 	-8.004051e-003 	-8.004051e-003 	8.186626e-001 	-8.266667e-001 	7.139818e-002 
-24.700000 	-8.066306e-003 	-8.066306e-003 	8.152670e-001 	-8.233333e-001 	7.064086e-002 
-24.600000 	-8.128597e-003 	-8.128597e-003 	8.118714e-001 	-8.200000e-001 	6.987129e-002 
-24.500000 	-8.190923e-003 	-8.190923e-003 	8.084757e-001 	-8.166667e-001 	6.908940e-002 
-24.400000 	-8.253279e-003 	-8.253279e-003 	8.050801e-001 	-8.133333e-001 	6.829509e-002 
-24.300000 	-8.315663e-003 	-8.315663e-003 	8.016843e-001 	-8.100000e-001 	6.748830e-002 
-24.200000 	-8.378070e-003 	-8.378070e-003 	7.982886e-001 	-8.066667e-001 	6.666894e-002 
-24.100000 	-8.440496e-003 	-8.440496e-003 	7.948928e-001 	-8.033333e-001 	6.583693e-002 
-24.000000 	-8.502937e-003 	-8.502937e-003 	7.914971e-001 	-8.000000e-001 	6.499219e-002 
-23.900000 	-8.565390e-003 	-8.565390e-003 	7.881013e-001 	-7.966667e-001 	6.413464e-002 
-23.800000 	-8.627848e-003 	-8.627848e-003 	7.847055e-001 	-7.933333e-001 	6.326420e-002 
-23.700000 	-8.690308e-003 	-8.690308e-003 	7.813097e-001 	-7.900000e-001 	6.238080e-002 
-23.600000 	-8.752765e-003 	-8.752765e-003 	7.779139e-001 	-7.866667e-001 	6.148434e-002 
-23.500000 	-8.815212e-003 	-8.815212e-003 	7.745181e-001 	-7.833333e-001 	6.057476e-002 
-23.400000 	-8.877645e-003 	-8.877645e-003 	7.711224e-001 	-7.800000e-001 	5.965197e-002 
-23.300000 	-8.940059e-003 	-8.940059e-003 	7.677266e-001 	-7.766667e-001 	5.871589e-002 
-23.200000 	-9.002446e-003 	-9.002446e-003 	7.643309e-001 	-7.733333e-001 	5.776644e-002 
-23.100000 	-9.064800e-003 	-9.064800e-003 	7.609352e-001 	-7.700000e-001 	5.680355e-002 
-23.000000 	-9.127116e-003 	-9.127116e-003 	7.575396e-001 	-7.666667e-001 	5.582713e-002 
-22.900000 	-9.189387e-003 	-9.189387e-003 	7.541439e-001 	-7.633333e-001 	5.483710e-002 
-22.800000 	-9.251604e-003 	-9.251604e-003 	7.507484e-001 	-7.600000e-001 	5.383339e-002 
-22.700000 	-9.313762e-003 	-9.313762e-003 	7.473529e-001 	-7.566667e-001 	5.281592e-002 
-22.600000 	-9.375852e-003 	-9.375852e-003 	7.439575e-001 	-7.533333e-001 	5.178460e-002 
-22.500000 	-9.437867e-003 	-9.437867e-003 	7.405621e-001 	-7.500000e-001 	5.073937e-002 
-22.400000 	-9.499798e-003 	-9.499798e-003 	7.371669e-001 	-7.466667e-001 	4.968013e-002 
-22.300000 	-9.561637e-003 	-9.561637e-003 	7.337717e-001 	-7.433333e-001 	4.860683e-002 
-22.200000 	-9.623375e-003 	-9.623375e-003 	7.303766e-001 	-7.400000e-001 	4.751937e-002 
-22.100000 	-9.685003e-003 	-9.685003e-003 	7.269817e-001 	-7.366667e-001 	4.641768e-002 
-22.000000 	-9.746512e-003 	-9.746512e-003 	7.235868e-001 	-7.333333e-001 	4.530169e-002 
-21.900000 	-9.807890e-003 	-9.807890e-003 	7.201921e-001 	-7.300000e-001 	4.417131e-002 
-21.800000 	-9.869130e-003 	-9.869130e-003 	7.167975e-001 	-7.266667e-001 	4.302648e-002 
-21.700000 	-9.930219e-003 	-9.930219e-003 	7.134031e-001 	-7.233333e-001 	4.186712e-002 
-21.600000 	-9.991148e-003 	-9.991148e-003 	7.100089e-001 	-7.200000e-001 	4.069314e-002 
-21.500000 	-1.005190e-002 	-1.005190e-002 	7.066148e-001 	-7.166667e-001 	3.950449e-002 
-21.400000 	-1.011248e-002 	-1.011248e-002 	7.032209e-001 	-7.133333e-001 	3.830108e-002 
-21.300000 	-1.017285e-002 	-1.017285e-002 	6.998271e-001 	-7.100000e-001 	3.708284e-002 
-21.200000 	-1.023302e-002 	-1.023302e-002 	6.964336e-001 	-7.066667e-001 	3.584970e-002 
-21.100000 	-1.029297e-002 	-1.029297e-002 	6.930404e-001 	-7.033333e-001 	3.460158e-002 
-21.000000 	-1.035269e-002 	-1.035269e-002 	6.896473e-001 	-7.000000e-001 	3.333842e-002 
-20.900000 	-1.041215e-002 	-1.041215e-002 	6.862545e-001 	-6.966667e-001 	3.206014e-002 
-20.800000 	-1.047136e-002 	-1.047136e-002 	6.828620e-001 	-6.933333e-001 	3.076668e-002 
-20.700000 	-1.053029e-002 	-1.053029e-002 	6.794697e-001 	-6.900000e-001 	2.945796e-002 
-20.600000 	-1.058893e-002 	-1.058893e-002 	6.760777e-001 	-6.866667e-001 	2.813391e-002 
-20.500000 	-1.064726e-002 	-1.064726e-002 	6.726861e-001 	-6.833333e-001 	2.679447e-002 
-20.400000 	-1.070527e-002 	-1.070527e-002 	6.692947e-001 	-6.800000e-001 	2.543958e-002 
-20.300000 	-1.076295e-002 	-1.076295e-002 	6.659037e-001 	-6.766667e-001 	2.406915e-002 
-20.200000 	-1.082027e-002 	-1.082027e-002 	6.625131e-001 	-6.733333e-001 	2.268314e-002 
-20.100000 	-1.087722e-002 	-1.087722e-002 	6.591228e-001 	-6.700000e-001 	2.128147e-002 
-20.000000 	-1.093378e-002 	-1.093378e-002 	6.557329e-001 	-6.666667e-001 	1.986408e-002 
-19.900000 	-1.098993e-002 	-1.098993e-002 	6.523434e-001 	-6.633333e-001 	1.843090e-002 
-19.800000 	-1.104565e-002 	-1.104565e-002 	6.489543e-001 	-6.600000e-001 	1.698189e-002 
-19.700000 	-1.110094e-002 	-1.110094e-002 	6.455657e-001 	-6.566667e-001 	1.551697e-002 
-19.600000 	-1.115575e-002 	-1.115575e-002 	6.421776e-001 	-6.533333e-001 	1.403609e-002 
-19.500000 	-1.121008e-002 	-1.121008e-002 	6.387899e-001 	-6.500000e-001 	1.253918e-002 
-19.400000 	-1.126391e-002 	-1.126391e-002 	6.354028e-001 	-6.466667e-001 	1.102620e-002 
-19.300000 	-1.131721e-002 	-1.131721e-002 	6.320161e-001 	-6.433333e-001 	9.497082e-003 
-19.200000 	-1.136997e-002 	-1.136997e-002 	6.286300e-001 	-6.400000e-001 	7.951776e-003 
-19.100000 	-1.142215e-002 	-1.142215e-002 	6.252445e-001 	-6.366667e-001 	6.390227e-003 
-19.000000 	-1.147374e-002 	-1.147374e-002 	6.218596e-001 	-6.333333e-001 	4.812384e-003 
-18.900000 	-1.152471e-002 	-1.152471e-002 	6.184753e-001 	-6.300000e-001 	3.218196e-003 
-18.800000 	-1.157504e-002 	-1.157504e-002 	6.150916e-001 	-6.266667e-001 	1.607613e-003 
-18.700000 	-1.162471e-002 	-1.162471e-002 	6.117086e-001 	-6.233333e-001 	-1.941105e-005 
-18.600000 	-1.167369e-002 	-1.167369e-002 	6.083263e-001 	-6.200000e-001 	-1.662923e-003 
-18.500000 	-1.172195e-002 	-1.172195e-002 	6.049447e-001 	-6.166667e-001 	-3.322969e-003 
-18.400000 	-1.176947e-002 	-1.176947e-002 	6.015639e-001 	-6.133333e-001 	-4.999590e-003 
-18.300000 	-1.181622e-002 	-1.181622e-002 	5.981838e-001 	-6.100000e-001 	-6.692828e-003 
-18.200000 	-1.186218e-002 	-1.186218e-002 	5.948045e-001 	-6.066667e-001 	-8.402723e-003 
-18.100000 	-1.190731e-002 	-1.190731e-002 	5.914260e-001 	-6.033333e-001 	-1.012931e-002 
-18.000000 	-1.195159e-002 	-1.195159e-002 	5.880484e-001 	-6.000000e-001 	-1.187264e-002 
-17.900000 	-1.199498e-002 	-1.199498e-002 	5.846717e-001 	-5.966667e-001 	-1.363272e-002 
-17.800000 	-1.203746e-002 	-1.203746e-002 	5.812959e-001 	-5.933333e-001 	-1.540961e-002 
-17.700000 	-1.207900e-002 	-1.207900e-002 	5.779210e-001 	-5.900000e-001 	-1.720333e-002 
-17.600000 	-1.211956e-002 	-1.211956e-002 	5.745471e-001 	-5.866667e-001 	-1.901390e-002 
-17.500000 	-1.215912e-002 	-1.215912e-002 	5.711742e-001 	-5.833333e-001 	-2.084136e-002 
-17.400000 	-1.219763e-002 	-1.219763e-002 	5.678024e-001 	-5.800000e-001 	-2.268573e-002 
-17.300000 	-1.223508e-002 	-1.223508e-002 	5.644316e-001 	-5.766667e-001 	-2.454703e-002 
-17.200000 	-1.227142e-002 	-1.227142e-002 	5.610619e-001 	-5.733333e-001 	-2.642528e-002 
-17.100000 	-1.230661e-002 	-1.230661e-002 	5.576934e-001 	-5.700000e-001 	-2.832050e-002 
-17.000000 	-1.234063e-002 	-1.234063e-002 	5.543260e-001 	-5.666667e-001 	-3.023271e-002 
-16.900000 	-1.237344e-002 	-1.237344e-002 	5.509599e-001 	-5.633333e-001 	-3.216192e-002 
-16.800000 	-1.240499e-002 	-1.240499e-002 	5.475950e-001 	-5.600000e-001 	-3.410814e-002 
-16.700000 	-1.243527e-002 	-1.243527e-002 	5.442314e-001 	-5.566667e-001 	-3.607139e-002 
-16.600000 	-1.246421e-002 	-1.246421e-002 	5.408691e-001 	-5.533333e-001 	-3.805166e-002 
-16.500000 	-1.249179e-002 	-1.249179e-002 	5.375082e-001 	-5.500000e-001 	-4.004896e-002 
-16.400000 	-1.251797e-002 	-1.251797e-002 	5.341487e-001 	-5.466667e-001 	-4.206329e-002 
-16.300000 	-1.254271e-002 	-1.254271e-002 	5.307906e-001 	-5.433333e-001 	-4.409466e-002 
-16.200000 	-1.256596e-002 	-1.256596e-002 	5.274340e-001 	-5.400000e-001 	-4.614305e-002 
-16.100000 	-1.258769e-002 	-1.258769e-002 	5.240790e-001 	-5.366667e-001 	-4.820847e-002 
-16.000000 	-1.260785e-002 	-1.260785e-002 	5.207255e-001 	-5.333333e-001 	-5.029090e-002 
-15.900000 	-1.262640e-002 	-1.262640e-002 	5.173736e-001 	-5.300000e-001 	-5.239033e-002 
-15.800000 	-1.264330e-002 	-1.264330e-002 	5.140234e-001 	-5.266667e-001 	-5.450675e-002 
-15.700000 	-1.265849e-002 	-1.265849e-002 	5.106748e-001 	-5.233333e-001 	-5.664014e-002 
-15.600000 	-1.267194e-002 	-1.267194e-002 	5.073281e-001 	-5.200000e-001 	-5.879047e-002 
-15.500000 	-1.268361e-002 	-1.268361e-002 	5.039831e-001 	-5.166667e-001 	-6.095774e-002 
-15.400000 	-1.269344e-002 	-1.269344e-002 	5.006399e-001 	-5.133333e-001 	-6.314190e-002 
-15.300000 	-1.270138e-002 	-1.270138e-002 	4.972986e-001 	-5.100000e-001 	-6.534293e-002 
-15.200000 	-1.270740e-002 	-1.270740e-002 	4.939593e-001 	-5.066667e-001 	-6.756080e-002 
-15.100000 	-1.271143e-002 	-1.271143e-002 	4.906219e-001 	-5.033333e-001 	-6.979548e-002 
-15.000000 	-1.271344e-002 	-1.271344e-002 	4.872866e-001 	-5.000000e-001 	-7.204692e-002 
-14.900000 	-1.271337e-002 	-1.271337e-002 	4.839533e-001 	-4.966667e-001 	-7.431508e-002 
-14.800000 	-1.271118e-002 	-1.271118e-002 	4.806222e-001 	-4.933333e-001 	-7.659992e-002 
-14.700000 	-1.270680e-002 	-1.270680e-002 	4.772932e-001 	-4.900000e-001 	-7.890139e-002 
-14.600000 	-1.270019e-002 	-1.270019e-002 	4.739665e-001 	-4.866667e-001 	-8.121944e-002 
-14.500000 	-1.269130e-002 	-1.269130e-002 	4.706420e-001 	-4.833333e-001 	-8.355401e-002 
-14.400000 	-1.268007e-002 	-1.268007e-002 	4.673199e-001 	-4.800000e-001 	-8.590505e-002 
-14.300000 	-1.266645e-002 	-1.266645e-002 	4.640002e-001 	-4.766667e-001 	-8.827249e-002 
-14.200000 	-1.265039e-002 	-1.265039e-002 	4.606829e-001 	-4.733333e-001 	-9.065628e-002 
-14.100000 	-1.263182e-002 	-1.263182e-002 	4.573682e-001 	-4.700000e-001 	-9.305633e-002 
-14.000000 	-1.261071e-002 	-1.261071e-002 	4.540560e-001 	-4.666667e-001 	-9.547259e-002 
-13.900000 	-1.258698e-002 	-1.258698e-002 	4.507464e-001 	-4.633333e-001 	-9.790497e-002 
-13.800000 	-1.256058e-002 	-1.256058e-002 	4.474394e-001 	-4.600000e-001 	-1.003534e-001 
-13.700000 	-1.253146e-002 	-1.253146e-002 	4.441352e-001 	-4.566667e-001 	-1.028178e-001 
-13.600000 	-1.249955e-002 	-1.249955e-002 	4.408338e-001 	-4.533333e-001 	-1.052981e-001 
-13.500000 	-1.246481e-002 	-1.246481e-002 	4.375352e-001 	-4.500000e-001 	-1.077941e-001 
-13.400000 	-1.242716e-002 	-1.242716e-002 	4.342395e-001 	-4.466667e-001 	-1.103059e-001 
-13.300000 	-1.238655e-002 	-1.238655e-002 	4.309468e-001 	-4.433333e-001 	-1.128333e-001 
-13.200000 	-1.234293e-002 	-1.234293e-002 	4.276571e-001 	-4.400000e-001 	-1.153761e-001 
-13.100000 	-1.229622e-002 	-1.229622e-002 	4.243704e-001 	-4.366667e-001 	-1.179344e-001 
-13.000000 	-1.224638e-002 	-1.224638e-002 	4.210870e-001 	-4.333333e-001 	-1.205079e-001 
-12.900000 	-1.219333e-002 	-1.219333e-002 	4.178067e-001 	-4.300000e-001 	-1.230967e-001 
-12.800000 	-1.213702e-002 	-1.213702e-002 	4.145296e-001 	-4.266667e-001 	-1.257005e-001 
-12.700000 	-1.207738e-002 	-1.207738e-002 	4.112560e-001 	-4.233333e-001 	-1.283193e-001 
-12.600000 	-1.201435e-002 	-1.201435e-002 	4.079856e-001 	-4.200000e-001 	-1.309528e-001 
-12.500000 	-1.194788e-002 	-1.194788e-002 	4.047188e-001 	-4.166667e-001 	-1.336011e-001 
-12.400000 	-1.187789e-002 	-1.187789e-002 	4.014554e-001 	-4.133333e-001 	-1.362640e-001 
-12.300000 	-1.180432e-002 	-1.180432e-002 	3.981957e-001 	-4.100000e-001 	-1.389413e-001 
-12.200000 	-1.172710e-002 	-1.172710e-002 	3.949396e-001 	-4.066667e-001 	-1.416330e-001 
-12.100000 	-1.164619e-002 	-1.164619e-002 	3.916871e-001 	-4.033333e-001 	-1.443388e-001 
-12.000000 	-1.156150e-002 	-1.156150e-002 	3.884385e-001 	-4.000000e-001 	-1.470586e-001 
-11.900000 	-1.147297e-002 	-1.147297e-002 	3.851937e-001 	-3.966667e-001 	-1.497923e-001 
-11.800000 	-1.138055e-002 	-1.138055e-002 	3.819528e-001 	-3.933333e-001 	-1.525397e-001 
-11.700000 	-1.128416e-002 	-1.128416e-002 	3.787158e-001 	-3.900000e-001 	-1.553008e-001 
-11.600000 	-1.118373e-002 	-1.118373e-002 	3.754829e-001 	-3.866667e-001 	-1.580752e-001 
-11.500000 	-1.107922e-002 	-1.107922e-002 	3.722541e-001 	-3.833333e-001 	-1.608630e-001 
-11.400000 	-1.097054e-002 	-1.097054e-002 	3.690295e-001 	-3.800000e-001 	-1.636638e-001 
-11.300000 	-1.085763e-002 	-1.085763e-002 	3.658090e-001 	-3.766667e-001 	-1.664776e-001 
-11.200000 	-1.074043e-002 	-1.074043e-002 	3.625929e-001 	-3.733333e-001 	-1.693042e-001 
-11.100000 	-1.061886e-002 	-1.061886e-002 	3.593811e-001 	-3.700000e-001 	-1.721433e-001 
-11.000000 	-1.049288e-002 	-1.049288e-002 	3.561738e-001 	-3.666667e-001 	-1.749949e-001 
-10.900000 	-1.036240e-002 	-1.036240e-002 	3.529709e-001 	-3.633333e-001 	-1.778588e-001 
-10.800000 	-1.022736e-002 	-1.022736e-002 	3.497726e-001 	-3.600000e-001 	-1.807347e-001 
-10.700000 	-1.008770e-002 	-1.008770e-002 	3.465790e-001 	-3.566667e-001 	-1.836225e-001 
-10.600000 	-9.943357e-003 	-9.943357e-003 	3.433900e-001 	-3.533333e-001 	-1.865219e-001 
-10.500000 	-9.794255e-003 	-9.794255e-003 	3.402057e-001 	-3.500000e-001 	-1.894330e-001 
-10.400000 	-9.640333e-003 	-9.640333e-003 	3.370263e-001 	-3.466667e-001 	-1.923553e-001 
-10.300000 	-9.481526e-003 	-9.481526e-003 	3.338518e-001 	-3.433333e-001 	-1.952887e-001 
-10.200000 	-9.317768e-003 	-9.317768e-003 	3.306822e-001 	-3.400000e-001 	-1.982331e-001 
-10.100000 	-9.148995e-003 	-9.148995e-003 	3.275177e-001 	-3.366667e-001 	-2.011882e-001 
-10.000000 	-8.975141e-003 	-8.975141e-003 	3.243582e-001 	-3.333333e-001 	-2.041538e-001 
-9.900000 	-8.796143e-003 	-8.796143e-003 	3.212039e-001 	-3.300000e-001 	-2.071298e-001 
-9.800000 	-8.611936e-003 	-8.611936e-003 	3.180547e-001 	-3.266667e-001 	-2.101158e-001 
-9.700000 	-8.422456e-003 	-8.422456e-003 	3.149109e-001 	-3.233333e-001 	-2.131118e-001 
-9.600000 	-8.227640e-003 	-8.227640e-003 	3.117724e-001 	-3.200000e-001 	-2.161174e-001 
-9.500000 	-8.027425e-003 	-8.027425e-003 	3.086392e-001 	-3.166667e-001 	-2.191326e-001 
-9.400000 	-7.821748e-003 	-7.821748e-003 	3.055116e-001 	-3.133333e-001 	-2.221570e-001 
-9.300000 	-7.610547e-003 	-7.610547e-003 	3.023895e-001 	-3.100000e-001 	-2.251904e-001 
-9.200000 	-7.393760e-003 	-7.393760e-003 	2.992729e-001 	-3.066667e-001 	-2.282327e-001 
-9.100000 	-7.171326e-003 	-7.171326e-003 	2.961620e-001 	-3.033333e-001 	-2.312836e-001 
-9.000000 	-6.943183e-003 	-6.943183e-003 	2.930568e-001 	-3.000000e-001 	-2.343428e-001 
-8.900000 	-6.709273e-003 	-6.709273e-003 	2.899574e-001 	-2.966667e-001 	-2.374103e-001 
-8.800000 	-6.469534e-003 	-6.469534e-003 	2.868638e-001 	-2.933333e-001 	-2.404856e-001 
-8.700000 	-6.223908e-003 	-6.223908e-003 	2.837761e-001 	-2.900000e-001 	-2.435687e-001 
-8.600000 	-5.972979e-003 	-5.972979e-003 	2.806937e-001 	-2.866667e-001 	-2.466623e-001 
-8.500000 	-5.715448e-003 	-5.715448e-003 	2.776179e-001 	-2.833333e-001 	-2.497603e-001 
-8.400000 	-5.451859e-003 	-5.451859e-003 	2.745481e-001 	-2.800000e-001 	-2.528654e-001 
-8.300000 	-5.182155e-003 	-5.182155e-003 	2.714845e-001 	-2.766667e-001 	-2.559774e-001 
-8.200000 	-4.906281e-003 	-4.906281e-003 	2.684271e-001 	-2.733333e-001 	-2.590958e-001 
-8.100000 	-4.624181e-003 	-4.624181e-003 	2.653758e-001 	-2.700000e-001 	-2.622207e-001 
-8.000000 	-4.335802e-003 	-4.335802e-003 	2.623309e-001 	-2.666667e-001 	-2.653517e-001 
-7.900000 	-4.041089e-003 	-4.041089e-003 	2.592922e-001 	-2.633333e-001 	-2.684885e-001 
-7.800000 	-3.739990e-003 	-3.739990e-003 	2.562600e-001 	-2.600000e-001 	-2.716310e-001 
-7.700000 	-3.432453e-003 	-3.432453e-003 	2.532342e-001 	-2.566667e-001 	-2.747789e-001 
-7.600000 	-3.118428e-003 	-3.118428e-003 	2.502149e-001 	-2.533333e-001 	-2.779320e-001 
-7.500000 	-2.797863e-003 	-2.797863e-003 	2.472021e-001 	-2.500000e-001 	-2.810901e-001 
-7.400000 	-2.470710e-003 	-2.470710e-003 	2.441960e-001 	-2.466667e-001 	-2.842529e-001 
-7.300000 	-2.136920e-003 	-2.136920e-003 	2.411964e-001 	-2.433333e-001 	-2.874201e-001 
-7.200000 	-1.796445e-003 	-1.796445e-003 	2.382036e-001 	-2.400000e-001 	-2.905917e-001 
-7.100000 	-1.449239e-003 	-1.449239e-003 	2.352174e-001 	-2.366667e-001 	-2.937672e-001 
-7.000000 	-1.095257e-003 	-1.095257e-003 	2.322381e-001 	-2.333333e-001 	-2.969465e-001 
-6.900000 	-7.344526e-004 	-7.344526e-004 	2.292655e-001 	-2.300000e-001 	-3.001294e-001 
-6.800000 	-3.667830e-004 	-3.667830e-004 	2.262999e-001 	-2.266667e-001 	-3.033156e-001 
-6.700000 	7.794888e-006 	7.794888e-006 	2.233411e-001 	-2.233333e-001 	-3.065049e-001 
-6.600000 	3.893229e-004 	3.893229e-004 	2.203893e-001 	-2.200000e-001 	-3.096971e-001 
-6.500000 	7.778420e-004 	7.778420e-004 	2.174445e-001 	-2.166667e-001 	-3.128919e-001 
-6.400000 	1.173392e-003 	1.173392e-003 	2.145067e-001 	-2.133333e-001 	-3.160891e-001 
-6.300000 	1.576012e-003 	1.576012e-003 	2.115760e-001 	-2.100000e-001 	-3.192885e-001 
-6.200000 	1.985739e-003 	1.985739e-003 	2.086524e-001 	-2.066667e-001 	-3.224899e-001 
-6.100000 	2.402611e-003 	2.402611e-003 	2.057359e-001 	-2.033333e-001 	-3.256930e-001 
-6.000000 	2.826662e-003 	2.826662e-003 	2.028267e-001 	-2.000000e-001 	-3.288976e-001 
-5.900000 	3.257929e-003 	3.257929e-003 	1.999246e-001 	-1.966667e-001 	-3.321034e-001 
-5.800000 	3.696445e-003 	3.696445e-003 	1.970298e-001 	-1.933333e-001 	-3.353104e-001 
-5.700000 	4.142241e-003 	4.142241e-003 	1.941422e-001 	-1.900000e-001 	-3.385181e-001 
-5.600000 	4.595351e-003 	4.595351e-003 	1.912620e-001 	-1.866667e-001 	-3.417265e-001 
-5.500000 	5.055804e-003 	5.055804e-003 	1.883891e-001 	-1.833333e-001 	-3.449353e-001 
-5.400000 	5.523629e-003 	5.523629e-003 	1.855236e-001 	-1.800000e-001 	-3.481443e-001 
-5.300000 	5.998856e-003 	5.998856e-003 	1.826655e-001 	-1.766667e-001 	-3.513533e-001 
-5.200000 	6.481511e-003 	6.481511e-003 	1.798148e-001 	-1.733333e-001 	-3.545621e-001 
-5.100000 	6.971622e-003 	6.971622e-003 	1.769716e-001 	-1.700000e-001 	-3.577704e-001 
-5.000000 	7.469212e-003 	7.469212e-003 	1.741359e-001 	-1.666667e-001 	-3.609781e-001 
-4.900000 	7.974306e-003 	7.974306e-003 	1.713076e-001 	-1.633333e-001 	-3.641849e-001 
-4.800000 	8.486928e-003 	8.486928e-003 	1.684869e-001 	-1.600000e-001 	-3.673907e-001 
-4.700000 	9.007098e-003 	9.007098e-003 	1.656738e-001 	-1.566667e-001 	-3.705952e-001 
-4.600000 	9.534839e-003 	9.534839e-003 	1.628682e-001 	-1.533333e-001 	-3.737983e-001 
-4.500000 	1.007017e-002 	1.007017e-002 	1.600702e-001 	-1.500000e-001 	-3.769997e-001 
-4.400000 	1.061311e-002 	1.061311e-002 	1.572798e-001 	-1.466667e-001 	-3.801993e-001 
-4.300000 	1.116368e-002 	1.116368e-002 	1.544970e-001 	-1.433333e-001 	-3.833968e-001 
-4.200000 	1.172189e-002 	1.172189e-002 	1.517219e-001 	-1.400000e-001 	-3.865921e-001 
-4.100000 	1.228776e-002 	1.228776e-002 	1.489544e-001 	-1.366667e-001 	-3.897851e-001 
-4.000000 	1.286130e-002 	1.286130e-002 	1.461946e-001 	-1.333333e-001 	-3.929754e-001 
-3.900000 	1.344253e-002 	1.344253e-002 	1.434425e-001 	-1.300000e-001 	-3.961629e-001 
-3.800000 	1.403147e-002 	1.403147e-002 	1.406981e-001 	-1.266667e-001 	-3.993475e-001 
-3.700000 	1.462811e-002 	1.462811e-002 	1.379614e-001 	-1.233333e-001 	-4.025290e-001 
-3.600000 	1.523248e-002 	1.523248e-002 	1.352325e-001 	-1.200000e-001 	-4.057071e-001 
-3.500000 	1.584458e-002 	1.584458e-002 	1.325112e-001 	-1.166667e-001 	-4.088818e-001 
-3.400000 	1.646442e-002 	1.646442e-002 	1.297978e-001 	-1.133333e-001 	-4.120528e-001 
-3.300000 	1.709201e-002 	1.709201e-002 	1.270920e-001 	-1.100000e-001 	-4.152200e-001 
-3.200000 	1.772736e-002 	1.772736e-002 	1.243940e-001 	-1.066667e-001 	-4.183832e-001 
-3.100000 	1.837046e-002 	1.837046e-002 	1.217038e-001 	-1.033333e-001 	-4.215423e-001 
-3.000000 	1.902134e-002 	1.902134e-002 	1.190213e-001 	-1.000000e-001 	-4.246971e-001 
-2.900000 	1.967999e-002 	1.967999e-002 	1.163467e-001 	-9.666667e-002 	-4.278475e-001 
-2.800000 	2.034641e-002 	2.034641e-002 	1.136797e-001 	-9.333333e-002 	-4.309932e-001 
-2.700000 	2.102060e-002 	2.102060e-002 	1.110206e-001 	-9.000000e-002 	-4.341342e-001 
-2.600000 	2.170258e-002 	2.170258e-002 	1.083692e-001 	-8.666667e-002 	-4.372702e-001 
-2.500000 	2.239233e-002 	2.239233e-002 	1.057257e-001 	-8.333333e-002 	-4.404013e-001 
-2.400000 	2.308986e-002 	2.308986e-002 	1.030899e-001 	-8.000000e-002 	-4.435271e-001 
-2.300000 	2.379516e-002 	2.379516e-002 	1.004618e-001 	-7.666667e-002 	-4.466476e-001 
-2.200000 	2.450824e-002 	2.450824e-002 	9.784158e-002 	-7.333333e-002 	-4.497626e-001 
-2.100000 	2.522910e-002 	2.522910e-002 	9.522910e-002 	-7.000000e-002 	-4.528721e-001 
-2.000000 	2.595772e-002 	2.595772e-002 	9.262438e-002 	-6.666667e-002 	-4.559758e-001 
-1.900000 	2.669410e-002 	2.669410e-002 	9.002743e-002 	-6.333333e-002 	-4.590736e-001 
-1.800000 	2.743824e-002 	2.743824e-002 	8.743824e-002 	-6.000000e-002 	-4.621655e-001 
-1.700000 	2.819014e-002 	2.819014e-002 	8.485680e-002 	-5.666667e-002 	-4.652512e-001 
-1.600000 	2.894978e-002 	2.894978e-002 	8.228311e-002 	-5.333333e-002 	-4.683308e-001 
-1.500000 	2.971715e-002 	2.971715e-002 	7.971715e-002 	-5.000000e-002 	-4.714040e-001 
-1.400000 	3.049226e-002 	3.049226e-002 	7.715893e-002 	-4.666667e-002 	-4.744707e-001 
-1.300000 	3.127509e-002 	3.127509e-002 	7.460842e-002 	-4.333333e-002 	-4.775308e-001 
-1.200000 	3.206563e-002 	3.206563e-002 	7.206563e-002 	-4.000000e-002 	-4.805843e-001 
-1.100000 	3.286387e-002 	3.286387e-002 	6.953054e-002 	-3.666667e-002 	-4.836310e-001 
-1.000000 	3.366980e-002 	3.366980e-002 	6.700313e-002 	-3.333333e-002 	-4.866708e-001 
-0.900000 	3.448341e-002 	3.448341e-002 	6.448341e-002 	-3.000000e-002 	-4.897036e-001 
-0.800000 	3.530468e-002 	3.530468e-002 	6.197135e-002 	-2.666667e-002 	-4.927293e-001 
-0.700000 	3.613361e-002 	3.613361e-002 	5.946695e-002 	-2.333333e-002 	-4.957478e-001 
-0.600000 	3.697018e-002 	3.697018e-002 	5.697018e-002 	-2.000000e-002 	-4.987590e-001 
-0.500000 	3.781438e-002 	3.781438e-002 	5.448104e-002 	-1.666667e-002 	-5.017629e-001 
-0.400000 	3.866618e-002 	3.866618e-002 	5.199952e-002 	-1.333333e-002 	-5.047593e-001 
-0.300000 	3.952559e-002 	3.952559e-002 	4.952559e-002 	-1.000000e-002 	-5.077482e-001 
-0.200000 	4.039257e-002 	4.039257e-002 	4.705924e-002 	-6.666667e-003 	-5.107294e-001 
-0.100000 	4.126712e-002 	4.126712e-002 	4.460045e-002 	-3.333333e-003 	-5.137029e-001 
0.000000 	4.214921e-002 	4.214921e-002 	4.214921e-002 	0.000000e+000 	-5.166687e-001 
0.100000 	4.303884e-002 	4.303884e-002 	3.970550e-002 	3.333333e-003 	-5.196265e-001 
0.200000 	4.393597e-002 	4.393597e-002 	3.726931e-002 	6.666667e-003 	-5.225765e-001 
0.300000 	4.484061e-002 	4.484061e-002 	3.484061e-002 	1.000000e-002 	-5.255184e-001 
0.400000 	4.575272e-002 	4.575272e-002 	3.241938e-002 	1.333333e-002 	-5.284522e-001 
0.500000 	4.667228e-002 	4.667228e-002 	3.000561e-002 	1.666667e-002 	-5.313779e-001 
0.600000 	4.759928e-002 	4.759928e-002 	2.759928e-002 	2.000000e-002 	-5.342954e-001 
0.700000 	4.853370e-002 	4.853370e-002 	2.520037e-002 	2.333333e-002 	-5.372046e-001 
0.800000 	4.947552e-002 	4.947552e-002 	2.280885e-002 	2.666667e-002 	-5.401055e-001 
0.900000 	5.042471e-002 	5.042471e-002 	2.042471e-002 	3.000000e-002 	-5.429979e-001 
1.000000 	5.138125e-002 	5.138125e-002 	1.804792e-002 	3.333333e-002 	-5.458819e-001 
1.100000 	5.234513e-002 	5.234513e-002 	1.567847e-002 	3.666667e-002 	-5.487575e-001 
1.200000 	5.331633e-002 	5.331633e-002 	1.331633e-002 	4.000000e-002 	-5.516244e-001 
1.300000 	5.429481e-002 	5.429481e-002 	1.096147e-002 	4.333333e-002 	-5.544828e-001 
1.400000 	5.528055e-002 	5.528055e-002 	8.613885e-003 	4.666667e-002 	-5.573325e-001 
1.500000 	5.627354e-002 	5.627354e-002 	6.273542e-003 	5.000000e-002 	-5.601735e-001 
1.600000 	5.727375e-002 	5.727375e-002 	3.940419e-003 	5.333333e-002 	-5.630058e-001 
1.700000 	5.828116e-002 	5.828116e-002 	1.614493e-003 	5.666667e-002 	-5.658293e-001 
1.800000 	6.000000e-002 	0.000000e+000 	0.000000e+000 	6.000000e-002 	0.000000e+000 
1.900000 	6.333333e-002 	0.000000e+000 	0.000000e+000 	6.333333e-002 	0.000000e+000 
2.000000 	6.666667e-002 	0.000000e+000 	0.000000e+000 	6.666667e-002 	0.000000e+000 
2.100000 	7.000000e-002 	0.000000e+000 	0.000000e+000 	7.000000e-002 	0.000000e+000 
2.200000 	7.333333e-002 	0.000000e+000 	0.000000e+000 	7.333333e-002 	0.000000e+000 
2.300000 	7.666667e-002 	0.000000e+000 	0.000000e+000 	7.666667e-002 	0.000000e+000 
2.400000 	8.000000e-002 	0.000000e+000 	0.000000e+000 	8.000000e-002 	0.000000e+000 
2.500000 	8.333333e-002 	0.000000e+000 	0.000000e+000 	8.333333e-002 	0.000000e+000 
2.600000 	8.666667e-002 	0.000000e+000 	0.000000e+000 	8.666667e-002 	0.000000e+000 
2.700000 	9.000000e-002 	0.000000e+000 	0.000000e+000 	9.000000e-002 	0.000000e+000 
2.800000 	9.333333e-002 	0.000000e+000 	0.000000e+000 	9.333333e-002 	0.000000e+000 
2.900000 	9.666667e-002 	0.000000e+000 	0.000000e+000 	9.666667e-002 	0.000000e+000 
3.000000 	1.000000e-001 	0.000000e+000 	0.000000e+000 	1.000000e-001 	0.000000e+000 
3.100000 	1.033333e-001 	0.000000e+000 	0.000000e+000 	1.033333e-001 	0.000000e+000 
3.200000 	1.066667e-001 	0.000000e+000 	0.000000e+000 	1.066667e-001 	0.000000e+000 
3.300000 	1.100000e-001 	0.000000e+000 	0.000000e+000 	1.100000e-001 	0.000000e+000 
3.400000 	1.133333e-001 	0.000000e+000 	0.000000e+000 	1.133333e-001 	0.000000e+000 
3.500000 	1.166667e-001 	0.000000e+000 	0.000000e+000 	1.166667e-001 	0.000000e+000 
3.600000 	1.200000e-001 	0.000000e+000 	0.000000e+000 	1.200000e-001 	0.000000e+000 
3.700000 	1.233333e-001 	0.000000e+000 	0.000000e+000 	1.233333e-001 	0.000000e+000 
3.800000 	1.266667e-001 	0.000000e+000 	0.000000e+000 	1.266667e-001 	0.000000e+000 
3.900000 	1.300000e-001 	0.000000e+000 	0.000000e+000 	1.300000e-001 	0.000000e+000 
4.000000 	1.333333e-001 	0.000000e+000 	0.000000e+000 	1.333333e-001 	0.000000e+000 
4.100000 	1.366667e-001 	0.000000e+000 	0.000000e+000 	1.366667e-001 	0.000000e+000 
4.200000 	1.400000e-001 	0.000000e+000 	0.000000e+000 	1.400000e-001 	0.000000e+000 
4.300000 	1.433333e-001 	0.000000e+000 	0.000000e+000 	1.433333e-001 	0.000000e+000 
4.400000 	1.466667e-001 	0.000000e+000 	0.000000e+000 	1.466667e-001 	0.000000e+000 
4.500000 	1.500000e-001 	0.000000e+000 	0.000000e+000 	1.500000e-001 	0.000000e+000 
4.600000 	1.533333e-001 	0.000000e+000 	0.000000e+000 	1.533333e-001 	0.000000e+000 
4.700000 	1.566667e-001 	0.000000e+000 	0.000000e+000 	1.566667e-001 	0.000000e+000 
4.800000 	1.600000e-001 	0.000000e+000 	0.000000e+000 	1.600000e-001 	0.000000e+000 
4.900000 	1.633333e-001 	0.000000e+000 	0.000000e+000 	1.633333e-001 	0.000000e+000 
5.000000 	1.666667e-001 	0.000000e+000 	0.000000e+000 	1.666667e-001 	0.000000e+000 
5.100000 	1.700000e-001 	0.000000e+000 	0.000000e+000 	1.700000e-001 	0.000000e+000 
5.200000 	1.733333e-001 	0.000000e+000 	0.000000e+000 	1.733333e-001 	0.000000e+000 
5.300000 	1.766667e-001 	0.000000e+000 	0.000000e+000 	1.766667e-001 	0.000000e+000 
5.400000 	1.800000e-001 	0.000000e+000 	0.000000e+000 	1.800000e-001 	0.000000e+000 
5.500000 	1.833333e-001 	0.000000e+000 	0.000000e+000 	1.833333e-001 	0.000000e+000 
5.600000 	1.866667e-001 	0.000000e+000 	0.000000e+000 	1.866667e-001 	0.000000e+000 
5.700000 	1.900000e-001 	0.000000e+000 	0.000000e+000 	1.900000e-001 	0.000000e+000 
5.800000 	1.933333e-001 	0.000000e+000 	0.000000e+000 	1.933333e-001 	0.000000e+000 
5.900000 	1.966667e-001 	0.000000e+000 	0.000000e+000 	1.966667e-001 	0.000000e+000 
6.000000 	2.000000e-001 	0.000000e+000 	0.000000e+000 	2.000000e-001 	0.000000e+000 
6.100000 	2.033333e-001 	0.000000e+000 	0.000000e+000 	2.033333e-001 	0.000000e+000 
6.200000 	2.066667e-001 	0.000000e+000 	0.000000e+000 	2.066667e-001 	0.000000e+000 
6.300000 	2.100000e-001 	0.000000e+000 	0.000000e+000 	2.100000e-001 	0.000000e+000 
6.400000 	2.133333e-001 	0.000000e+000 	0.000000e+000 	2.133333e-001 	0.000000e+000 
6.500000 	2.166667e-001 	0.000000e+000 	0.000000e+000 	2.166667e-001 	0.000000e+000 
6.600000 	2.200000e-001 	0.000000e+000 	0.000000e+000 	2.200000e-001 	0.000000e+000 
6.700000 	2.233333e-001 	0.000000e+000 	0.000000e+000 	2.233333e-001 	0.000000e+000 
6.800000 	2.266667e-001 	0.000000e+000 	0.000000e+000 	2.266667e-001 	0.000000e+000 
6.900000 	2.300000e-001 	0.000000e+000 	0.000000e+000 	2.300000e-001 	0.000000e+000 
7.000000 	2.333333e-001 	0.000000e+000 	0.000000e+000 	2.333333e-001 	0.000000e+000 
7.100000 	2.366667e-001 	0.000000e+000 	0.000000e+000 	2.366667e-001 	0.000000e+000 
7.200000 	2.400000e-001 	0.000000e+000 	0.000000e+000 	2.400000e-001 	0.000000e+000 
7.300000 	2.433333e-001 	0.000000e+000 	0.000000e+000 	2.433333e-001 	0.000000e+000 
7.400000 	2.466667e-001 	0.000000e+000 	0.000000e+000 	2.466667e-001 	0.000000e+000 
7.500000 	2.500000e-001 	0.000000e+000 	0.000000e+000 	2.500000e-001 	0.000000e+000 
7.600000 	2.533333e-001 	0.000000e+000 	0.000000e+000 	2.533333e-001 	0.000000e+000 
7.700000 	2.566667e-001 	0.000000e+000 	0.000000e+000 	2.566667e-001 	0.000000e+000 
7.800000 	2.600000e-001 	0.000000e+000 	0.000000e+000 	2.600000e-001 	0.000000e+000 
7.900000 	2.633333e-001 	0.000000e+000 	0.000000e+000 	2.633333e-001 	0.000000e+000 
8.000000 	2.666667e-001 	0.000000e+000 	0.000000e+000 	2.666667e-001 	0.000000e+000 
8.100000 	2.700000e-001 	0.000000e+000 	0.000000e+000 	2.700000e-001 	0.000000e+000 
8.200000 	2.733333e-001 	0.000000e+000 	0.000000e+000 	2.733333e-001 	0.000000e+000 
8.300000 	2.766667e-001 	0.000000e+000 	0.000000e+000 	2.766667e-001 	0.000000e+000 
8.400000 	2.800000e-001 	0.000000e+000 	0.000000e+000 	2.800000e-001 	0.000000e+000 
8.500000 	2.833333e-001 	0.000000e+000 	0.000000e+000 	2.833333e-001 	0.000000e+000 
8.600000 	2.866667e-001 	0.000000e+000 	0.000000e+000 	2.866667e-001 	0.000000e+000 
8.700000 	2.900000e-001 	0.000000e+000 	0.000000e+000 	2.900000e-001 	0.000000e+000 
8.800000 	2.933333e-001 	0.000000e+000 	0.000000e+000 	2.933333e-001 	0.000000e+000 
8.900000 	2.966667e-001 	0.000000e+000 	0.000000e+000 	2.966667e-001 	0.000000e+000 
9.000000 	3.000000e-001 	0.000000e+000 	0.000000e+000 	3.000000e-001 	0.000000e+000 
9.100000 	3.033333e-001 	0.000000e+000 	0.000000e+000 	3.033333e-001 	0.000000e+000 
9.200000 	3.066667e-001 	0.000000e+000 	0.000000e+000 	3.066667e-001 	0.000000e+000 
9.300000 	3.100000e-001 	0.000000e+000 	0.000000e+000 	3.100000e-001 	0.000000e+000 
9.400000 	3.133333e-001 	0.000000e+000 	0.000000e+000 	3.133333e-001 	0.000000e+000 
9.500000 	3.166667e-001 	0.000000e+000 	0.000000e+000 	3.166667e-001 	0.000000e+000 
9.600000 	3.200000e-001 	0.000000e+000 	0.000000e+000 	3.200000e-001 	0.000000e+000 
9.700000 	3.233333e-001 	0.000000e+000 	0.000000e+000 	3.233333e-001 	0.000000e+000 
9.800000 	3.266667e-001 	0.000000e+000 	0.000000e+000 	3.266667e-001 	0.000000e+000 
9.900000 	3.300000e-001 	0.000000e+000 	0.000000e+000 	3.300000e-001 	0.000000e+000 
