VARIABLES = X,Ksi,B,H,U,tau 
ZONE T="Time 5.000000", I=1000, DATAPACKING=POINT
0.000000	1.000000	0.000000	1.000000	0.000000 	0.003194
0.050000	1.000000	0.000000	1.000000	0.000000 	0.003194
0.100000	1.000000	0.000000	1.000000	0.000000 	0.003194
0.150000	1.000000	0.000000	1.000000	0.000000 	0.003194
0.200000	1.000000	0.000000	1.000000	0.000000 	0.003194
0.250000	1.000000	0.000000	1.000000	0.000000 	0.003194
0.300000	1.000000	0.000000	1.000000	0.000000 	0.003194
0.350000	1.000000	0.000000	1.000000	0.000000 	0.003194
0.400000	1.000000	0.000000	1.000000	0.000000 	0.003194
0.450000	1.000000	0.000000	1.000000	0.000000 	0.003194
0.500000	1.000000	0.000000	1.000000	0.000000 	0.003194
0.550000	1.000000	0.000000	1.000000	0.000000 	0.003194
0.600000	1.000000	0.000000	1.000000	0.000000 	0.003194
0.650000	1.000000	0.000000	1.000000	0.000000 	0.003194
0.700000	1.000000	0.000000	1.000000	0.000000 	0.003194
0.750000	1.000000	0.000000	1.000000	0.000000 	0.003194
0.800000	1.000000	0.000000	1.000000	0.000000 	0.003194
0.850000	1.000000	0.000000	1.000000	0.000000 	0.003194
0.900000	1.000000	0.000000	1.000000	0.000000 	0.003194
0.950000	1.000000	0.000000	1.000000	0.000000 	0.003194
1.000000	1.000000	0.000000	1.000000	0.000000 	0.003194
1.050000	1.000000	0.000000	1.000000	0.000000 	0.003194
1.100000	1.000000	0.000000	1.000000	0.000000 	0.003194
1.150000	1.000000	0.000000	1.000000	0.000000 	0.003194
1.200000	1.000000	0.000000	1.000000	0.000000 	0.003194
1.250000	1.000000	0.000000	1.000000	0.000000 	0.003194
1.300000	1.000000	0.000000	1.000000	0.000000 	0.003194
1.350000	1.000000	0.000000	1.000000	0.000000 	0.003194
1.400000	1.000000	0.000000	1.000000	0.000000 	0.003194
1.450000	1.000000	0.000000	1.000000	0.000000 	0.003194
1.500000	1.000000	0.000000	1.000000	0.000000 	0.003194
1.550000	1.000000	0.000000	1.000000	0.000000 	0.003194
1.600000	1.000000	0.000000	1.000000	0.000000 	0.003194
1.650000	1.000000	0.000000	1.000000	0.000000 	0.003194
1.700000	1.000000	0.000000	1.000000	0.000000 	0.003194
1.750000	1.000000	0.000000	1.000000	0.000000 	0.003194
1.800000	1.000000	0.000000	1.000000	0.000000 	0.003194
1.850000	1.000000	0.000000	1.000000	0.000000 	0.003194
1.900000	1.000000	0.000000	1.000000	0.000000 	0.003194
1.950000	1.000000	0.000000	1.000000	0.000000 	0.003194
2.000000	1.000000	0.000000	1.000000	0.000000 	0.003194
2.050000	1.000000	0.000000	1.000000	0.000000 	0.003194
2.100000	1.000000	0.000000	1.000000	0.000000 	0.003194
2.150000	1.000000	0.000000	1.000000	0.000000 	0.003194
2.200000	1.000000	0.000000	1.000000	0.000000 	0.003194
2.250000	1.000000	0.000000	1.000000	0.000000 	0.003194
2.300000	1.000000	0.000000	1.000000	0.000000 	0.003194
2.350000	1.000000	0.000000	1.000000	0.000000 	0.003194
2.400000	1.000000	0.000000	1.000000	0.000000 	0.003194
2.450000	1.000000	0.000000	1.000000	0.000000 	0.003194
2.500000	1.000000	0.000000	1.000000	0.000000 	0.003194
2.550000	1.000000	0.000000	1.000000	0.000000 	0.003194
2.600000	1.000000	0.000000	1.000000	0.000000 	0.003194
2.650000	1.000000	0.000000	1.000000	0.000000 	0.003194
2.700000	1.000000	0.000000	1.000000	0.000000 	0.003194
2.750000	1.000000	0.000000	1.000000	0.000000 	0.003194
2.800000	1.000000	0.000000	1.000000	0.000000 	0.003194
2.850000	1.000000	0.000000	1.000000	0.000000 	0.003194
2.900000	1.000000	0.000000	1.000000	0.000000 	0.003194
2.950000	1.000000	0.000000	1.000000	0.000000 	0.003194
3.000000	1.000000	0.000000	1.000000	0.000000 	0.003194
3.050000	1.000000	0.000000	1.000000	0.000000 	0.003194
3.100000	1.000000	0.000000	1.000000	0.000000 	0.003194
3.150000	1.000000	0.000000	1.000000	0.000000 	0.003194
3.200000	1.000000	0.000000	1.000000	0.000000 	0.003194
3.250000	1.000000	0.000000	1.000000	0.000000 	0.003194
3.300000	1.000000	0.000000	1.000000	0.000000 	0.003194
3.350000	1.000000	0.000000	1.000000	0.000000 	0.003194
3.400000	1.000000	0.000000	1.000000	0.000000 	0.003194
3.450000	1.000000	0.000000	1.000000	0.000000 	0.003194
3.500000	1.000000	0.000000	1.000000	0.000000 	0.003194
3.550000	1.000000	0.000000	1.000000	0.000000 	0.003194
3.600000	1.000000	0.000000	1.000000	0.000000 	0.003194
3.650000	1.000000	0.000000	1.000000	0.000000 	0.003194
3.700000	1.000000	0.000000	1.000000	0.000000 	0.003194
3.750000	1.000000	0.000000	1.000000	0.000000 	0.003194
3.800000	1.000000	0.000000	1.000000	0.000000 	0.003194
3.850000	1.000000	0.000000	1.000000	0.000000 	0.003194
3.900000	1.000000	0.000000	1.000000	0.000000 	0.003194
3.950000	1.000000	0.000000	1.000000	0.000000 	0.003194
4.000000	1.000000	0.000000	1.000000	0.000000 	0.003194
4.050000	1.000000	0.000000	1.000000	0.000000 	0.003194
4.100000	1.000000	0.000000	1.000000	0.000000 	0.003194
4.150000	1.000000	0.000000	1.000000	0.000000 	0.003194
4.200000	1.000000	0.000000	1.000000	0.000000 	0.003194
4.250000	1.000000	0.000000	1.000000	0.000000 	0.003194
4.300000	1.000000	0.000000	1.000000	0.000000 	0.003194
4.350000	1.000000	0.000000	1.000000	0.000000 	0.003194
4.400000	1.000000	0.000000	1.000000	0.000000 	0.003194
4.450000	1.000000	0.000000	1.000000	0.000000 	0.003194
4.500000	1.000000	0.000000	1.000000	0.000000 	0.003194
4.550000	1.000000	0.000000	1.000000	0.000000 	0.003194
4.600000	1.000000	0.000000	1.000000	0.000000 	0.003194
4.650000	1.000000	0.000000	1.000000	0.000000 	0.003194
4.700000	1.000000	0.000000	1.000000	0.000000 	0.003194
4.750000	1.000000	0.000000	1.000000	0.000000 	0.003194
4.800000	1.000000	0.000000	1.000000	0.000000 	0.003194
4.850000	1.000000	0.000000	1.000000	0.000000 	0.003194
4.900000	1.000000	0.000000	1.000000	0.000000 	0.003194
4.950000	1.000000	0.000000	1.000000	0.000000 	0.003194
5.000000	1.000000	0.000000	1.000000	0.000000 	0.003194
5.050000	1.000000	0.000000	1.000000	0.000000 	0.003194
5.100000	1.000000	0.000000	1.000000	0.000000 	0.003194
5.150000	1.000000	0.000000	1.000000	0.000000 	0.003194
5.200000	1.000000	0.000000	1.000000	0.000000 	0.003194
5.250000	1.000000	0.000000	1.000000	0.000000 	0.003194
5.300000	1.000000	0.000000	1.000000	0.000000 	0.003194
5.350000	1.000000	0.000000	1.000000	0.000000 	0.003194
5.400000	1.000000	0.000000	1.000000	0.000000 	0.003194
5.450000	1.000000	0.000000	1.000000	0.000000 	0.003194
5.500000	1.000000	0.000000	1.000000	0.000000 	0.003194
5.550000	1.000000	0.000000	1.000000	0.000000 	0.003194
5.600000	1.000000	0.000000	1.000000	0.000000 	0.003194
5.650000	1.000000	0.000000	1.000000	0.000000 	0.003194
5.700000	1.000000	0.000000	1.000000	0.000000 	0.003194
5.750000	1.000000	0.000000	1.000000	0.000000 	0.003194
5.800000	1.000000	0.000000	1.000000	0.000000 	0.003194
5.850000	1.000000	0.000000	1.000000	0.000000 	0.003194
5.900000	1.000000	0.000000	1.000000	0.000000 	0.003194
5.950000	1.000000	0.000000	1.000000	0.000000 	0.003194
6.000000	1.000000	0.000000	1.000000	0.000000 	0.003194
6.050000	1.000000	0.000000	1.000000	0.000000 	0.003194
6.100000	1.000000	0.000000	1.000000	0.000000 	0.003194
6.150000	1.000000	0.000000	1.000000	0.000000 	0.003194
6.200000	1.000000	0.000000	1.000000	0.000000 	0.003194
6.250000	1.000000	0.000000	1.000000	0.000000 	0.003194
6.300000	1.000000	0.000000	1.000000	0.000000 	0.003194
6.350000	1.000000	0.000000	1.000000	0.000000 	0.003194
6.400000	1.000000	0.000000	1.000000	0.000000 	0.003194
6.450000	1.000000	0.000000	1.000000	0.000000 	0.003194
6.500000	1.000000	0.000000	1.000000	0.000000 	0.003194
6.550000	1.000000	0.000000	1.000000	0.000000 	0.003194
6.600000	1.000000	0.000000	1.000000	0.000000 	0.003194
6.650000	1.000000	0.000000	1.000000	0.000000 	0.003194
6.700000	1.000000	0.000000	1.000000	0.000001 	0.003194
6.750000	1.000000	0.000000	1.000000	0.000001 	0.003194
6.800000	1.000000	0.000000	1.000000	0.000001 	0.003194
6.850000	0.999999	0.000000	0.999999	0.000002 	0.003194
6.900000	0.999999	0.000000	0.999999	0.000002 	0.003194
6.950000	0.999999	0.000000	0.999999	0.000003 	0.003194
7.000000	0.999999	0.000000	0.999999	0.000004 	0.003194
7.050000	0.999998	0.000000	0.999998	0.000006 	0.003194
7.100000	0.999997	0.000000	0.999997	0.000009 	0.003194
7.150000	0.999996	0.000000	0.999996	0.000012 	0.003194
7.200000	0.999995	0.000000	0.999995	0.000016 	0.003194
7.250000	0.999993	0.000000	0.999993	0.000022 	0.003194
7.300000	0.999990	0.000000	0.999990	0.000030 	0.003194
7.350000	0.999987	0.000000	0.999987	0.000041 	0.003194
7.400000	0.999983	0.000000	0.999983	0.000054 	0.003194
7.450000	0.999977	0.000000	0.999977	0.000072 	0.003194
7.500000	0.999969	0.000000	0.999969	0.000096 	0.003194
7.550000	0.999960	0.000000	0.999960	0.000126 	0.003194
7.600000	0.999947	0.000000	0.999947	0.000165 	0.003194
7.650000	0.999931	0.000000	0.999931	0.000215 	0.003194
7.700000	0.999911	0.000000	0.999911	0.000278 	0.003195
7.750000	0.999886	0.000000	0.999886	0.000357 	0.003195
7.800000	0.999854	0.000000	0.999854	0.000456 	0.003195
7.850000	0.999815	0.000000	0.999815	0.000579 	0.003195
7.900000	0.999766	0.000000	0.999766	0.000732 	0.003195
7.950000	0.999707	0.000000	0.999707	0.000918 	0.003195
8.000000	0.999634	0.000000	0.999634	0.001145 	0.003195
8.050000	0.999547	0.000000	0.999547	0.001420 	0.003195
8.100000	0.999441	0.000000	0.999441	0.001749 	0.003195
8.150000	0.999316	0.000000	0.999316	0.002142 	0.003195
8.200000	0.999168	0.000000	0.999168	0.002606 	0.003196
8.250000	0.998993	0.000000	0.998993	0.003152 	0.003196
8.300000	0.998790	0.000000	0.998790	0.003789 	0.003196
8.350000	0.998554	0.000000	0.998554	0.004527 	0.003197
8.400000	0.998284	0.000000	0.998284	0.005375 	0.003197
8.450000	0.997974	0.000000	0.997974	0.006345 	0.003198
8.500000	0.997623	0.000000	0.997623	0.007445 	0.003198
8.550000	0.997228	0.000000	0.997228	0.008685 	0.003199
8.600000	0.996785	0.000000	0.996785	0.010073 	0.003200
8.650000	0.996292	0.000000	0.996292	0.011617 	0.003200
8.700000	0.995748	0.000000	0.995748	0.013324 	0.003201
8.750000	0.995150	0.000000	0.995150	0.015200 	0.003202
8.800000	0.994497	0.000000	0.994497	0.017248 	0.003203
8.850000	0.993789	0.000000	0.993789	0.019474 	0.003204
8.900000	0.993023	0.000000	0.993023	0.021877 	0.003206
8.950000	0.992201	0.000000	0.992201	0.024460 	0.003207
9.000000	0.991322	0.000000	0.991322	0.027222 	0.003208
9.050000	0.990388	0.000000	0.990388	0.030162 	0.003210
9.100000	0.989397	0.000000	0.989397	0.033277 	0.003211
9.150000	0.988353	0.000000	0.988353	0.036563 	0.003213
9.200000	0.987257	0.000000	0.987257	0.040018 	0.003215
9.250000	0.986109	0.000000	0.986109	0.043635 	0.003217
9.300000	0.984912	0.000000	0.984912	0.047409 	0.003219
9.350000	0.983667	0.000000	0.983667	0.051335 	0.003221
9.400000	0.982378	0.000000	0.982378	0.055406 	0.003223
9.450000	0.981045	0.000000	0.981045	0.059617 	0.003225
9.500000	0.979671	0.000000	0.979671	0.063959 	0.003227
9.550000	0.978258	0.000000	0.978258	0.068428 	0.003230
9.600000	0.976809	0.000000	0.976809	0.073017 	0.003232
9.650000	0.975325	0.000000	0.975325	0.077718 	0.003235
9.700000	0.973808	0.000000	0.973808	0.082527 	0.003237
9.750000	0.972261	0.000000	0.972261	0.087436 	0.003240
9.800000	0.970685	0.000000	0.970685	0.092441 	0.003242
9.850000	0.969082	0.000000	0.969082	0.097535 	0.003245
9.900000	0.967454	0.000000	0.967454	0.102713 	0.003248
9.950000	0.965803	0.000000	0.965803	0.107971 	0.003250
10.000000	0.964129	0.000000	0.964129	0.113303 	0.003253
10.050000	0.962435	0.000000	0.962435	0.118704 	0.003256
10.100000	0.960723	0.000000	0.960723	0.124171 	0.003259
10.150000	0.958992	0.000000	0.958992	0.129700 	0.003262
10.200000	0.957245	0.000000	0.957245	0.135286 	0.003265
10.250000	0.955483	0.000000	0.955483	0.140926 	0.003268
10.300000	0.953706	0.000000	0.953706	0.146617 	0.003271
10.350000	0.951916	0.000000	0.951916	0.152356 	0.003274
10.400000	0.950114	0.000000	0.950114	0.158139 	0.003277
10.450000	0.948301	0.000000	0.948301	0.163965 	0.003280
10.500000	0.946477	0.000000	0.946477	0.169830 	0.003283
10.550000	0.944643	0.000000	0.944643	0.175732 	0.003287
10.600000	0.942801	0.000000	0.942801	0.181669 	0.003290
10.650000	0.940949	0.000000	0.940949	0.187639 	0.003293
10.700000	0.939090	0.000000	0.939090	0.193641 	0.003296
10.750000	0.937224	0.000000	0.937224	0.199671 	0.003300
10.800000	0.935351	0.000000	0.935351	0.205729 	0.003303
10.850000	0.933472	0.000000	0.933472	0.211813 	0.003306
10.900000	0.931587	0.000000	0.931587	0.217921 	0.003310
10.950000	0.929698	0.000000	0.929698	0.224053 	0.003313
11.000000	0.927803	0.000000	0.927803	0.230207 	0.003316
11.050000	0.925904	0.000000	0.925904	0.236381 	0.003320
11.100000	0.924000	0.000000	0.924000	0.242575 	0.003323
11.150000	0.922093	0.000000	0.922093	0.248788 	0.003327
11.200000	0.920183	0.000000	0.920183	0.255018 	0.003330
11.250000	0.918269	0.000000	0.918269	0.261265 	0.003334
11.300000	0.916352	0.000000	0.916352	0.267528 	0.003337
11.350000	0.914433	0.000000	0.914433	0.273806 	0.003340
11.400000	0.912512	0.000000	0.912512	0.280098 	0.003344
11.450000	0.910588	0.000000	0.910588	0.286404 	0.003348
11.500000	0.908663	0.000000	0.908663	0.292723 	0.003351
11.550000	0.906735	0.000000	0.906735	0.299055 	0.003355
11.600000	0.904807	0.000000	0.904807	0.305398 	0.003358
11.650000	0.902876	0.000000	0.902876	0.311752 	0.003362
11.700000	0.900945	0.000000	0.900945	0.318117 	0.003365
11.750000	0.899013	0.000000	0.899013	0.324493 	0.003369
11.800000	0.897079	0.000000	0.897079	0.330878 	0.003373
11.850000	0.895145	0.000000	0.895145	0.337272 	0.003376
11.900000	0.893211	0.000000	0.893211	0.343676 	0.003380
11.950000	0.891275	0.000000	0.891275	0.350088 	0.003384
12.000000	0.889340	0.000000	0.889340	0.356508 	0.003387
12.050000	0.887404	0.000000	0.887404	0.362936 	0.003391
12.100000	0.885468	0.000000	0.885468	0.369372 	0.003395
12.150000	0.883532	0.000000	0.883532	0.375815 	0.003398
12.200000	0.881596	0.000000	0.881596	0.382265 	0.003402
12.250000	0.879660	0.000000	0.879660	0.388721 	0.003406
12.300000	0.877725	0.000000	0.877725	0.395184 	0.003410
12.350000	0.875789	0.000000	0.875789	0.401654 	0.003413
12.400000	0.873854	0.000000	0.873854	0.408129 	0.003417
12.450000	0.871920	0.000000	0.871920	0.414610 	0.003421
12.500000	0.869985	0.000000	0.869985	0.421096 	0.003425
12.550000	0.868052	0.000000	0.868052	0.427588 	0.003429
12.600000	0.866119	0.000000	0.866119	0.434084 	0.003432
12.650000	0.864187	0.000000	0.864187	0.440586 	0.003436
12.700000	0.862255	0.000000	0.862255	0.447092 	0.003440
12.750000	0.860325	0.000000	0.860325	0.453603 	0.003444
12.800000	0.858395	0.000000	0.858395	0.460119 	0.003448
12.850000	0.856466	0.000000	0.856466	0.466639 	0.003452
12.900000	0.854538	0.000000	0.854538	0.473162 	0.003456
12.950000	0.852611	0.000000	0.852611	0.479690 	0.003459
13.000000	0.850685	0.000000	0.850685	0.486222 	0.003463
13.050000	0.848761	0.000000	0.848761	0.492758 	0.003467
13.100000	0.846837	0.000000	0.846837	0.499297 	0.003471
13.150000	0.844914	0.000000	0.844914	0.505839 	0.003475
13.200000	0.842993	0.000000	0.842993	0.512386 	0.003479
13.250000	0.841073	0.000000	0.841073	0.518935 	0.003483
13.300000	0.839154	0.000000	0.839154	0.525488 	0.003487
13.350000	0.837236	0.000000	0.837236	0.532043 	0.003491
13.400000	0.835320	0.000000	0.835320	0.538602 	0.003495
13.450000	0.833405	0.000000	0.833405	0.545164 	0.003499
13.500000	0.831491	0.000000	0.831491	0.551728 	0.003503
13.550000	0.829579	0.000000	0.829579	0.558295 	0.003507
13.600000	0.827668	0.000000	0.827668	0.564865 	0.003511
13.650000	0.825759	0.000000	0.825759	0.571438 	0.003515
13.700000	0.823851	0.000000	0.823851	0.578013 	0.003519
13.750000	0.821945	0.000000	0.821945	0.584590 	0.003523
13.800000	0.820040	0.000000	0.820040	0.591170 	0.003528
13.850000	0.818136	0.000000	0.818136	0.597753 	0.003532
13.900000	0.816235	0.000000	0.816235	0.604337 	0.003536
13.950000	0.814334	0.000000	0.814334	0.610924 	0.003540
14.000000	0.812436	0.000000	0.812436	0.617513 	0.003544
14.050000	0.810539	0.000000	0.810539	0.624104 	0.003548
14.100000	0.808643	0.000000	0.808643	0.630697 	0.003552
14.150000	0.806750	0.000000	0.806750	0.637292 	0.003556
14.200000	0.804858	0.000000	0.804858	0.643889 	0.003561
14.250000	0.802967	0.000000	0.802967	0.650488 	0.003565
14.300000	0.801079	0.000000	0.801079	0.657089 	0.003569
14.350000	0.799192	0.000000	0.799192	0.663692 	0.003573
14.400000	0.797306	0.000000	0.797306	0.670296 	0.003577
14.450000	0.795423	0.000000	0.795423	0.676903 	0.003582
14.500000	0.793541	0.000000	0.793541	0.683511 	0.003586
14.550000	0.791661	0.000000	0.791661	0.690120 	0.003590
14.600000	0.789783	0.000000	0.789783	0.696731 	0.003594
14.650000	0.787906	0.000000	0.787906	0.703344 	0.003599
14.700000	0.786031	0.000000	0.786031	0.709959 	0.003603
14.750000	0.784158	0.000000	0.784158	0.716574 	0.003607
14.800000	0.782287	0.000000	0.782287	0.723192 	0.003612
14.850000	0.780418	0.000000	0.780418	0.729811 	0.003616
14.900000	0.778551	0.000000	0.778551	0.736431 	0.003620
14.950000	0.776685	0.000000	0.776685	0.743053 	0.003625
15.000000	0.774821	0.000000	0.774821	0.749676 	0.003629
15.050000	0.772959	0.000000	0.772959	0.756300 	0.003633
15.100000	0.771099	0.000000	0.771099	0.762926 	0.003638
15.150000	0.769241	0.000000	0.769241	0.769553 	0.003642
15.200000	0.767385	0.000000	0.767385	0.776181 	0.003647
15.250000	0.765531	0.000000	0.765531	0.782810 	0.003651
15.300000	0.763678	0.000000	0.763678	0.789441 	0.003655
15.350000	0.761828	0.000000	0.761828	0.796073 	0.003660
15.400000	0.759979	0.000000	0.759979	0.802706 	0.003664
15.450000	0.758132	0.000000	0.758132	0.809340 	0.003669
15.500000	0.756288	0.000000	0.756288	0.815976 	0.003673
15.550000	0.754445	0.000000	0.754445	0.822612 	0.003678
15.600000	0.752604	0.000000	0.752604	0.829250 	0.003682
15.650000	0.750765	0.000000	0.750765	0.835889 	0.003687
15.700000	0.748928	0.000000	0.748928	0.842528 	0.003691
15.750000	0.747093	0.000000	0.747093	0.849169 	0.003696
15.800000	0.745260	0.000000	0.745260	0.855811 	0.003700
15.850000	0.743429	0.000000	0.743429	0.862454 	0.003705
15.900000	0.741600	0.000000	0.741600	0.869098 	0.003709
15.950000	0.739773	0.000000	0.739773	0.875742 	0.003714
16.000000	0.737948	0.000000	0.737948	0.882388 	0.003719
16.050000	0.736124	0.000000	0.736124	0.889035 	0.003723
16.100000	0.734303	0.000000	0.734303	0.895682 	0.003728
16.150000	0.732484	0.000000	0.732484	0.902331 	0.003732
16.200000	0.730667	0.000000	0.730667	0.908980 	0.003737
16.250000	0.728852	0.000000	0.728852	0.915631 	0.003742
16.300000	0.727039	0.000000	0.727039	0.922282 	0.003746
16.350000	0.725228	0.000000	0.725228	0.928934 	0.003751
16.400000	0.723419	0.000000	0.723419	0.935587 	0.003756
16.450000	0.721612	0.000000	0.721612	0.942241 	0.003760
16.500000	0.719807	0.000000	0.719807	0.948895 	0.003765
16.550000	0.718004	0.000000	0.718004	0.955551 	0.003770
16.600000	0.716203	0.000000	0.716203	0.962207 	0.003775
16.650000	0.714404	0.000000	0.714404	0.968864 	0.003779
16.700000	0.712608	0.000000	0.712608	0.975522 	0.003784
16.750000	0.710813	0.000000	0.710813	0.982180 	0.003789
16.800000	0.709020	0.000000	0.709020	0.988840 	0.003794
16.850000	0.707230	0.000000	0.707230	0.995500 	0.003798
16.900000	0.705441	0.000000	0.705441	1.002161 	0.003803
16.950000	0.703655	0.000000	0.703655	1.008822 	0.003808
17.000000	0.701870	0.000000	0.701870	1.015485 	0.003813
17.050000	0.700088	0.000000	0.700088	1.022148 	0.003818
17.100000	0.698308	0.000000	0.698308	1.028811 	0.003823
17.150000	0.696530	0.000000	0.696530	1.035476 	0.003828
17.200000	0.694754	0.000000	0.694754	1.042141 	0.003832
17.250000	0.692980	0.000000	0.692980	1.048807 	0.003837
17.300000	0.691208	0.000000	0.691208	1.055473 	0.003842
17.350000	0.689438	0.000000	0.689438	1.062141 	0.003847
17.400000	0.687670	0.000000	0.687670	1.068808 	0.003852
17.450000	0.685905	0.000000	0.685905	1.075477 	0.003857
17.500000	0.684141	0.000000	0.684141	1.082146 	0.003862
17.550000	0.682380	0.000000	0.682380	1.088816 	0.003867
17.600000	0.680620	0.000000	0.680620	1.095486 	0.003872
17.650000	0.678863	0.000000	0.678863	1.102158 	0.003877
17.700000	0.677108	0.000000	0.677108	1.108829 	0.003882
17.750000	0.675355	0.000000	0.675355	1.115502 	0.003887
17.800000	0.673604	0.000000	0.673604	1.122175 	0.003892
17.850000	0.671855	0.000000	0.671855	1.128848 	0.003897
17.900000	0.670109	0.000000	0.670109	1.135522 	0.003902
17.950000	0.668364	0.000000	0.668364	1.142197 	0.003907
18.000000	0.666622	0.000000	0.666622	1.148872 	0.003912
18.050000	0.664881	0.000000	0.664881	1.155548 	0.003918
18.100000	0.663143	0.000000	0.663143	1.162225 	0.003923
18.150000	0.661407	0.000000	0.661407	1.168902 	0.003928
18.200000	0.659673	0.000000	0.659673	1.175580 	0.003933
18.250000	0.657941	0.000000	0.657941	1.182258 	0.003938
18.300000	0.656212	0.000000	0.656212	1.188937 	0.003943
18.350000	0.654484	0.000000	0.654484	1.195616 	0.003949
18.400000	0.652759	0.000000	0.652759	1.202296 	0.003954
18.450000	0.651036	0.000000	0.651036	1.208977 	0.003959
18.500000	0.649315	0.000000	0.649315	1.215658 	0.003964
18.550000	0.647596	0.000000	0.647596	1.222339 	0.003969
18.600000	0.645879	0.000000	0.645879	1.229021 	0.003975
18.650000	0.644164	0.000000	0.644164	1.235704 	0.003980
18.700000	0.642451	0.000000	0.642451	1.242387 	0.003985
18.750000	0.640741	0.000000	0.640741	1.249071 	0.003991
18.800000	0.639033	0.000000	0.639033	1.255755 	0.003996
18.850000	0.637327	0.000000	0.637327	1.262440 	0.004001
18.900000	0.635623	0.000000	0.635623	1.269125 	0.004007
18.950000	0.633921	0.000000	0.633921	1.275811 	0.004012
19.000000	0.632221	0.000000	0.632221	1.282498 	0.004017
19.050000	0.630524	0.000000	0.630524	1.289184 	0.004023
19.100000	0.628828	0.000000	0.628828	1.295872 	0.004028
19.150000	0.627135	0.000000	0.627135	1.302560 	0.004034
19.200000	0.625444	0.000000	0.625444	1.309248 	0.004039
19.250000	0.623755	0.000000	0.623755	1.315937 	0.004045
19.300000	0.622068	0.000000	0.622068	1.322626 	0.004050
19.350000	0.620384	0.000000	0.620384	1.329316 	0.004056
19.400000	0.618701	0.000000	0.618701	1.336006 	0.004061
19.450000	0.617021	0.000000	0.617021	1.342697 	0.004067
19.500000	0.615343	0.000000	0.615343	1.349389 	0.004072
19.550000	0.613667	0.000000	0.613667	1.356080 	0.004078
19.600000	0.611993	0.000000	0.611993	1.362773 	0.004083
19.650000	0.610322	0.000000	0.610322	1.369466 	0.004089
19.700000	0.608652	0.000000	0.608652	1.376159 	0.004095
19.750000	0.606985	0.000000	0.606985	1.382853 	0.004100
19.800000	0.605320	0.000000	0.605320	1.389547 	0.004106
19.850000	0.603657	0.000000	0.603657	1.396242 	0.004111
19.900000	0.601996	0.000000	0.601996	1.402937 	0.004117
19.950000	0.600338	0.000000	0.600338	1.409633 	0.004123
20.000000	0.598681	0.000000	0.598681	1.416329 	0.004128
20.050000	0.597027	0.000000	0.597027	1.423025 	0.004134
20.100000	0.595375	0.000000	0.595375	1.429722 	0.004140
20.150000	0.593725	0.000000	0.593725	1.436420 	0.004146
20.200000	0.592078	0.000000	0.592078	1.443118 	0.004151
20.250000	0.590432	0.000000	0.590432	1.449817 	0.004157
20.300000	0.588789	0.000000	0.588789	1.456516 	0.004163
20.350000	0.587147	0.000000	0.587147	1.463215 	0.004169
20.400000	0.585508	0.000000	0.585508	1.469915 	0.004175
20.450000	0.583872	0.000000	0.583872	1.476615 	0.004181
20.500000	0.582237	0.000000	0.582237	1.483316 	0.004186
20.550000	0.580604	0.000000	0.580604	1.490017 	0.004192
20.600000	0.578974	0.000000	0.578974	1.496719 	0.004198
20.650000	0.577346	0.000000	0.577346	1.503421 	0.004204
20.700000	0.575720	0.000000	0.575720	1.510124 	0.004210
20.750000	0.574096	0.000000	0.574096	1.516827 	0.004216
20.800000	0.572475	0.000000	0.572475	1.523531 	0.004222
20.850000	0.570855	0.000000	0.570855	1.530235 	0.004228
20.900000	0.569238	0.000000	0.569238	1.536940 	0.004234
20.950000	0.567623	0.000000	0.567623	1.543645 	0.004240
21.000000	0.566010	0.000000	0.566010	1.550350 	0.004246
21.050000	0.564400	0.000000	0.564400	1.557056 	0.004252
21.100000	0.562791	0.000000	0.562791	1.563763 	0.004258
21.150000	0.561185	0.000000	0.561185	1.570470 	0.004264
21.200000	0.559581	0.000000	0.559581	1.577177 	0.004270
21.250000	0.557979	0.000000	0.557979	1.583885 	0.004276
21.300000	0.556379	0.000000	0.556379	1.590593 	0.004283
21.350000	0.554782	0.000000	0.554782	1.597302 	0.004289
21.400000	0.553186	0.000000	0.553186	1.604011 	0.004295
21.450000	0.551593	0.000000	0.551593	1.610721 	0.004301
21.500000	0.550002	0.000000	0.550002	1.617431 	0.004307
21.550000	0.548413	0.000000	0.548413	1.624142 	0.004314
21.600000	0.546826	0.000000	0.546826	1.630853 	0.004320
21.650000	0.545242	0.000000	0.545242	1.637565 	0.004326
21.700000	0.543660	0.000000	0.543660	1.644277 	0.004332
21.750000	0.542080	0.000000	0.542080	1.650990 	0.004339
21.800000	0.540502	0.000000	0.540502	1.657703 	0.004345
21.850000	0.538926	0.000000	0.538926	1.664417 	0.004351
21.900000	0.537353	0.000000	0.537353	1.671131 	0.004358
21.950000	0.535781	0.000000	0.535781	1.677846 	0.004364
22.000000	0.534212	0.000000	0.534212	1.684561 	0.004370
22.050000	0.532645	0.000000	0.532645	1.691276 	0.004377
22.100000	0.531080	0.000000	0.531080	1.697993 	0.004383
22.150000	0.529518	0.000000	0.529518	1.704709 	0.004390
22.200000	0.527957	0.000000	0.527957	1.711426 	0.004396
22.250000	0.526399	0.000000	0.526399	1.718144 	0.004403
22.300000	0.524843	0.000000	0.524843	1.724862 	0.004409
22.350000	0.523289	0.000000	0.523289	1.731581 	0.004416
22.400000	0.521737	0.000000	0.521737	1.738301 	0.004422
22.450000	0.520188	0.000000	0.520188	1.745020 	0.004429
22.500000	0.518640	0.000000	0.518640	1.751741 	0.004436
22.550000	0.517095	0.000000	0.517095	1.758462 	0.004442
22.600000	0.515552	0.000000	0.515552	1.765183 	0.004449
22.650000	0.514011	0.000000	0.514011	1.771906 	0.004456
22.700000	0.512473	0.000000	0.512473	1.778628 	0.004462
22.750000	0.510936	0.000000	0.510936	1.785352 	0.004469
22.800000	0.509402	0.000000	0.509402	1.792076 	0.004476
22.850000	0.507870	0.000000	0.507870	1.798800 	0.004482
22.900000	0.506340	0.000000	0.506340	1.805525 	0.004489
22.950000	0.504812	0.000000	0.504812	1.812251 	0.004496
23.000000	0.503286	0.000000	0.503286	1.818977 	0.004503
23.050000	0.501763	0.000000	0.501763	1.825704 	0.004510
23.100000	0.500242	0.000000	0.500242	1.832432 	0.004516
23.150000	0.498722	0.000000	0.498722	1.839160 	0.004523
23.200000	0.497205	0.000000	0.497205	1.845889 	0.004530
23.250000	0.495691	0.000000	0.495691	1.852619 	0.004537
23.300000	0.494178	0.000000	0.494178	1.859350 	0.004544
23.350000	0.492667	0.000000	0.492667	1.866081 	0.004551
23.400000	0.491159	0.000000	0.491159	1.872813 	0.004558
23.450000	0.489653	0.000000	0.489653	1.879546 	0.004565
23.500000	0.488149	0.000000	0.488149	1.886279 	0.004572
23.550000	0.486647	0.000000	0.486647	1.893014 	0.004579
23.600000	0.485147	0.000000	0.485147	1.899749 	0.004586
23.650000	0.483649	0.000000	0.483649	1.906485 	0.004593
23.700000	0.482153	0.000000	0.482153	1.913222 	0.004600
23.750000	0.480660	0.000000	0.480660	1.919960 	0.004608
23.800000	0.479168	0.000000	0.479168	1.926699 	0.004615
23.850000	0.477679	0.000000	0.477679	1.933439 	0.004622
23.900000	0.476191	0.000000	0.476191	1.940181 	0.004629
23.950000	0.474706	0.000000	0.474706	1.946923 	0.004636
24.000000	0.473223	0.000000	0.473223	1.953667 	0.004644
24.050000	0.471742	0.000000	0.471742	1.960411 	0.004651
24.100000	0.470263	0.000000	0.470263	1.967158 	0.004658
24.150000	0.468786	0.000000	0.468786	1.973906 	0.004666
24.200000	0.467310	0.000000	0.467310	1.980655 	0.004673
24.250000	0.465837	0.000000	0.465837	1.987406 	0.004680
24.300000	0.464366	0.000000	0.464366	1.994159 	0.004688
24.350000	0.462896	0.000000	0.462896	2.000914 	0.004695
24.400000	0.461429	0.000000	0.461429	2.007671 	0.004703
24.450000	0.459963	0.000000	0.459963	2.014431 	0.004710
24.500000	0.458499	0.000000	0.458499	2.021194 	0.004718
24.550000	0.457036	0.000000	0.457036	2.027961 	0.004725
24.600000	0.455575	0.000000	0.455575	2.034731 	0.004733
24.650000	0.454116	0.000000	0.454116	2.041506 	0.004740
24.700000	0.452657	0.000000	0.452657	2.048287 	0.004748
24.750000	0.451199	0.000000	0.451199	2.055076 	0.004756
24.800000	0.449741	0.000000	0.449741	2.061875 	0.004763
24.850000	0.448282	0.000000	0.448282	2.068690 	0.004771
24.900000	0.446820	0.000000	0.446820	2.075533 	0.004779
24.950000	0.445346	0.000000	0.445346	2.082440 	0.004787
25.000000	0.443641	0.000000	0.443641	2.090445 	0.004796
25.050000	0.442231	0.000000	0.442231	2.097076 	0.004804
25.100000	0.440817	0.000000	0.440817	2.103736 	0.004811
25.150000	0.439403	0.000000	0.439403	2.110409 	0.004819
25.200000	0.437989	0.000000	0.437989	2.117091 	0.004827
25.250000	0.436576	0.000000	0.436576	2.123780 	0.004835
25.300000	0.435164	0.000000	0.435164	2.130473 	0.004842
25.350000	0.433754	0.000000	0.433754	2.137170 	0.004850
25.400000	0.432345	0.000000	0.432345	2.143870 	0.004858
25.450000	0.430938	0.000000	0.430938	2.150573 	0.004866
25.500000	0.429533	0.000000	0.429533	2.157277 	0.004874
25.550000	0.428130	0.000000	0.428130	2.163983 	0.004882
25.600000	0.426730	0.000000	0.426730	2.170691 	0.004890
25.650000	0.425331	0.000000	0.425331	2.177399 	0.004898
25.700000	0.423934	0.000000	0.423934	2.184109 	0.004906
25.750000	0.422539	0.000000	0.422539	2.190819 	0.004914
25.800000	0.421146	0.000000	0.421146	2.197531 	0.004922
25.850000	0.419756	0.000000	0.419756	2.204243 	0.004930
25.900000	0.418368	0.000000	0.418368	2.210956 	0.004939
25.950000	0.416982	0.000000	0.416982	2.217669 	0.004947
26.000000	0.415598	0.000000	0.415598	2.224383 	0.004955
26.050000	0.414216	0.000000	0.414216	2.231097 	0.004963
26.100000	0.412837	0.000000	0.412837	2.237812 	0.004972
26.150000	0.411459	0.000000	0.411459	2.244527 	0.004980
26.200000	0.410084	0.000000	0.410084	2.251242 	0.004988
26.250000	0.408712	0.000000	0.408712	2.257957 	0.004997
26.300000	0.407341	0.000000	0.407341	2.264673 	0.005005
26.350000	0.405973	0.000000	0.405973	2.271389 	0.005013
26.400000	0.404607	0.000000	0.404607	2.278105 	0.005022
26.450000	0.403243	0.000000	0.403243	2.284821 	0.005030
26.500000	0.401882	0.000000	0.401882	2.291537 	0.005039
26.550000	0.400523	0.000000	0.400523	2.298254 	0.005047
26.600000	0.399166	0.000000	0.399166	2.304970 	0.005056
26.650000	0.397811	0.000000	0.397811	2.311687 	0.005065
26.700000	0.396459	0.000000	0.396459	2.318403 	0.005073
26.750000	0.395109	0.000000	0.395109	2.325120 	0.005082
26.800000	0.393761	0.000000	0.393761	2.331837 	0.005091
26.850000	0.392416	0.000000	0.392416	2.338553 	0.005099
26.900000	0.391073	0.000000	0.391073	2.345270 	0.005108
26.950000	0.389732	0.000000	0.389732	2.351986 	0.005117
27.000000	0.388393	0.000000	0.388393	2.358703 	0.005126
27.050000	0.387057	0.000000	0.387057	2.365420 	0.005135
27.100000	0.385723	0.000000	0.385723	2.372136 	0.005143
27.150000	0.384392	0.000000	0.384392	2.378853 	0.005152
27.200000	0.383063	0.000000	0.383063	2.385569 	0.005161
27.250000	0.381736	0.000000	0.381736	2.392285 	0.005170
27.300000	0.380411	0.000000	0.380411	2.399001 	0.005179
27.350000	0.379089	0.000000	0.379089	2.405718 	0.005188
27.400000	0.377769	0.000000	0.377769	2.412434 	0.005197
27.450000	0.376451	0.000000	0.376451	2.419150 	0.005206
27.500000	0.375136	0.000000	0.375136	2.425865 	0.005215
27.550000	0.373823	0.000000	0.373823	2.432581 	0.005225
27.600000	0.372512	0.000000	0.372512	2.439297 	0.005234
27.650000	0.371204	0.000000	0.371204	2.446012 	0.005243
27.700000	0.369898	0.000000	0.369898	2.452727 	0.005252
27.750000	0.368594	0.000000	0.368594	2.459443 	0.005262
27.800000	0.367293	0.000000	0.367293	2.466158 	0.005271
27.850000	0.365994	0.000000	0.365994	2.472872 	0.005280
27.900000	0.364697	0.000000	0.364697	2.479587 	0.005290
27.950000	0.363403	0.000000	0.363403	2.486302 	0.005299
28.000000	0.362111	0.000000	0.362111	2.493016 	0.005308
28.050000	0.360821	0.000000	0.360821	2.499730 	0.005318
28.100000	0.359533	0.000000	0.359533	2.506444 	0.005327
28.150000	0.358248	0.000000	0.358248	2.513158 	0.005337
28.200000	0.356966	0.000000	0.356966	2.519872 	0.005347
28.250000	0.355685	0.000000	0.355685	2.526585 	0.005356
28.300000	0.354407	0.000000	0.354407	2.533298 	0.005366
28.350000	0.353131	0.000000	0.353131	2.540011 	0.005375
28.400000	0.351858	0.000000	0.351858	2.546724 	0.005385
28.450000	0.350587	0.000000	0.350587	2.553437 	0.005395
28.500000	0.349318	0.000000	0.349318	2.560149 	0.005405
28.550000	0.348052	0.000000	0.348052	2.566861 	0.005415
28.600000	0.346788	0.000000	0.346788	2.573573 	0.005424
28.650000	0.345526	0.000000	0.345526	2.580285 	0.005434
28.700000	0.344267	0.000000	0.344267	2.586996 	0.005444
28.750000	0.343010	0.000000	0.343010	2.593707 	0.005454
28.800000	0.341755	0.000000	0.341755	2.600418 	0.005464
28.850000	0.340503	0.000000	0.340503	2.607129 	0.005474
28.900000	0.339253	0.000000	0.339253	2.613840 	0.005484
28.950000	0.338005	0.000000	0.338005	2.620550 	0.005494
29.000000	0.336760	0.000000	0.336760	2.627260 	0.005505
29.050000	0.335517	0.000000	0.335517	2.633970 	0.005515
29.100000	0.334276	0.000000	0.334276	2.640679 	0.005525
29.150000	0.333038	0.000000	0.333038	2.647388 	0.005535
29.200000	0.331802	0.000000	0.331802	2.654097 	0.005546
29.250000	0.330568	0.000000	0.330568	2.660806 	0.005556
29.300000	0.329337	0.000000	0.329337	2.667514 	0.005566
29.350000	0.328108	0.000000	0.328108	2.674222 	0.005577
29.400000	0.326882	0.000000	0.326882	2.680930 	0.005587
29.450000	0.325657	0.000000	0.325657	2.687637 	0.005598
29.500000	0.324435	0.000000	0.324435	2.694344 	0.005608
29.550000	0.323216	0.000000	0.323216	2.701051 	0.005619
29.600000	0.321999	0.000000	0.321999	2.707758 	0.005629
29.650000	0.320784	0.000000	0.320784	2.714464 	0.005640
29.700000	0.319571	0.000000	0.319571	2.721170 	0.005651
29.750000	0.318361	0.000000	0.318361	2.727876 	0.005661
29.800000	0.317153	0.000000	0.317153	2.734581 	0.005672
29.850000	0.315948	0.000000	0.315948	2.741286 	0.005683
29.900000	0.314745	0.000000	0.314745	2.747990 	0.005694
29.950000	0.313544	0.000000	0.313544	2.754695 	0.005705
30.000000	0.312346	0.000000	0.312346	2.761399 	0.005716
30.050000	0.311150	0.000000	0.311150	2.768102 	0.005727
30.100000	0.309956	0.000000	0.309956	2.774805 	0.005738
30.150000	0.308765	0.000000	0.308765	2.781508 	0.005749
30.200000	0.307576	0.000000	0.307576	2.788211 	0.005760
30.250000	0.306389	0.000000	0.306389	2.794913 	0.005771
30.300000	0.305205	0.000000	0.305205	2.801615 	0.005782
30.350000	0.304023	0.000000	0.304023	2.808316 	0.005793
30.400000	0.302843	0.000000	0.302843	2.815017 	0.005805
30.450000	0.301666	0.000000	0.301666	2.821718 	0.005816
30.500000	0.300491	0.000000	0.300491	2.828418 	0.005827
30.550000	0.299318	0.000000	0.299318	2.835118 	0.005839
30.600000	0.298148	0.000000	0.298148	2.841817 	0.005850
30.650000	0.296980	0.000000	0.296980	2.848516 	0.005862
30.700000	0.295815	0.000000	0.295815	2.855215 	0.005873
30.750000	0.294652	0.000000	0.294652	2.861913 	0.005885
30.800000	0.293491	0.000000	0.293491	2.868611 	0.005896
30.850000	0.292333	0.000000	0.292333	2.875309 	0.005908
30.900000	0.291177	0.000000	0.291177	2.882006 	0.005920
30.950000	0.290023	0.000000	0.290023	2.888702 	0.005932
31.000000	0.288872	0.000000	0.288872	2.895398 	0.005943
31.050000	0.287723	0.000000	0.287723	2.902094 	0.005955
31.100000	0.286576	0.000000	0.286576	2.908789 	0.005967
31.150000	0.285432	0.000000	0.285432	2.915484 	0.005979
31.200000	0.284290	0.000000	0.284290	2.922178 	0.005991
31.250000	0.283150	0.000000	0.283150	2.928872 	0.006003
31.300000	0.282013	0.000000	0.282013	2.935566 	0.006015
31.350000	0.280878	0.000000	0.280878	2.942259 	0.006027
31.400000	0.279746	0.000000	0.279746	2.948951 	0.006040
31.450000	0.278615	0.000000	0.278615	2.955643 	0.006052
31.500000	0.277488	0.000000	0.277488	2.962335 	0.006064
31.550000	0.276362	0.000000	0.276362	2.969026 	0.006076
31.600000	0.275239	0.000000	0.275239	2.975716 	0.006089
31.650000	0.274118	0.000000	0.274118	2.982406 	0.006101
31.700000	0.273000	0.000000	0.273000	2.989096 	0.006114
31.750000	0.271884	0.000000	0.271884	2.995785 	0.006126
31.800000	0.270770	0.000000	0.270770	3.002473 	0.006139
31.850000	0.269659	0.000000	0.269659	3.009161 	0.006151
31.900000	0.268550	0.000000	0.268550	3.015849 	0.006164
31.950000	0.267444	0.000000	0.267444	3.022536 	0.006177
32.000000	0.266340	0.000000	0.266340	3.029222 	0.006190
32.050000	0.265238	0.000000	0.265238	3.035908 	0.006203
32.100000	0.264138	0.000000	0.264138	3.042593 	0.006215
32.150000	0.263041	0.000000	0.263041	3.049278 	0.006228
32.200000	0.261946	0.000000	0.261946	3.055962 	0.006241
32.250000	0.260854	0.000000	0.260854	3.062646 	0.006254
32.300000	0.259764	0.000000	0.259764	3.069329 	0.006268
32.350000	0.258676	0.000000	0.258676	3.076011 	0.006281
32.400000	0.257591	0.000000	0.257591	3.082693 	0.006294
32.450000	0.256508	0.000000	0.256508	3.089374 	0.006307
32.500000	0.255428	0.000000	0.255428	3.096055 	0.006321
32.550000	0.254349	0.000000	0.254349	3.102735 	0.006334
32.600000	0.253274	0.000000	0.253274	3.109414 	0.006347
32.650000	0.252200	0.000000	0.252200	3.116093 	0.006361
32.700000	0.251129	0.000000	0.251129	3.122771 	0.006374
32.750000	0.250060	0.000000	0.250060	3.129449 	0.006388
32.800000	0.248994	0.000000	0.248994	3.136126 	0.006402
32.850000	0.247930	0.000000	0.247930	3.142802 	0.006415
32.900000	0.246868	0.000000	0.246868	3.149477 	0.006429
32.950000	0.245809	0.000000	0.245809	3.156152 	0.006443
33.000000	0.244752	0.000000	0.244752	3.162827 	0.006457
33.050000	0.243698	0.000000	0.243698	3.169500 	0.006471
33.100000	0.242645	0.000000	0.242645	3.176173 	0.006485
33.150000	0.241596	0.000000	0.241596	3.182845 	0.006499
33.200000	0.240548	0.000000	0.240548	3.189517 	0.006513
33.250000	0.239503	0.000000	0.239503	3.196188 	0.006527
33.300000	0.238460	0.000000	0.238460	3.202858 	0.006542
33.350000	0.237420	0.000000	0.237420	3.209527 	0.006556
33.400000	0.236382	0.000000	0.236382	3.216196 	0.006570
33.450000	0.235347	0.000000	0.235347	3.222864 	0.006585
33.500000	0.234313	0.000000	0.234313	3.229531 	0.006599
33.550000	0.233283	0.000000	0.233283	3.236197 	0.006614
33.600000	0.232254	0.000000	0.232254	3.242863 	0.006628
33.650000	0.231228	0.000000	0.231228	3.249528 	0.006643
33.700000	0.230204	0.000000	0.230204	3.256192 	0.006658
33.750000	0.229183	0.000000	0.229183	3.262855 	0.006673
33.800000	0.228164	0.000000	0.228164	3.269518 	0.006687
33.850000	0.227147	0.000000	0.227147	3.276179 	0.006702
33.900000	0.226133	0.000000	0.226133	3.282840 	0.006717
33.950000	0.225121	0.000000	0.225121	3.289500 	0.006733
34.000000	0.224112	0.000000	0.224112	3.296160 	0.006748
34.050000	0.223104	0.000000	0.223104	3.302818 	0.006763
34.100000	0.222100	0.000000	0.222100	3.309475 	0.006778
34.150000	0.221097	0.000000	0.221097	3.316132 	0.006794
34.200000	0.220097	0.000000	0.220097	3.322788 	0.006809
34.250000	0.219100	0.000000	0.219100	3.329443 	0.006824
34.300000	0.218104	0.000000	0.218104	3.336097 	0.006840
34.350000	0.217112	0.000000	0.217112	3.342750 	0.006856
34.400000	0.216121	0.000000	0.216121	3.349403 	0.006871
34.450000	0.215133	0.000000	0.215133	3.356054 	0.006887
34.500000	0.214147	0.000000	0.214147	3.362704 	0.006903
34.550000	0.213164	0.000000	0.213164	3.369354 	0.006919
34.600000	0.212183	0.000000	0.212183	3.376003 	0.006935
34.650000	0.211204	0.000000	0.211204	3.382650 	0.006951
34.700000	0.210228	0.000000	0.210228	3.389297 	0.006967
34.750000	0.209254	0.000000	0.209254	3.395942 	0.006983
34.800000	0.208282	0.000000	0.208282	3.402587 	0.006999
34.850000	0.207313	0.000000	0.207313	3.409231 	0.007016
34.900000	0.206347	0.000000	0.206347	3.415874 	0.007032
34.950000	0.205382	0.000000	0.205382	3.422515 	0.007049
35.000000	0.204420	0.000000	0.204420	3.429156 	0.007065
35.050000	0.203461	0.000000	0.203461	3.435796 	0.007082
35.100000	0.202503	0.000000	0.202503	3.442434 	0.007099
35.150000	0.201549	0.000000	0.201549	3.449072 	0.007115
35.200000	0.200596	0.000000	0.200596	3.455708 	0.007132
35.250000	0.199646	0.000000	0.199646	3.462343 	0.007149
35.300000	0.198698	0.000000	0.198698	3.468978 	0.007166
35.350000	0.197753	0.000000	0.197753	3.475611 	0.007183
35.400000	0.196810	0.000000	0.196810	3.482243 	0.007201
35.450000	0.195869	0.000000	0.195869	3.488874 	0.007218
35.500000	0.194931	0.000000	0.194931	3.495503 	0.007235
35.550000	0.193995	0.000000	0.193995	3.502132 	0.007253
35.600000	0.193062	0.000000	0.193062	3.508759 	0.007270
35.650000	0.192131	0.000000	0.192131	3.515385 	0.007288
35.700000	0.191202	0.000000	0.191202	3.522010 	0.007305
35.750000	0.190276	0.000000	0.190276	3.528634 	0.007323
35.800000	0.189352	0.000000	0.189352	3.535257 	0.007341
35.850000	0.188431	0.000000	0.188431	3.541878 	0.007359
35.900000	0.187512	0.000000	0.187512	3.548498 	0.007377
35.950000	0.186595	0.000000	0.186595	3.555117 	0.007395
36.000000	0.185680	0.000000	0.185680	3.561734 	0.007413
36.050000	0.184768	0.000000	0.184768	3.568351 	0.007431
36.100000	0.183859	0.000000	0.183859	3.574965 	0.007450
36.150000	0.182952	0.000000	0.182952	3.581579 	0.007468
36.200000	0.182047	0.000000	0.182047	3.588191 	0.007487
36.250000	0.181145	0.000000	0.181145	3.594802 	0.007505
36.300000	0.180245	0.000000	0.180245	3.601412 	0.007524
36.350000	0.179347	0.000000	0.179347	3.608020 	0.007543
36.400000	0.178452	0.000000	0.178452	3.614626 	0.007562
36.450000	0.177559	0.000000	0.177559	3.621232 	0.007581
36.500000	0.176668	0.000000	0.176668	3.627835 	0.007600
36.550000	0.175780	0.000000	0.175780	3.634438 	0.007619
36.600000	0.174895	0.000000	0.174895	3.641039 	0.007638
36.650000	0.174011	0.000000	0.174011	3.647638 	0.007658
36.700000	0.173130	0.000000	0.173130	3.654236 	0.007677
36.750000	0.172252	0.000000	0.172252	3.660832 	0.007697
36.800000	0.171376	0.000000	0.171376	3.667427 	0.007716
36.850000	0.170502	0.000000	0.170502	3.674020 	0.007736
36.900000	0.169631	0.000000	0.169631	3.680612 	0.007756
36.950000	0.168762	0.000000	0.168762	3.687202 	0.007776
37.000000	0.167895	0.000000	0.167895	3.693791 	0.007796
37.050000	0.167031	0.000000	0.167031	3.700378 	0.007816
37.100000	0.166169	0.000000	0.166169	3.706963 	0.007836
37.150000	0.165310	0.000000	0.165310	3.713546 	0.007857
37.200000	0.164453	0.000000	0.164453	3.720128 	0.007877
37.250000	0.163598	0.000000	0.163598	3.726708 	0.007898
37.300000	0.162746	0.000000	0.162746	3.733286 	0.007918
37.350000	0.161896	0.000000	0.161896	3.739863 	0.007939
37.400000	0.161049	0.000000	0.161049	3.746438 	0.007960
37.450000	0.160204	0.000000	0.160204	3.753011 	0.007981
37.500000	0.159361	0.000000	0.159361	3.759582 	0.008002
37.550000	0.158521	0.000000	0.158521	3.766151 	0.008023
37.600000	0.157684	0.000000	0.157684	3.772719 	0.008044
37.650000	0.156848	0.000000	0.156848	3.779285 	0.008066
37.700000	0.156015	0.000000	0.156015	3.785848 	0.008087
37.750000	0.155185	0.000000	0.155185	3.792410 	0.008109
37.800000	0.154356	0.000000	0.154356	3.798970 	0.008131
37.850000	0.153531	0.000000	0.153531	3.805528 	0.008152
37.900000	0.152707	0.000000	0.152707	3.812083 	0.008174
37.950000	0.151886	0.000000	0.151886	3.818637 	0.008196
38.000000	0.151068	0.000000	0.151068	3.825189 	0.008219
38.050000	0.150252	0.000000	0.150252	3.831739 	0.008241
38.100000	0.149438	0.000000	0.149438	3.838286 	0.008263
38.150000	0.148626	0.000000	0.148626	3.844832 	0.008286
38.200000	0.147817	0.000000	0.147817	3.851375 	0.008309
38.250000	0.147011	0.000000	0.147011	3.857916 	0.008331
38.300000	0.146207	0.000000	0.146207	3.864455 	0.008354
38.350000	0.145405	0.000000	0.145405	3.870991 	0.008377
38.400000	0.144606	0.000000	0.144606	3.877526 	0.008400
38.450000	0.143809	0.000000	0.143809	3.884058 	0.008424
38.500000	0.143014	0.000000	0.143014	3.890587 	0.008447
38.550000	0.142222	0.000000	0.142222	3.897115 	0.008470
38.600000	0.141433	0.000000	0.141433	3.903640 	0.008494
38.650000	0.140645	0.000000	0.140645	3.910162 	0.008518
38.700000	0.139860	0.000000	0.139860	3.916682 	0.008542
38.750000	0.139078	0.000000	0.139078	3.923200 	0.008566
38.800000	0.138298	0.000000	0.138298	3.929715 	0.008590
38.850000	0.137520	0.000000	0.137520	3.936228 	0.008614
38.900000	0.136745	0.000000	0.136745	3.942738 	0.008638
38.950000	0.135972	0.000000	0.135972	3.949245 	0.008663
39.000000	0.135202	0.000000	0.135202	3.955750 	0.008688
39.050000	0.134434	0.000000	0.134434	3.962252 	0.008712
39.100000	0.133668	0.000000	0.133668	3.968751 	0.008737
39.150000	0.132905	0.000000	0.132905	3.975248 	0.008762
39.200000	0.132145	0.000000	0.132145	3.981742 	0.008787
39.250000	0.131386	0.000000	0.131386	3.988233 	0.008813
39.300000	0.130630	0.000000	0.130630	3.994721 	0.008838
39.350000	0.129877	0.000000	0.129877	4.001206 	0.008864
39.400000	0.129126	0.000000	0.129126	4.007689 	0.008890
39.450000	0.128377	0.000000	0.128377	4.014168 	0.008915
39.500000	0.127631	0.000000	0.127631	4.020645 	0.008941
39.550000	0.126887	0.000000	0.126887	4.027118 	0.008968
39.600000	0.126146	0.000000	0.126146	4.033589 	0.008994
39.650000	0.125407	0.000000	0.125407	4.040056 	0.009020
39.700000	0.124671	0.000000	0.124671	4.046520 	0.009047
39.750000	0.123937	0.000000	0.123937	4.052981 	0.009074
39.800000	0.123205	0.000000	0.123205	4.059438 	0.009101
39.850000	0.122476	0.000000	0.122476	4.065893 	0.009128
39.900000	0.121749	0.000000	0.121749	4.072344 	0.009155
39.950000	0.121025	0.000000	0.121025	4.078791 	0.009182
40.000000	0.120303	0.000000	0.120303	4.085235 	0.009210
40.050000	0.119583	0.000000	0.119583	4.091676 	0.009237
40.100000	0.118866	0.000000	0.118866	4.098113 	0.009265
40.150000	0.118151	0.000000	0.118151	4.104547 	0.009293
40.200000	0.117439	0.000000	0.117439	4.110977 	0.009321
40.250000	0.116729	0.000000	0.116729	4.117404 	0.009350
40.300000	0.116022	0.000000	0.116022	4.123826 	0.009378
40.350000	0.115317	0.000000	0.115317	4.130245 	0.009407
40.400000	0.114615	0.000000	0.114615	4.136660 	0.009436
40.450000	0.113915	0.000000	0.113915	4.143072 	0.009464
40.500000	0.113217	0.000000	0.113217	4.149479 	0.009494
40.550000	0.112522	0.000000	0.112522	4.155882 	0.009523
40.600000	0.111829	0.000000	0.111829	4.162282 	0.009552
40.650000	0.111139	0.000000	0.111139	4.168677 	0.009582
40.700000	0.110451	0.000000	0.110451	4.175068 	0.009612
40.750000	0.109766	0.000000	0.109766	4.181455 	0.009642
40.800000	0.109083	0.000000	0.109083	4.187838 	0.009672
40.850000	0.108402	0.000000	0.108402	4.194217 	0.009702
40.900000	0.107724	0.000000	0.107724	4.200591 	0.009733
40.950000	0.107049	0.000000	0.107049	4.206960 	0.009763
41.000000	0.106375	0.000000	0.106375	4.213325 	0.009794
41.050000	0.105705	0.000000	0.105705	4.219686 	0.009825
41.100000	0.105036	0.000000	0.105036	4.226042 	0.009856
41.150000	0.104371	0.000000	0.104371	4.232393 	0.009888
41.200000	0.103707	0.000000	0.103707	4.238740 	0.009919
41.250000	0.103046	0.000000	0.103046	4.245081 	0.009951
41.300000	0.102388	0.000000	0.102388	4.251418 	0.009983
41.350000	0.101732	0.000000	0.101732	4.257750 	0.010015
41.400000	0.101078	0.000000	0.101078	4.264076 	0.010048
41.450000	0.100427	0.000000	0.100427	4.270398 	0.010080
41.500000	0.099779	0.000000	0.099779	4.276714 	0.010113
41.550000	0.099132	0.000000	0.099132	4.283025 	0.010146
41.600000	0.098489	0.000000	0.098489	4.289331 	0.010179
41.650000	0.097847	0.000000	0.097847	4.295631 	0.010212
41.700000	0.097209	0.000000	0.097209	4.301926 	0.010246
41.750000	0.096572	0.000000	0.096572	4.308215 	0.010279
41.800000	0.095939	0.000000	0.095939	4.314499 	0.010313
41.850000	0.095307	0.000000	0.095307	4.320776 	0.010347
41.900000	0.094678	0.000000	0.094678	4.327048 	0.010382
41.950000	0.094052	0.000000	0.094052	4.333313 	0.010416
42.000000	0.093428	0.000000	0.093428	4.339573 	0.010451
42.050000	0.092806	0.000000	0.092806	4.345826 	0.010486
42.100000	0.092188	0.000000	0.092188	4.352073 	0.010521
42.150000	0.091571	0.000000	0.091571	4.358314 	0.010556
42.200000	0.090957	0.000000	0.090957	4.364548 	0.010592
42.250000	0.090346	0.000000	0.090346	4.370776 	0.010628
42.300000	0.089737	0.000000	0.089737	4.376996 	0.010664
42.350000	0.089130	0.000000	0.089130	4.383210 	0.010700
42.400000	0.088526	0.000000	0.088526	4.389417 	0.010736
42.450000	0.087925	0.000000	0.087925	4.395617 	0.010773
42.500000	0.087326	0.000000	0.087326	4.401810 	0.010810
42.550000	0.086729	0.000000	0.086729	4.407995 	0.010847
42.600000	0.086135	0.000000	0.086135	4.414173 	0.010884
42.650000	0.085544	0.000000	0.085544	4.420343 	0.010922
42.700000	0.084955	0.000000	0.084955	4.426505 	0.010960
42.750000	0.084368	0.000000	0.084368	4.432660 	0.010998
42.800000	0.083784	0.000000	0.083784	4.438806 	0.011036
42.850000	0.083203	0.000000	0.083203	4.444945 	0.011074
42.900000	0.082624	0.000000	0.082624	4.451075 	0.011113
42.950000	0.082048	0.000000	0.082048	4.457196 	0.011152
43.000000	0.081474	0.000000	0.081474	4.463309 	0.011191
43.050000	0.080903	0.000000	0.080903	4.469413 	0.011231
43.100000	0.080334	0.000000	0.080334	4.475508 	0.011270
43.150000	0.079768	0.000000	0.079768	4.481593 	0.011310
43.200000	0.079205	0.000000	0.079205	4.487669 	0.011350
43.250000	0.078644	0.000000	0.078644	4.493736 	0.011391
43.300000	0.078086	0.000000	0.078086	4.499793 	0.011431
43.350000	0.077530	0.000000	0.077530	4.505840 	0.011472
43.400000	0.076977	0.000000	0.076977	4.511877 	0.011513
43.450000	0.076426	0.000000	0.076426	4.517903 	0.011555
43.500000	0.075878	0.000000	0.075878	4.523919 	0.011597
43.550000	0.075333	0.000000	0.075333	4.529924 	0.011638
43.600000	0.074790	0.000000	0.074790	4.535918 	0.011681
43.650000	0.074250	0.000000	0.074250	4.541901 	0.011723
43.700000	0.073712	0.000000	0.073712	4.547872 	0.011766
43.750000	0.073178	0.000000	0.073178	4.553832 	0.011809
43.800000	0.072645	0.000000	0.072645	4.559779 	0.011852
43.850000	0.072116	0.000000	0.072116	4.565714 	0.011895
43.900000	0.071589	0.000000	0.071589	4.571637 	0.011939
43.950000	0.071064	0.000000	0.071064	4.577546 	0.011983
44.000000	0.070543	0.000000	0.070543	4.583443 	0.012027
44.050000	0.070024	0.000000	0.070024	4.589326 	0.012072
44.100000	0.069508	0.000000	0.069508	4.595195 	0.012116
44.150000	0.068994	0.000000	0.068994	4.601050 	0.012161
44.200000	0.068483	0.000000	0.068483	4.606891 	0.012207
44.250000	0.067975	0.000000	0.067975	4.612717 	0.012252
44.300000	0.067470	0.000000	0.067470	4.618527 	0.012298
44.350000	0.066967	0.000000	0.066967	4.624323 	0.012344
44.400000	0.066467	0.000000	0.066467	4.630102 	0.012390
44.450000	0.065970	0.000000	0.065970	4.635865 	0.012437
44.500000	0.065476	0.000000	0.065476	4.641612 	0.012484
44.550000	0.064984	0.000000	0.064984	4.647341 	0.012531
44.600000	0.064495	0.000000	0.064495	4.653053 	0.012578
44.650000	0.064009	0.000000	0.064009	4.658748 	0.012626
44.700000	0.063525	0.000000	0.063525	4.664423 	0.012674
44.750000	0.063045	0.000000	0.063045	4.670080 	0.012722
44.800000	0.062567	0.000000	0.062567	4.675717 	0.012771
44.850000	0.062092	0.000000	0.062092	4.681335 	0.012819
44.900000	0.061620	0.000000	0.061620	4.686932 	0.012868
44.950000	0.061151	0.000000	0.061151	4.692508 	0.012918
45.000000	0.060684	0.000000	0.060684	4.698062 	0.012967
45.050000	0.060220	0.000000	0.060220	4.703595 	0.013017
45.100000	0.059759	0.000000	0.059759	4.709105 	0.013067
45.150000	0.059301	0.000000	0.059301	4.714591 	0.013118
45.200000	0.058846	0.000000	0.058846	4.720053 	0.013168
45.250000	0.058394	0.000000	0.058394	4.725491 	0.013219
45.300000	0.057944	0.000000	0.057944	4.730903 	0.013270
45.350000	0.057498	0.000000	0.057498	4.736289 	0.013322
45.400000	0.057054	0.000000	0.057054	4.741648 	0.013373
45.450000	0.056613	0.000000	0.056613	4.746979 	0.013425
45.500000	0.056174	0.000000	0.056174	4.752282 	0.013478
45.550000	0.055739	0.000000	0.055739	4.757555 	0.013530
45.600000	0.055307	0.000000	0.055307	4.762798 	0.013583
45.650000	0.054877	0.000000	0.054877	4.768009 	0.013636
45.700000	0.054450	0.000000	0.054450	4.773189 	0.013690
45.750000	0.054026	0.000000	0.054026	4.778335 	0.013743
45.800000	0.053604	0.000000	0.053604	4.783447 	0.013797
45.850000	0.053186	0.000000	0.053186	4.788523 	0.013851
45.900000	0.052770	0.000000	0.052770	4.793563 	0.013906
45.950000	0.052357	0.000000	0.052357	4.798566 	0.013960
46.000000	0.051946	0.000000	0.051946	4.803529 	0.014016
46.050000	0.051539	0.000000	0.051539	4.808452 	0.014071
46.100000	0.051134	0.000000	0.051134	4.813334 	0.014126
46.150000	0.050731	0.000000	0.050731	4.818173 	0.014182
46.200000	0.050331	0.000000	0.050331	4.822967 	0.014239
46.250000	0.049934	0.000000	0.049934	4.827715 	0.014295
46.300000	0.049539	0.000000	0.049539	4.832416 	0.014352
46.350000	0.049147	0.000000	0.049147	4.837068 	0.014409
46.400000	0.048757	0.000000	0.048757	4.841669 	0.014467
46.450000	0.048370	0.000000	0.048370	4.846218 	0.014524
46.500000	0.047985	0.000000	0.047985	4.850712 	0.014583
46.550000	0.047602	0.000000	0.047602	4.855149 	0.014641
46.600000	0.047221	0.000000	0.047221	4.859528 	0.014700
46.650000	0.046843	0.000000	0.046843	4.863847 	0.014759
46.700000	0.046466	0.000000	0.046466	4.868103 	0.014819
46.750000	0.046092	0.000000	0.046092	4.872294 	0.014879
46.800000	0.045720	0.000000	0.045720	4.876418 	0.014939
46.850000	0.045349	0.000000	0.045349	4.880472 	0.015000
46.900000	0.044980	0.000000	0.044980	4.884454 	0.015062
46.950000	0.044613	0.000000	0.044613	4.888360 	0.015124
47.000000	0.044247	0.000000	0.044247	4.892189 	0.015186
47.050000	0.043883	0.000000	0.043883	4.895937 	0.015249
47.100000	0.043520	0.000000	0.043520	4.899602 	0.015312
47.150000	0.043158	0.000000	0.043158	4.903180 	0.015377
47.200000	0.042797	0.000000	0.042797	4.906667 	0.015441
47.250000	0.042437	0.000000	0.042437	4.910061 	0.015507
47.300000	0.042078	0.000000	0.042078	4.913358 	0.015573
47.350000	0.041720	0.000000	0.041720	4.916554 	0.015639
47.400000	0.041362	0.000000	0.041362	4.919646 	0.015707
47.450000	0.041004	0.000000	0.041004	4.922629 	0.015775
47.500000	0.040647	0.000000	0.040647	4.925500 	0.015844
47.550000	0.040289	0.000000	0.040289	4.928253 	0.015914
47.600000	0.039932	0.000000	0.039932	4.930885 	0.015986
47.650000	0.039574	0.000000	0.039574	4.933391 	0.016058
47.700000	0.039215	0.000000	0.039215	4.935766 	0.016131
47.750000	0.038856	0.000000	0.038856	4.938004 	0.016205
47.800000	0.038495	0.000000	0.038495	4.940102 	0.016281
47.850000	0.038134	0.000000	0.038134	4.942053 	0.016358
47.900000	0.037771	0.000000	0.037771	4.943852 	0.016436
47.950000	0.037406	0.000000	0.037406	4.945492 	0.016516
48.000000	0.037040	0.000000	0.037040	4.946969 	0.016598
48.050000	0.036672	0.000000	0.036672	4.948274 	0.016681
48.100000	0.036301	0.000000	0.036301	4.949403 	0.016766
48.150000	0.035927	0.000000	0.035927	4.950348 	0.016853
48.200000	0.035551	0.000000	0.035551	4.951101 	0.016942
48.250000	0.035172	0.000000	0.035172	4.951657 	0.017033
48.300000	0.034790	0.000000	0.034790	4.952006 	0.017126
48.350000	0.034404	0.000000	0.034404	4.952142 	0.017222
48.400000	0.034014	0.000000	0.034014	4.952056 	0.017320
48.450000	0.033620	0.000000	0.033620	4.951740 	0.017421
48.500000	0.033223	0.000000	0.033223	4.951184 	0.017526
48.550000	0.032820	0.000000	0.032820	4.950380 	0.017633
48.600000	0.032413	0.000000	0.032413	4.949318 	0.017743
48.650000	0.032001	0.000000	0.032001	4.947989 	0.017857
48.700000	0.031584	0.000000	0.031584	4.946382 	0.017974
48.750000	0.031162	0.000000	0.031162	4.944487 	0.018096
48.800000	0.030734	0.000000	0.030734	4.942294 	0.018221
48.850000	0.030300	0.000000	0.030300	4.939790 	0.018351
48.900000	0.029861	0.000000	0.029861	4.936964 	0.018486
48.950000	0.029416	0.000000	0.029416	4.933804 	0.018625
49.000000	0.028965	0.000000	0.028965	4.930298 	0.018769
49.050000	0.028508	0.000000	0.028508	4.926433 	0.018919
49.100000	0.028044	0.000000	0.028044	4.922195 	0.019075
49.150000	0.027575	0.000000	0.027575	4.917572 	0.019237
49.200000	0.027100	0.000000	0.027100	4.912548 	0.019404
49.250000	0.026620	0.000000	0.026620	4.907112 	0.019579
49.300000	0.026134	0.000000	0.026134	4.901250 	0.019760
49.350000	0.025644	0.000000	0.025644	4.894949 	0.019948
49.400000	0.025151	0.000000	0.025151	4.888202 	0.020142
49.450000	0.024655	0.000000	0.024655	4.881005 	0.020344
49.500000	0.024159	0.000000	0.024159	4.873364 	0.020552
49.550000	0.023666	0.000000	0.023666	4.865299 	0.020765
49.600000	0.023180	0.000000	0.023180	4.856860 	0.020981
49.650000	0.022707	0.000000	0.022707	4.848140 	0.021199
49.700000	0.022254	0.000000	0.022254	4.839303 	0.021413
49.750000	0.021836	0.000000	0.021836	4.830632 	0.021617
49.800000	0.021467	0.000000	0.021467	4.822591 	0.021802
49.850000	0.021176	0.000000	0.021176	4.815916 	0.021951
49.900000	0.021001	0.000000	0.021001	4.811746 	0.022043
49.950000	0.021001	0.000000	0.021001	4.811746 	0.022043
