VARIABLES = X,Ksi,B,H,U,tau 
ZONE T="Time 2.000000", I=1000, DATAPACKING=POINT
0.000000	1.000000	0.000000	1.000000	0.000000 	0.003194
0.050000	1.000000	0.000000	1.000000	0.000000 	0.003194
0.100000	1.000000	0.000000	1.000000	0.000000 	0.003194
0.150000	1.000000	0.000000	1.000000	0.000000 	0.003194
0.200000	1.000000	0.000000	1.000000	0.000000 	0.003194
0.250000	1.000000	0.000000	1.000000	0.000000 	0.003194
0.300000	1.000000	0.000000	1.000000	0.000000 	0.003194
0.350000	1.000000	0.000000	1.000000	0.000000 	0.003194
0.400000	1.000000	0.000000	1.000000	0.000000 	0.003194
0.450000	1.000000	0.000000	1.000000	0.000000 	0.003194
0.500000	1.000000	0.000000	1.000000	0.000000 	0.003194
0.550000	1.000000	0.000000	1.000000	0.000000 	0.003194
0.600000	1.000000	0.000000	1.000000	0.000000 	0.003194
0.650000	1.000000	0.000000	1.000000	0.000000 	0.003194
0.700000	1.000000	0.000000	1.000000	0.000000 	0.003194
0.750000	1.000000	0.000000	1.000000	0.000000 	0.003194
0.800000	1.000000	0.000000	1.000000	0.000000 	0.003194
0.850000	1.000000	0.000000	1.000000	0.000000 	0.003194
0.900000	1.000000	0.000000	1.000000	0.000000 	0.003194
0.950000	1.000000	0.000000	1.000000	0.000000 	0.003194
1.000000	1.000000	0.000000	1.000000	0.000000 	0.003194
1.050000	1.000000	0.000000	1.000000	0.000000 	0.003194
1.100000	1.000000	0.000000	1.000000	0.000000 	0.003194
1.150000	1.000000	0.000000	1.000000	0.000000 	0.003194
1.200000	1.000000	0.000000	1.000000	0.000000 	0.003194
1.250000	1.000000	0.000000	1.000000	0.000000 	0.003194
1.300000	1.000000	0.000000	1.000000	0.000000 	0.003194
1.350000	1.000000	0.000000	1.000000	0.000000 	0.003194
1.400000	1.000000	0.000000	1.000000	0.000000 	0.003194
1.450000	1.000000	0.000000	1.000000	0.000000 	0.003194
1.500000	1.000000	0.000000	1.000000	0.000000 	0.003194
1.550000	1.000000	0.000000	1.000000	0.000000 	0.003194
1.600000	1.000000	0.000000	1.000000	0.000000 	0.003194
1.650000	1.000000	0.000000	1.000000	0.000000 	0.003194
1.700000	1.000000	0.000000	1.000000	0.000000 	0.003194
1.750000	1.000000	0.000000	1.000000	0.000000 	0.003194
1.800000	1.000000	0.000000	1.000000	0.000000 	0.003194
1.850000	1.000000	0.000000	1.000000	0.000000 	0.003194
1.900000	1.000000	0.000000	1.000000	0.000000 	0.003194
1.950000	1.000000	0.000000	1.000000	0.000000 	0.003194
2.000000	1.000000	0.000000	1.000000	0.000000 	0.003194
2.050000	1.000000	0.000000	1.000000	0.000000 	0.003194
2.100000	1.000000	0.000000	1.000000	0.000000 	0.003194
2.150000	1.000000	0.000000	1.000000	0.000000 	0.003194
2.200000	1.000000	0.000000	1.000000	0.000000 	0.003194
2.250000	1.000000	0.000000	1.000000	0.000000 	0.003194
2.300000	1.000000	0.000000	1.000000	0.000000 	0.003194
2.350000	1.000000	0.000000	1.000000	0.000000 	0.003194
2.400000	1.000000	0.000000	1.000000	0.000000 	0.003194
2.450000	1.000000	0.000000	1.000000	0.000000 	0.003194
2.500000	1.000000	0.000000	1.000000	0.000000 	0.003194
2.550000	1.000000	0.000000	1.000000	0.000000 	0.003194
2.600000	1.000000	0.000000	1.000000	0.000000 	0.003194
2.650000	1.000000	0.000000	1.000000	0.000000 	0.003194
2.700000	1.000000	0.000000	1.000000	0.000000 	0.003194
2.750000	1.000000	0.000000	1.000000	0.000000 	0.003194
2.800000	1.000000	0.000000	1.000000	0.000000 	0.003194
2.850000	1.000000	0.000000	1.000000	0.000000 	0.003194
2.900000	1.000000	0.000000	1.000000	0.000000 	0.003194
2.950000	1.000000	0.000000	1.000000	0.000000 	0.003194
3.000000	1.000000	0.000000	1.000000	0.000000 	0.003194
3.050000	1.000000	0.000000	1.000000	0.000000 	0.003194
3.100000	1.000000	0.000000	1.000000	0.000000 	0.003194
3.150000	1.000000	0.000000	1.000000	0.000000 	0.003194
3.200000	1.000000	0.000000	1.000000	0.000000 	0.003194
3.250000	1.000000	0.000000	1.000000	0.000000 	0.003194
3.300000	1.000000	0.000000	1.000000	0.000000 	0.003194
3.350000	1.000000	0.000000	1.000000	0.000000 	0.003194
3.400000	1.000000	0.000000	1.000000	0.000000 	0.003194
3.450000	1.000000	0.000000	1.000000	0.000000 	0.003194
3.500000	1.000000	0.000000	1.000000	0.000000 	0.003194
3.550000	1.000000	0.000000	1.000000	0.000000 	0.003194
3.600000	1.000000	0.000000	1.000000	0.000000 	0.003194
3.650000	1.000000	0.000000	1.000000	0.000000 	0.003194
3.700000	1.000000	0.000000	1.000000	0.000000 	0.003194
3.750000	1.000000	0.000000	1.000000	0.000000 	0.003194
3.800000	1.000000	0.000000	1.000000	0.000000 	0.003194
3.850000	1.000000	0.000000	1.000000	0.000000 	0.003194
3.900000	1.000000	0.000000	1.000000	0.000000 	0.003194
3.950000	1.000000	0.000000	1.000000	0.000000 	0.003194
4.000000	1.000000	0.000000	1.000000	0.000000 	0.003194
4.050000	1.000000	0.000000	1.000000	0.000000 	0.003194
4.100000	1.000000	0.000000	1.000000	0.000000 	0.003194
4.150000	1.000000	0.000000	1.000000	0.000000 	0.003194
4.200000	1.000000	0.000000	1.000000	0.000000 	0.003194
4.250000	1.000000	0.000000	1.000000	0.000000 	0.003194
4.300000	1.000000	0.000000	1.000000	0.000000 	0.003194
4.350000	1.000000	0.000000	1.000000	0.000000 	0.003194
4.400000	1.000000	0.000000	1.000000	0.000000 	0.003194
4.450000	1.000000	0.000000	1.000000	0.000000 	0.003194
4.500000	1.000000	0.000000	1.000000	0.000000 	0.003194
4.550000	1.000000	0.000000	1.000000	0.000000 	0.003194
4.600000	1.000000	0.000000	1.000000	0.000000 	0.003194
4.650000	1.000000	0.000000	1.000000	0.000000 	0.003194
4.700000	1.000000	0.000000	1.000000	0.000000 	0.003194
4.750000	1.000000	0.000000	1.000000	0.000000 	0.003194
4.800000	1.000000	0.000000	1.000000	0.000000 	0.003194
4.850000	1.000000	0.000000	1.000000	0.000000 	0.003194
4.900000	1.000000	0.000000	1.000000	0.000000 	0.003194
4.950000	1.000000	0.000000	1.000000	0.000000 	0.003194
5.000000	1.000000	0.000000	1.000000	0.000000 	0.003194
5.050000	1.000000	0.000000	1.000000	0.000000 	0.003194
5.100000	1.000000	0.000000	1.000000	0.000000 	0.003194
5.150000	1.000000	0.000000	1.000000	0.000000 	0.003194
5.200000	1.000000	0.000000	1.000000	0.000000 	0.003194
5.250000	1.000000	0.000000	1.000000	0.000000 	0.003194
5.300000	1.000000	0.000000	1.000000	0.000000 	0.003194
5.350000	1.000000	0.000000	1.000000	0.000000 	0.003194
5.400000	1.000000	0.000000	1.000000	0.000000 	0.003194
5.450000	1.000000	0.000000	1.000000	0.000000 	0.003194
5.500000	1.000000	0.000000	1.000000	0.000000 	0.003194
5.550000	1.000000	0.000000	1.000000	0.000000 	0.003194
5.600000	1.000000	0.000000	1.000000	0.000000 	0.003194
5.650000	1.000000	0.000000	1.000000	0.000000 	0.003194
5.700000	1.000000	0.000000	1.000000	0.000000 	0.003194
5.750000	1.000000	0.000000	1.000000	0.000000 	0.003194
5.800000	1.000000	0.000000	1.000000	0.000000 	0.003194
5.850000	1.000000	0.000000	1.000000	0.000000 	0.003194
5.900000	1.000000	0.000000	1.000000	0.000000 	0.003194
5.950000	1.000000	0.000000	1.000000	0.000000 	0.003194
6.000000	1.000000	0.000000	1.000000	0.000000 	0.003194
6.050000	1.000000	0.000000	1.000000	0.000000 	0.003194
6.100000	1.000000	0.000000	1.000000	0.000000 	0.003194
6.150000	1.000000	0.000000	1.000000	0.000000 	0.003194
6.200000	1.000000	0.000000	1.000000	0.000000 	0.003194
6.250000	1.000000	0.000000	1.000000	0.000000 	0.003194
6.300000	1.000000	0.000000	1.000000	0.000000 	0.003194
6.350000	1.000000	0.000000	1.000000	0.000000 	0.003194
6.400000	1.000000	0.000000	1.000000	0.000000 	0.003194
6.450000	1.000000	0.000000	1.000000	0.000000 	0.003194
6.500000	1.000000	0.000000	1.000000	0.000000 	0.003194
6.550000	1.000000	0.000000	1.000000	0.000000 	0.003194
6.600000	1.000000	0.000000	1.000000	0.000000 	0.003194
6.650000	1.000000	0.000000	1.000000	0.000000 	0.003194
6.700000	1.000000	0.000000	1.000000	0.000000 	0.003194
6.750000	1.000000	0.000000	1.000000	0.000000 	0.003194
6.800000	1.000000	0.000000	1.000000	0.000000 	0.003194
6.850000	1.000000	0.000000	1.000000	0.000000 	0.003194
6.900000	1.000000	0.000000	1.000000	0.000000 	0.003194
6.950000	1.000000	0.000000	1.000000	0.000000 	0.003194
7.000000	1.000000	0.000000	1.000000	0.000000 	0.003194
7.050000	1.000000	0.000000	1.000000	0.000000 	0.003194
7.100000	1.000000	0.000000	1.000000	0.000000 	0.003194
7.150000	1.000000	0.000000	1.000000	0.000000 	0.003194
7.200000	1.000000	0.000000	1.000000	0.000000 	0.003194
7.250000	1.000000	0.000000	1.000000	0.000000 	0.003194
7.300000	1.000000	0.000000	1.000000	0.000000 	0.003194
7.350000	1.000000	0.000000	1.000000	0.000000 	0.003194
7.400000	1.000000	0.000000	1.000000	0.000000 	0.003194
7.450000	1.000000	0.000000	1.000000	0.000000 	0.003194
7.500000	1.000000	0.000000	1.000000	0.000000 	0.003194
7.550000	1.000000	0.000000	1.000000	0.000000 	0.003194
7.600000	1.000000	0.000000	1.000000	0.000000 	0.003194
7.650000	1.000000	0.000000	1.000000	0.000000 	0.003194
7.700000	1.000000	0.000000	1.000000	0.000000 	0.003194
7.750000	1.000000	0.000000	1.000000	0.000000 	0.003194
7.800000	1.000000	0.000000	1.000000	0.000000 	0.003194
7.850000	1.000000	0.000000	1.000000	0.000000 	0.003194
7.900000	1.000000	0.000000	1.000000	0.000000 	0.003194
7.950000	1.000000	0.000000	1.000000	0.000000 	0.003194
8.000000	1.000000	0.000000	1.000000	0.000000 	0.003194
8.050000	1.000000	0.000000	1.000000	0.000000 	0.003194
8.100000	1.000000	0.000000	1.000000	0.000000 	0.003194
8.150000	1.000000	0.000000	1.000000	0.000000 	0.003194
8.200000	1.000000	0.000000	1.000000	0.000000 	0.003194
8.250000	1.000000	0.000000	1.000000	0.000000 	0.003194
8.300000	1.000000	0.000000	1.000000	0.000000 	0.003194
8.350000	1.000000	0.000000	1.000000	0.000000 	0.003194
8.400000	1.000000	0.000000	1.000000	0.000000 	0.003194
8.450000	1.000000	0.000000	1.000000	0.000000 	0.003194
8.500000	1.000000	0.000000	1.000000	0.000000 	0.003194
8.550000	1.000000	0.000000	1.000000	0.000000 	0.003194
8.600000	1.000000	0.000000	1.000000	0.000000 	0.003194
8.650000	1.000000	0.000000	1.000000	0.000000 	0.003194
8.700000	1.000000	0.000000	1.000000	0.000000 	0.003194
8.750000	1.000000	0.000000	1.000000	0.000000 	0.003194
8.800000	1.000000	0.000000	1.000000	0.000000 	0.003194
8.850000	1.000000	0.000000	1.000000	0.000000 	0.003194
8.900000	1.000000	0.000000	1.000000	0.000000 	0.003194
8.950000	1.000000	0.000000	1.000000	0.000000 	0.003194
9.000000	1.000000	0.000000	1.000000	0.000000 	0.003194
9.050000	1.000000	0.000000	1.000000	0.000000 	0.003194
9.100000	1.000000	0.000000	1.000000	0.000000 	0.003194
9.150000	1.000000	0.000000	1.000000	0.000000 	0.003194
9.200000	1.000000	0.000000	1.000000	0.000000 	0.003194
9.250000	1.000000	0.000000	1.000000	0.000000 	0.003194
9.300000	1.000000	0.000000	1.000000	0.000000 	0.003194
9.350000	1.000000	0.000000	1.000000	0.000000 	0.003194
9.400000	1.000000	0.000000	1.000000	0.000000 	0.003194
9.450000	1.000000	0.000000	1.000000	0.000000 	0.003194
9.500000	1.000000	0.000000	1.000000	0.000000 	0.003194
9.550000	1.000000	0.000000	1.000000	0.000000 	0.003194
9.600000	1.000000	0.000000	1.000000	0.000000 	0.003194
9.650000	1.000000	0.000000	1.000000	0.000000 	0.003194
9.700000	1.000000	0.000000	1.000000	0.000000 	0.003194
9.750000	1.000000	0.000000	1.000000	0.000000 	0.003194
9.800000	1.000000	0.000000	1.000000	0.000000 	0.003194
9.850000	1.000000	0.000000	1.000000	0.000000 	0.003194
9.900000	1.000000	0.000000	1.000000	0.000000 	0.003194
9.950000	1.000000	0.000000	1.000000	0.000000 	0.003194
10.000000	1.000000	0.000000	1.000000	0.000000 	0.003194
10.050000	1.000000	0.000000	1.000000	0.000000 	0.003194
10.100000	1.000000	0.000000	1.000000	0.000000 	0.003194
10.150000	1.000000	0.000000	1.000000	0.000000 	0.003194
10.200000	1.000000	0.000000	1.000000	0.000000 	0.003194
10.250000	1.000000	0.000000	1.000000	0.000000 	0.003194
10.300000	1.000000	0.000000	1.000000	0.000000 	0.003194
10.350000	1.000000	0.000000	1.000000	0.000000 	0.003194
10.400000	1.000000	0.000000	1.000000	0.000000 	0.003194
10.450000	1.000000	0.000000	1.000000	0.000000 	0.003194
10.500000	1.000000	0.000000	1.000000	0.000000 	0.003194
10.550000	1.000000	0.000000	1.000000	0.000000 	0.003194
10.600000	1.000000	0.000000	1.000000	0.000000 	0.003194
10.650000	1.000000	0.000000	1.000000	0.000000 	0.003194
10.700000	1.000000	0.000000	1.000000	0.000000 	0.003194
10.750000	1.000000	0.000000	1.000000	0.000000 	0.003194
10.800000	1.000000	0.000000	1.000000	0.000000 	0.003194
10.850000	1.000000	0.000000	1.000000	0.000000 	0.003194
10.900000	1.000000	0.000000	1.000000	0.000000 	0.003194
10.950000	1.000000	0.000000	1.000000	0.000000 	0.003194
11.000000	1.000000	0.000000	1.000000	0.000000 	0.003194
11.050000	1.000000	0.000000	1.000000	0.000000 	0.003194
11.100000	1.000000	0.000000	1.000000	0.000000 	0.003194
11.150000	1.000000	0.000000	1.000000	0.000000 	0.003194
11.200000	1.000000	0.000000	1.000000	0.000000 	0.003194
11.250000	1.000000	0.000000	1.000000	0.000000 	0.003194
11.300000	1.000000	0.000000	1.000000	0.000000 	0.003194
11.350000	1.000000	0.000000	1.000000	0.000000 	0.003194
11.400000	1.000000	0.000000	1.000000	0.000000 	0.003194
11.450000	1.000000	0.000000	1.000000	0.000000 	0.003194
11.500000	1.000000	0.000000	1.000000	0.000000 	0.003194
11.550000	1.000000	0.000000	1.000000	0.000000 	0.003194
11.600000	1.000000	0.000000	1.000000	0.000000 	0.003194
11.650000	1.000000	0.000000	1.000000	0.000000 	0.003194
11.700000	1.000000	0.000000	1.000000	0.000000 	0.003194
11.750000	1.000000	0.000000	1.000000	0.000000 	0.003194
11.800000	1.000000	0.000000	1.000000	0.000000 	0.003194
11.850000	1.000000	0.000000	1.000000	0.000000 	0.003194
11.900000	1.000000	0.000000	1.000000	0.000000 	0.003194
11.950000	1.000000	0.000000	1.000000	0.000000 	0.003194
12.000000	1.000000	0.000000	1.000000	0.000000 	0.003194
12.050000	1.000000	0.000000	1.000000	0.000000 	0.003194
12.100000	1.000000	0.000000	1.000000	0.000000 	0.003194
12.150000	1.000000	0.000000	1.000000	0.000000 	0.003194
12.200000	1.000000	0.000000	1.000000	0.000000 	0.003194
12.250000	1.000000	0.000000	1.000000	0.000000 	0.003194
12.300000	1.000000	0.000000	1.000000	0.000000 	0.003194
12.350000	1.000000	0.000000	1.000000	0.000000 	0.003194
12.400000	1.000000	0.000000	1.000000	0.000000 	0.003194
12.450000	1.000000	0.000000	1.000000	0.000000 	0.003194
12.500000	1.000000	0.000000	1.000000	0.000000 	0.003194
12.550000	1.000000	0.000000	1.000000	0.000000 	0.003194
12.600000	1.000000	0.000000	1.000000	0.000000 	0.003194
12.650000	1.000000	0.000000	1.000000	0.000000 	0.003194
12.700000	1.000000	0.000000	1.000000	0.000000 	0.003194
12.750000	1.000000	0.000000	1.000000	0.000000 	0.003194
12.800000	1.000000	0.000000	1.000000	0.000000 	0.003194
12.850000	1.000000	0.000000	1.000000	0.000000 	0.003194
12.900000	1.000000	0.000000	1.000000	0.000000 	0.003194
12.950000	1.000000	0.000000	1.000000	0.000000 	0.003194
13.000000	1.000000	0.000000	1.000000	0.000000 	0.003194
13.050000	1.000000	0.000000	1.000000	0.000000 	0.003194
13.100000	1.000000	0.000000	1.000000	0.000000 	0.003194
13.150000	1.000000	0.000000	1.000000	0.000000 	0.003194
13.200000	1.000000	0.000000	1.000000	0.000000 	0.003194
13.250000	1.000000	0.000000	1.000000	0.000000 	0.003194
13.300000	1.000000	0.000000	1.000000	0.000000 	0.003194
13.350000	1.000000	0.000000	1.000000	0.000000 	0.003194
13.400000	1.000000	0.000000	1.000000	0.000000 	0.003194
13.450000	1.000000	0.000000	1.000000	0.000000 	0.003194
13.500000	1.000000	0.000000	1.000000	0.000000 	0.003194
13.550000	1.000000	0.000000	1.000000	0.000000 	0.003194
13.600000	1.000000	0.000000	1.000000	0.000000 	0.003194
13.650000	1.000000	0.000000	1.000000	0.000000 	0.003194
13.700000	1.000000	0.000000	1.000000	0.000000 	0.003194
13.750000	1.000000	0.000000	1.000000	0.000000 	0.003194
13.800000	1.000000	0.000000	1.000000	0.000000 	0.003194
13.850000	1.000000	0.000000	1.000000	0.000000 	0.003194
13.900000	1.000000	0.000000	1.000000	0.000000 	0.003194
13.950000	1.000000	0.000000	1.000000	0.000000 	0.003194
14.000000	1.000000	0.000000	1.000000	0.000000 	0.003194
14.050000	1.000000	0.000000	1.000000	0.000000 	0.003194
14.100000	1.000000	0.000000	1.000000	0.000000 	0.003194
14.150000	1.000000	0.000000	1.000000	0.000000 	0.003194
14.200000	1.000000	0.000000	1.000000	0.000000 	0.003194
14.250000	1.000000	0.000000	1.000000	0.000000 	0.003194
14.300000	1.000000	0.000000	1.000000	0.000000 	0.003194
14.350000	1.000000	0.000000	1.000000	0.000000 	0.003194
14.400000	1.000000	0.000000	1.000000	0.000000 	0.003194
14.450000	1.000000	0.000000	1.000000	0.000000 	0.003194
14.500000	1.000000	0.000000	1.000000	0.000000 	0.003194
14.550000	1.000000	0.000000	1.000000	0.000000 	0.003194
14.600000	1.000000	0.000000	1.000000	0.000000 	0.003194
14.650000	1.000000	0.000000	1.000000	0.000000 	0.003194
14.700000	1.000000	0.000000	1.000000	0.000000 	0.003194
14.750000	1.000000	0.000000	1.000000	0.000000 	0.003194
14.800000	1.000000	0.000000	1.000000	0.000000 	0.003194
14.850000	1.000000	0.000000	1.000000	0.000000 	0.003194
14.900000	1.000000	0.000000	1.000000	0.000000 	0.003194
14.950000	1.000000	0.000000	1.000000	0.000000 	0.003194
15.000000	1.000000	0.000000	1.000000	0.000000 	0.003194
15.050000	1.000000	0.000000	1.000000	0.000000 	0.003194
15.100000	1.000000	0.000000	1.000000	0.000000 	0.003194
15.150000	1.000000	0.000000	1.000000	0.000000 	0.003194
15.200000	1.000000	0.000000	1.000000	0.000000 	0.003194
15.250000	1.000000	0.000000	1.000000	0.000000 	0.003194
15.300000	1.000000	0.000000	1.000000	0.000000 	0.003194
15.350000	1.000000	0.000000	1.000000	0.000000 	0.003194
15.400000	1.000000	0.000000	1.000000	0.000000 	0.003194
15.450000	1.000000	0.000000	1.000000	0.000000 	0.003194
15.500000	1.000000	0.000000	1.000000	0.000000 	0.003194
15.550000	1.000000	0.000000	1.000000	0.000000 	0.003194
15.600000	1.000000	0.000000	1.000000	0.000000 	0.003194
15.650000	1.000000	0.000000	1.000000	0.000000 	0.003194
15.700000	1.000000	0.000000	1.000000	0.000000 	0.003194
15.750000	1.000000	0.000000	1.000000	0.000000 	0.003194
15.800000	1.000000	0.000000	1.000000	0.000000 	0.003194
15.850000	1.000000	0.000000	1.000000	0.000000 	0.003194
15.900000	1.000000	0.000000	1.000000	0.000000 	0.003194
15.950000	1.000000	0.000000	1.000000	0.000000 	0.003194
16.000000	1.000000	0.000000	1.000000	0.000000 	0.003194
16.050000	1.000000	0.000000	1.000000	0.000000 	0.003194
16.100000	1.000000	0.000000	1.000000	0.000000 	0.003194
16.150000	1.000000	0.000000	1.000000	0.000000 	0.003194
16.200000	1.000000	0.000000	1.000000	0.000000 	0.003194
16.250000	1.000000	0.000000	1.000000	0.000000 	0.003194
16.300000	1.000000	0.000000	1.000000	0.000000 	0.003194
16.350000	1.000000	0.000000	1.000000	0.000000 	0.003194
16.400000	1.000000	0.000000	1.000000	0.000000 	0.003194
16.450000	1.000000	0.000000	1.000000	0.000000 	0.003194
16.500000	1.000000	0.000000	1.000000	0.000000 	0.003194
16.550000	1.000000	0.000000	1.000000	0.000000 	0.003194
16.600000	1.000000	0.000000	1.000000	0.000000 	0.003194
16.650000	1.000000	0.000000	1.000000	0.000000 	0.003194
16.700000	1.000000	0.000000	1.000000	0.000000 	0.003194
16.750000	1.000000	0.000000	1.000000	0.000000 	0.003194
16.800000	1.000000	0.000000	1.000000	0.000000 	0.003194
16.850000	1.000000	0.000000	1.000000	0.000000 	0.003194
16.900000	1.000000	0.000000	1.000000	0.000000 	0.003194
16.950000	1.000000	0.000000	1.000000	0.000001 	0.003194
17.000000	1.000000	0.000000	1.000000	0.000001 	0.003194
17.050000	0.999999	0.000000	0.999999	0.000002 	0.003194
17.100000	0.999999	0.000000	0.999999	0.000004 	0.003194
17.150000	0.999998	0.000000	0.999998	0.000006 	0.003194
17.200000	0.999997	0.000000	0.999997	0.000010 	0.003194
17.250000	0.999995	0.000000	0.999995	0.000016 	0.003194
17.300000	0.999992	0.000000	0.999992	0.000025 	0.003194
17.350000	0.999987	0.000000	0.999987	0.000040 	0.003194
17.400000	0.999980	0.000000	0.999980	0.000062 	0.003194
17.450000	0.999970	0.000000	0.999970	0.000094 	0.003194
17.500000	0.999954	0.000000	0.999954	0.000143 	0.003194
17.550000	0.999932	0.000000	0.999932	0.000213 	0.003194
17.600000	0.999899	0.000000	0.999899	0.000315 	0.003195
17.650000	0.999853	0.000000	0.999853	0.000460 	0.003195
17.700000	0.999788	0.000000	0.999788	0.000664 	0.003195
17.750000	0.999698	0.000000	0.999698	0.000945 	0.003195
17.800000	0.999576	0.000000	0.999576	0.001328 	0.003195
17.850000	0.999411	0.000000	0.999411	0.001843 	0.003195
17.900000	0.999193	0.000000	0.999193	0.002526 	0.003196
17.950000	0.998909	0.000000	0.998909	0.003416 	0.003196
18.000000	0.998544	0.000000	0.998544	0.004560 	0.003197
18.050000	0.998081	0.000000	0.998081	0.006010 	0.003197
18.100000	0.997504	0.000000	0.997504	0.007817 	0.003198
18.150000	0.996796	0.000000	0.996796	0.010038 	0.003200
18.200000	0.995938	0.000000	0.995938	0.012727 	0.003201
18.250000	0.994915	0.000000	0.994915	0.015936 	0.003203
18.300000	0.993713	0.000000	0.993713	0.019711 	0.003204
18.350000	0.992318	0.000000	0.992318	0.024092 	0.003207
18.400000	0.990721	0.000000	0.990721	0.029110 	0.003209
18.450000	0.988917	0.000000	0.988917	0.034785 	0.003212
18.500000	0.986902	0.000000	0.986902	0.041130 	0.003216
18.550000	0.984677	0.000000	0.984677	0.048144 	0.003219
18.600000	0.982245	0.000000	0.982245	0.055820 	0.003223
18.650000	0.979611	0.000000	0.979611	0.064140 	0.003227
18.700000	0.976785	0.000000	0.976785	0.073082 	0.003232
18.750000	0.973777	0.000000	0.973777	0.082616 	0.003237
18.800000	0.970596	0.000000	0.970596	0.092709 	0.003242
18.850000	0.967256	0.000000	0.967256	0.103327 	0.003248
18.900000	0.963769	0.000000	0.963769	0.114432 	0.003254
18.950000	0.960146	0.000000	0.960146	0.125989 	0.003260
19.000000	0.956401	0.000000	0.956401	0.137962 	0.003266
19.050000	0.952544	0.000000	0.952544	0.150317 	0.003273
19.100000	0.948585	0.000000	0.948585	0.163020 	0.003280
19.150000	0.944537	0.000000	0.944537	0.176041 	0.003287
19.200000	0.940407	0.000000	0.940407	0.189352 	0.003294
19.250000	0.936204	0.000000	0.936204	0.202926 	0.003301
19.300000	0.931937	0.000000	0.931937	0.216741 	0.003309
19.350000	0.927613	0.000000	0.927613	0.230774 	0.003317
19.400000	0.923238	0.000000	0.923238	0.245005 	0.003325
19.450000	0.918817	0.000000	0.918817	0.259416 	0.003333
19.500000	0.914357	0.000000	0.914357	0.273992 	0.003341
19.550000	0.909863	0.000000	0.909863	0.288718 	0.003349
19.600000	0.905337	0.000000	0.905337	0.303581 	0.003357
19.650000	0.900785	0.000000	0.900785	0.318569 	0.003366
19.700000	0.896210	0.000000	0.896210	0.333671 	0.003374
19.750000	0.891615	0.000000	0.891615	0.348878 	0.003383
19.800000	0.887003	0.000000	0.887003	0.364182 	0.003392
19.850000	0.882376	0.000000	0.882376	0.379574 	0.003401
19.900000	0.877736	0.000000	0.877736	0.395048 	0.003410
19.950000	0.873087	0.000000	0.873087	0.410597 	0.003419
20.000000	0.868428	0.000000	0.868428	0.426216 	0.003428
20.050000	0.863764	0.000000	0.863764	0.441900 	0.003437
20.100000	0.859094	0.000000	0.859094	0.457643 	0.003446
20.150000	0.854420	0.000000	0.854420	0.473442 	0.003456
20.200000	0.849744	0.000000	0.849744	0.489293 	0.003465
20.250000	0.845066	0.000000	0.845066	0.505192 	0.003475
20.300000	0.840388	0.000000	0.840388	0.521136 	0.003485
20.350000	0.835711	0.000000	0.835711	0.537123 	0.003494
20.400000	0.831035	0.000000	0.831035	0.553149 	0.003504
20.450000	0.826362	0.000000	0.826362	0.569212 	0.003514
20.500000	0.821692	0.000000	0.821692	0.585310 	0.003524
20.550000	0.817025	0.000000	0.817025	0.601441 	0.003534
20.600000	0.812363	0.000000	0.812363	0.617602 	0.003544
20.650000	0.807706	0.000000	0.807706	0.633793 	0.003554
20.700000	0.803055	0.000000	0.803055	0.650012 	0.003565
20.750000	0.798409	0.000000	0.798409	0.666257 	0.003575
20.800000	0.793770	0.000000	0.793770	0.682526 	0.003585
20.850000	0.789137	0.000000	0.789137	0.698819 	0.003596
20.900000	0.784512	0.000000	0.784512	0.715135 	0.003607
20.950000	0.779895	0.000000	0.779895	0.731471 	0.003617
21.000000	0.775285	0.000000	0.775285	0.747828 	0.003628
21.050000	0.770684	0.000000	0.770684	0.764205 	0.003639
21.100000	0.766091	0.000000	0.766091	0.780600 	0.003650
21.150000	0.761507	0.000000	0.761507	0.797013 	0.003661
21.200000	0.756932	0.000000	0.756932	0.813442 	0.003672
21.250000	0.752366	0.000000	0.752366	0.829888 	0.003683
21.300000	0.747810	0.000000	0.747810	0.846350 	0.003694
21.350000	0.743263	0.000000	0.743263	0.862826 	0.003705
21.400000	0.738727	0.000000	0.738727	0.879317 	0.003717
21.450000	0.734200	0.000000	0.734200	0.895822 	0.003728
21.500000	0.729684	0.000000	0.729684	0.912341 	0.003740
21.550000	0.725178	0.000000	0.725178	0.928872 	0.003751
21.600000	0.720683	0.000000	0.720683	0.945416 	0.003763
21.650000	0.716198	0.000000	0.716198	0.961972 	0.003775
21.700000	0.711724	0.000000	0.711724	0.978540 	0.003786
21.750000	0.707262	0.000000	0.707262	0.995119 	0.003798
21.800000	0.702810	0.000000	0.702810	1.011709 	0.003810
21.850000	0.698370	0.000000	0.698370	1.028310 	0.003822
21.900000	0.693941	0.000000	0.693941	1.044921 	0.003835
21.950000	0.689523	0.000000	0.689523	1.061543 	0.003847
22.000000	0.685117	0.000000	0.685117	1.078174 	0.003859
22.050000	0.680722	0.000000	0.680722	1.094815 	0.003872
22.100000	0.676339	0.000000	0.676339	1.111466 	0.003884
22.150000	0.671968	0.000000	0.671968	1.128125 	0.003897
22.200000	0.667609	0.000000	0.667609	1.144794 	0.003910
22.250000	0.663261	0.000000	0.663261	1.161472 	0.003922
22.300000	0.658926	0.000000	0.658926	1.178158 	0.003935
22.350000	0.654602	0.000000	0.654602	1.194853 	0.003948
22.400000	0.650291	0.000000	0.650291	1.211556 	0.003961
22.450000	0.645992	0.000000	0.645992	1.228267 	0.003974
22.500000	0.641705	0.000000	0.641705	1.244986 	0.003988
22.550000	0.637430	0.000000	0.637430	1.261713 	0.004001
22.600000	0.633168	0.000000	0.633168	1.278448 	0.004014
22.650000	0.628918	0.000000	0.628918	1.295191 	0.004028
22.700000	0.624680	0.000000	0.624680	1.311941 	0.004042
22.750000	0.620455	0.000000	0.620455	1.328699 	0.004055
22.800000	0.616242	0.000000	0.616242	1.345464 	0.004069
22.850000	0.612042	0.000000	0.612042	1.362236 	0.004083
22.900000	0.607855	0.000000	0.607855	1.379016 	0.004097
22.950000	0.603680	0.000000	0.603680	1.395803 	0.004111
23.000000	0.599517	0.000000	0.599517	1.412597 	0.004126
23.050000	0.595368	0.000000	0.595368	1.429399 	0.004140
23.100000	0.591231	0.000000	0.591231	1.446207 	0.004154
23.150000	0.587106	0.000000	0.587106	1.463023 	0.004169
23.200000	0.582995	0.000000	0.582995	1.479845 	0.004184
23.250000	0.578896	0.000000	0.578896	1.496675 	0.004198
23.300000	0.574810	0.000000	0.574810	1.513512 	0.004213
23.350000	0.570736	0.000000	0.570736	1.530355 	0.004228
23.400000	0.566676	0.000000	0.566676	1.547206 	0.004243
23.450000	0.562628	0.000000	0.562628	1.564064 	0.004259
23.500000	0.558593	0.000000	0.558593	1.580929 	0.004274
23.550000	0.554571	0.000000	0.554571	1.597801 	0.004290
23.600000	0.550562	0.000000	0.550562	1.614681 	0.004305
23.650000	0.546566	0.000000	0.546566	1.631568 	0.004321
23.700000	0.542582	0.000000	0.542582	1.648462 	0.004337
23.750000	0.538611	0.000000	0.538611	1.665364 	0.004353
23.800000	0.534654	0.000000	0.534654	1.682273 	0.004369
23.850000	0.530708	0.000000	0.530708	1.699190 	0.004385
23.900000	0.526776	0.000000	0.526776	1.716115 	0.004401
23.950000	0.522856	0.000000	0.522856	1.733048 	0.004418
24.000000	0.518950	0.000000	0.518950	1.749989 	0.004434
24.050000	0.515055	0.000000	0.515055	1.766939 	0.004451
24.100000	0.511174	0.000000	0.511174	1.783898 	0.004468
24.150000	0.507305	0.000000	0.507305	1.800866 	0.004485
24.200000	0.503449	0.000000	0.503449	1.817844 	0.004502
24.250000	0.499605	0.000000	0.499605	1.834832 	0.004519
24.300000	0.495773	0.000000	0.495773	1.851830 	0.004537
24.350000	0.491954	0.000000	0.491954	1.868840 	0.004554
24.400000	0.488146	0.000000	0.488146	1.885861 	0.004572
24.450000	0.484351	0.000000	0.484351	1.902896 	0.004590
24.500000	0.480567	0.000000	0.480567	1.919946 	0.004608
24.550000	0.476794	0.000000	0.476794	1.937011 	0.004626
24.600000	0.473033	0.000000	0.473033	1.954095 	0.004645
24.650000	0.469281	0.000000	0.469281	1.971199 	0.004663
24.700000	0.465539	0.000000	0.465539	1.988329 	0.004682
24.750000	0.461806	0.000000	0.461806	2.005490 	0.004701
24.800000	0.458078	0.000000	0.458078	2.022692 	0.004720
24.850000	0.454353	0.000000	0.454353	2.039953 	0.004739
24.900000	0.450622	0.000000	0.450622	2.057311 	0.004759
24.950000	0.446859	0.000000	0.446859	2.074890 	0.004779
25.000000	0.442491	0.000000	0.442491	2.095397 	0.004802
25.050000	0.438971	0.000000	0.438971	2.111989 	0.004821
25.100000	0.435435	0.000000	0.435435	2.128723 	0.004841
25.150000	0.431901	0.000000	0.431901	2.145522 	0.004861
25.200000	0.428373	0.000000	0.428373	2.162357 	0.004881
25.250000	0.424855	0.000000	0.424855	2.179215 	0.004901
25.300000	0.421347	0.000000	0.421347	2.196089 	0.004921
25.350000	0.417852	0.000000	0.417852	2.212975 	0.004942
25.400000	0.414370	0.000000	0.414370	2.229869 	0.004962
25.450000	0.410901	0.000000	0.410901	2.246769 	0.004983
25.500000	0.407446	0.000000	0.407446	2.263672 	0.005004
25.550000	0.404005	0.000000	0.404005	2.280579 	0.005026
25.600000	0.400578	0.000000	0.400578	2.297488 	0.005047
25.650000	0.397166	0.000000	0.397166	2.314398 	0.005069
25.700000	0.393767	0.000000	0.393767	2.331308 	0.005091
25.750000	0.390384	0.000000	0.390384	2.348218 	0.005113
25.800000	0.387015	0.000000	0.387015	2.365128 	0.005135
25.850000	0.383661	0.000000	0.383661	2.382037 	0.005157
25.900000	0.380322	0.000000	0.380322	2.398944 	0.005180
25.950000	0.376997	0.000000	0.376997	2.415849 	0.005203
26.000000	0.373688	0.000000	0.373688	2.432753 	0.005226
26.050000	0.370393	0.000000	0.370393	2.449654 	0.005249
26.100000	0.367114	0.000000	0.367114	2.466553 	0.005272
26.150000	0.363849	0.000000	0.363849	2.483450 	0.005296
26.200000	0.360600	0.000000	0.360600	2.500343 	0.005320
26.250000	0.357366	0.000000	0.357366	2.517234 	0.005344
26.300000	0.354147	0.000000	0.354147	2.534121 	0.005368
26.350000	0.350943	0.000000	0.350943	2.551004 	0.005392
26.400000	0.347754	0.000000	0.347754	2.567885 	0.005417
26.450000	0.344580	0.000000	0.344580	2.584761 	0.005442
26.500000	0.341422	0.000000	0.341422	2.601634 	0.005467
26.550000	0.338279	0.000000	0.338279	2.618502 	0.005492
26.600000	0.335151	0.000000	0.335151	2.635366 	0.005518
26.650000	0.332038	0.000000	0.332038	2.652226 	0.005544
26.700000	0.328941	0.000000	0.328941	2.669082 	0.005570
26.750000	0.325859	0.000000	0.325859	2.685932 	0.005596
26.800000	0.322792	0.000000	0.322792	2.702778 	0.005622
26.850000	0.319740	0.000000	0.319740	2.719619 	0.005649
26.900000	0.316704	0.000000	0.316704	2.736455 	0.005676
26.950000	0.313683	0.000000	0.313683	2.753286 	0.005704
27.000000	0.310677	0.000000	0.310677	2.770111 	0.005731
27.050000	0.307687	0.000000	0.307687	2.786930 	0.005759
27.100000	0.304712	0.000000	0.304712	2.803744 	0.005787
27.150000	0.301753	0.000000	0.301753	2.820552 	0.005815
27.200000	0.298808	0.000000	0.298808	2.837354 	0.005844
27.250000	0.295880	0.000000	0.295880	2.854149 	0.005873
27.300000	0.292966	0.000000	0.292966	2.870939 	0.005902
27.350000	0.290068	0.000000	0.290068	2.887721 	0.005931
27.400000	0.287186	0.000000	0.287186	2.904497 	0.005961
27.450000	0.284319	0.000000	0.284319	2.921266 	0.005991
27.500000	0.281467	0.000000	0.281467	2.938029 	0.006021
27.550000	0.278630	0.000000	0.278630	2.954783 	0.006052
27.600000	0.275810	0.000000	0.275810	2.971531 	0.006083
27.650000	0.273004	0.000000	0.273004	2.988270 	0.006114
27.700000	0.270214	0.000000	0.270214	3.005002 	0.006145
27.750000	0.267440	0.000000	0.267440	3.021726 	0.006177
27.800000	0.264681	0.000000	0.264681	3.038442 	0.006209
27.850000	0.261937	0.000000	0.261937	3.055150 	0.006241
27.900000	0.259209	0.000000	0.259209	3.071849 	0.006274
27.950000	0.256496	0.000000	0.256496	3.088539 	0.006307
28.000000	0.253799	0.000000	0.253799	3.105220 	0.006341
28.050000	0.251117	0.000000	0.251117	3.121891 	0.006375
28.100000	0.248451	0.000000	0.248451	3.138554 	0.006409
28.150000	0.245801	0.000000	0.245801	3.155206 	0.006443
28.200000	0.243165	0.000000	0.243165	3.171849 	0.006478
28.250000	0.240546	0.000000	0.240546	3.188481 	0.006513
28.300000	0.237942	0.000000	0.237942	3.205104 	0.006549
28.350000	0.235353	0.000000	0.235353	3.221715 	0.006585
28.400000	0.232780	0.000000	0.232780	3.238316 	0.006621
28.450000	0.230223	0.000000	0.230223	3.254905 	0.006658
28.500000	0.227681	0.000000	0.227681	3.271483 	0.006695
28.550000	0.225154	0.000000	0.225154	3.288049 	0.006732
28.600000	0.222644	0.000000	0.222644	3.304603 	0.006770
28.650000	0.220148	0.000000	0.220148	3.321145 	0.006808
28.700000	0.217669	0.000000	0.217669	3.337675 	0.006847
28.750000	0.215204	0.000000	0.215204	3.354191 	0.006886
28.800000	0.212756	0.000000	0.212756	3.370695 	0.006925
28.850000	0.210323	0.000000	0.210323	3.387184 	0.006965
28.900000	0.207905	0.000000	0.207905	3.403660 	0.007006
28.950000	0.205504	0.000000	0.205504	3.420122 	0.007047
29.000000	0.203117	0.000000	0.203117	3.436569 	0.007088
29.050000	0.200747	0.000000	0.200747	3.453002 	0.007130
29.100000	0.198392	0.000000	0.198392	3.469419 	0.007172
29.150000	0.196052	0.000000	0.196052	3.485820 	0.007214
29.200000	0.193728	0.000000	0.193728	3.502206 	0.007258
29.250000	0.191420	0.000000	0.191420	3.518575 	0.007301
29.300000	0.189127	0.000000	0.189127	3.534927 	0.007345
29.350000	0.186850	0.000000	0.186850	3.551263 	0.007390
29.400000	0.184589	0.000000	0.184589	3.567580 	0.007435
29.450000	0.182343	0.000000	0.182343	3.583879 	0.007481
29.500000	0.180113	0.000000	0.180113	3.600160 	0.007527
29.550000	0.177898	0.000000	0.177898	3.616422 	0.007574
29.600000	0.175699	0.000000	0.175699	3.632665 	0.007621
29.650000	0.173516	0.000000	0.173516	3.648887 	0.007669
29.700000	0.171348	0.000000	0.171348	3.665089 	0.007717
29.750000	0.169196	0.000000	0.169196	3.681270 	0.007766
29.800000	0.167060	0.000000	0.167060	3.697430 	0.007815
29.850000	0.164939	0.000000	0.164939	3.713567 	0.007865
29.900000	0.162834	0.000000	0.162834	3.729682 	0.007916
29.950000	0.160745	0.000000	0.160745	3.745773 	0.007967
30.000000	0.158671	0.000000	0.158671	3.761840 	0.008019
30.050000	0.156612	0.000000	0.156612	3.777883 	0.008072
30.100000	0.154570	0.000000	0.154570	3.793901 	0.008125
30.150000	0.152543	0.000000	0.152543	3.809893 	0.008179
30.200000	0.150531	0.000000	0.150531	3.825859 	0.008233
30.250000	0.148536	0.000000	0.148536	3.841797 	0.008288
30.300000	0.146556	0.000000	0.146556	3.857707 	0.008344
30.350000	0.144591	0.000000	0.144591	3.873589 	0.008401
30.400000	0.142643	0.000000	0.142643	3.889440 	0.008458
30.450000	0.140710	0.000000	0.140710	3.905262 	0.008516
30.500000	0.138792	0.000000	0.138792	3.921052 	0.008574
30.550000	0.136890	0.000000	0.136890	3.936811 	0.008634
30.600000	0.135004	0.000000	0.135004	3.952536 	0.008694
30.650000	0.133133	0.000000	0.133133	3.968228 	0.008755
30.700000	0.131278	0.000000	0.131278	3.983884 	0.008816
30.750000	0.129439	0.000000	0.129439	3.999505 	0.008879
30.800000	0.127615	0.000000	0.127615	4.015089 	0.008942
30.850000	0.125807	0.000000	0.125807	4.030635 	0.009006
30.900000	0.124014	0.000000	0.124014	4.046142 	0.009071
30.950000	0.122237	0.000000	0.122237	4.061608 	0.009137
31.000000	0.120476	0.000000	0.120476	4.077033 	0.009203
31.050000	0.118730	0.000000	0.118730	4.092416 	0.009271
31.100000	0.117000	0.000000	0.117000	4.107754 	0.009339
31.150000	0.115285	0.000000	0.115285	4.123046 	0.009408
31.200000	0.113585	0.000000	0.113585	4.138292 	0.009478
31.250000	0.111901	0.000000	0.111901	4.153489 	0.009549
31.300000	0.110232	0.000000	0.110232	4.168636 	0.009621
31.350000	0.108579	0.000000	0.108579	4.183731 	0.009694
31.400000	0.106940	0.000000	0.106940	4.198772 	0.009768
31.450000	0.105317	0.000000	0.105317	4.213758 	0.009843
31.500000	0.103709	0.000000	0.103709	4.228685 	0.009919
31.550000	0.102116	0.000000	0.102116	4.243553 	0.009996
31.600000	0.100539	0.000000	0.100539	4.258357 	0.010074
31.650000	0.098975	0.000000	0.098975	4.273097 	0.010154
31.700000	0.097427	0.000000	0.097427	4.287769 	0.010234
31.750000	0.095893	0.000000	0.095893	4.302369 	0.010316
31.800000	0.094374	0.000000	0.094374	4.316895 	0.010398
31.850000	0.092869	0.000000	0.092869	4.331343 	0.010482
31.900000	0.091378	0.000000	0.091378	4.345710 	0.010567
31.950000	0.089901	0.000000	0.089901	4.359991 	0.010654
32.000000	0.088438	0.000000	0.088438	4.374181 	0.010742
32.050000	0.086989	0.000000	0.086989	4.388276 	0.010831
32.100000	0.085552	0.000000	0.085552	4.402270 	0.010921
32.150000	0.084129	0.000000	0.084129	4.416159 	0.011013
32.200000	0.082718	0.000000	0.082718	4.429934 	0.011107
32.250000	0.081320	0.000000	0.081320	4.443591 	0.011202
32.300000	0.079934	0.000000	0.079934	4.457122 	0.011299
32.350000	0.078560	0.000000	0.078560	4.470519 	0.011397
32.400000	0.077197	0.000000	0.077197	4.483774 	0.011497
32.450000	0.075845	0.000000	0.075845	4.496879 	0.011599
32.500000	0.074503	0.000000	0.074503	4.509823 	0.011703
32.550000	0.073172	0.000000	0.073172	4.522597 	0.011809
32.600000	0.071851	0.000000	0.071851	4.535189 	0.011917
32.650000	0.070540	0.000000	0.070540	4.547590 	0.012027
32.700000	0.069237	0.000000	0.069237	4.559786 	0.012140
32.750000	0.067942	0.000000	0.067942	4.571765 	0.012255
32.800000	0.066656	0.000000	0.066656	4.583514 	0.012373
32.850000	0.065378	0.000000	0.065378	4.595018 	0.012493
32.900000	0.064106	0.000000	0.064106	4.606262 	0.012616
32.950000	0.062842	0.000000	0.062842	4.617232 	0.012743
33.000000	0.061584	0.000000	0.061584	4.627910 	0.012872
33.050000	0.060332	0.000000	0.060332	4.638281 	0.013005
33.100000	0.059085	0.000000	0.059085	4.648326 	0.013142
33.150000	0.057844	0.000000	0.057844	4.658027 	0.013282
33.200000	0.056608	0.000000	0.056608	4.667366 	0.013426
33.250000	0.055377	0.000000	0.055377	4.676322 	0.013574
33.300000	0.054150	0.000000	0.054150	4.684877 	0.013727
33.350000	0.052928	0.000000	0.052928	4.693008 	0.013885
33.400000	0.051710	0.000000	0.051710	4.700696 	0.014048
33.450000	0.050496	0.000000	0.050496	4.707917 	0.014215
33.500000	0.049287	0.000000	0.049287	4.714651 	0.014389
33.550000	0.048081	0.000000	0.048081	4.720874 	0.014568
33.600000	0.046881	0.000000	0.046881	4.726562 	0.014753
33.650000	0.045685	0.000000	0.045685	4.731693 	0.014945
33.700000	0.044493	0.000000	0.044493	4.736242 	0.015144
33.750000	0.043307	0.000000	0.043307	4.740184 	0.015350
33.800000	0.042127	0.000000	0.042127	4.743495 	0.015563
33.850000	0.040953	0.000000	0.040953	4.746148 	0.015785
33.900000	0.039785	0.000000	0.039785	4.748118 	0.016015
33.950000	0.038624	0.000000	0.038624	4.749379 	0.016254
34.000000	0.037472	0.000000	0.037472	4.749902 	0.016502
34.050000	0.036327	0.000000	0.036327	4.749661 	0.016760
34.100000	0.035192	0.000000	0.035192	4.748628 	0.017028
34.150000	0.034067	0.000000	0.034067	4.746773 	0.017307
34.200000	0.032952	0.000000	0.032952	4.744067 	0.017597
34.250000	0.031848	0.000000	0.031848	4.740480 	0.017900
34.300000	0.030757	0.000000	0.030757	4.735980 	0.018214
34.350000	0.029679	0.000000	0.029679	4.730534 	0.018542
34.400000	0.028615	0.000000	0.028615	4.724110 	0.018884
34.450000	0.027565	0.000000	0.027565	4.716671 	0.019240
34.500000	0.026531	0.000000	0.026531	4.708182 	0.019612
34.550000	0.025513	0.000000	0.025513	4.698605 	0.019999
34.600000	0.024511	0.000000	0.024511	4.687898 	0.020403
34.650000	0.023527	0.000000	0.023527	4.676021 	0.020826
34.700000	0.022562	0.000000	0.022562	4.662926 	0.021267
34.750000	0.021615	0.000000	0.021615	4.648568 	0.021727
34.800000	0.020687	0.000000	0.020687	4.632895 	0.022209
34.850000	0.019780	0.000000	0.019780	4.615851 	0.022713
34.900000	0.018892	0.000000	0.018892	4.597378 	0.023240
34.950000	0.018026	0.000000	0.018026	4.577412 	0.023793
35.000000	0.017180	0.000000	0.017180	4.555883 	0.024371
35.050000	0.016356	0.000000	0.016356	4.532716 	0.024978
35.100000	0.015553	0.000000	0.015553	4.507826 	0.025614
35.150000	0.014772	0.000000	0.014772	4.481123 	0.026282
35.200000	0.014013	0.000000	0.014013	4.452504 	0.026985
35.250000	0.013277	0.000000	0.013277	4.421856 	0.027723
35.300000	0.012562	0.000000	0.012562	4.389054 	0.028501
35.350000	0.011869	0.000000	0.011869	4.353953 	0.029321
35.400000	0.011199	0.000000	0.011199	4.316394 	0.030186
35.450000	0.010550	0.000000	0.010550	4.276194 	0.031100
35.500000	0.009924	0.000000	0.009924	4.233142 	0.032067
35.550000	0.009319	0.000000	0.009319	4.186997 	0.033091
35.600000	0.008736	0.000000	0.008736	4.137478 	0.034177
35.650000	0.008174	0.000000	0.008174	4.084257 	0.035332
35.700000	0.007633	0.000000	0.007633	4.026947 	0.036562
35.750000	0.007114	0.000000	0.007114	3.965083 	0.037873
35.800000	0.006615	0.000000	0.006615	3.898106 	0.039276
35.850000	0.006136	0.000000	0.006136	3.825344 	0.040778
35.900000	0.005677	0.000000	0.005677	3.745969 	0.042395
35.950000	0.005237	0.000000	0.005237	3.658860 	0.044139
36.000000	0.004820	0.000000	0.004820	3.562477 	0.046012
36.050000	0.004425	0.000000	0.004425	3.455314 	0.048020
36.100000	0.004036	0.000000	0.004036	3.336346 	0.050281
36.150000	0.003629	0.000000	0.003629	3.200631 	0.053025
36.200000	0.003285	0.000000	0.003285	3.027008 	0.055731
36.250000	0.003282	0.000000	0.003282	2.802319 	0.055758
36.300000	0.002689	0.000000	0.002689	2.866879 	0.061599
36.350000	0.002523	0.000000	0.002523	1.149329 	0.063600
36.400000	0.000000	0.000000	0.000000	0.000000 	0.000000
36.450000	0.000000	0.000000	0.000000	0.000000 	0.000000
36.500000	0.000000	0.000000	0.000000	0.000000 	0.000000
36.550000	0.000000	0.000000	0.000000	0.000000 	0.000000
36.600000	0.000000	0.000000	0.000000	0.000000 	0.000000
36.650000	0.000000	0.000000	0.000000	0.000000 	0.000000
36.700000	0.000000	0.000000	0.000000	0.000000 	0.000000
36.750000	0.000000	0.000000	0.000000	0.000000 	0.000000
36.800000	0.000000	0.000000	0.000000	0.000000 	0.000000
36.850000	0.000000	0.000000	0.000000	0.000000 	0.000000
36.900000	0.000000	0.000000	0.000000	0.000000 	0.000000
36.950000	0.000000	0.000000	0.000000	0.000000 	0.000000
37.000000	0.000000	0.000000	0.000000	0.000000 	0.000000
37.050000	0.000000	0.000000	0.000000	0.000000 	0.000000
37.100000	0.000000	0.000000	0.000000	0.000000 	0.000000
37.150000	0.000000	0.000000	0.000000	0.000000 	0.000000
37.200000	0.000000	0.000000	0.000000	0.000000 	0.000000
37.250000	0.000000	0.000000	0.000000	0.000000 	0.000000
37.300000	0.000000	0.000000	0.000000	0.000000 	0.000000
37.350000	0.000000	0.000000	0.000000	0.000000 	0.000000
37.400000	0.000000	0.000000	0.000000	0.000000 	0.000000
37.450000	0.000000	0.000000	0.000000	0.000000 	0.000000
37.500000	0.000000	0.000000	0.000000	0.000000 	0.000000
37.550000	0.000000	0.000000	0.000000	0.000000 	0.000000
37.600000	0.000000	0.000000	0.000000	0.000000 	0.000000
37.650000	0.000000	0.000000	0.000000	0.000000 	0.000000
37.700000	0.000000	0.000000	0.000000	0.000000 	0.000000
37.750000	0.000000	0.000000	0.000000	0.000000 	0.000000
37.800000	0.000000	0.000000	0.000000	0.000000 	0.000000
37.850000	0.000000	0.000000	0.000000	0.000000 	0.000000
37.900000	0.000000	0.000000	0.000000	0.000000 	0.000000
37.950000	0.000000	0.000000	0.000000	0.000000 	0.000000
38.000000	0.000000	0.000000	0.000000	0.000000 	0.000000
38.050000	0.000000	0.000000	0.000000	0.000000 	0.000000
38.100000	0.000000	0.000000	0.000000	0.000000 	0.000000
38.150000	0.000000	0.000000	0.000000	0.000000 	0.000000
38.200000	0.000000	0.000000	0.000000	0.000000 	0.000000
38.250000	0.000000	0.000000	0.000000	0.000000 	0.000000
38.300000	0.000000	0.000000	0.000000	0.000000 	0.000000
38.350000	0.000000	0.000000	0.000000	0.000000 	0.000000
38.400000	0.000000	0.000000	0.000000	0.000000 	0.000000
38.450000	0.000000	0.000000	0.000000	0.000000 	0.000000
38.500000	0.000000	0.000000	0.000000	0.000000 	0.000000
38.550000	0.000000	0.000000	0.000000	0.000000 	0.000000
38.600000	0.000000	0.000000	0.000000	0.000000 	0.000000
38.650000	0.000000	0.000000	0.000000	0.000000 	0.000000
38.700000	0.000000	0.000000	0.000000	0.000000 	0.000000
38.750000	0.000000	0.000000	0.000000	0.000000 	0.000000
38.800000	0.000000	0.000000	0.000000	0.000000 	0.000000
38.850000	0.000000	0.000000	0.000000	0.000000 	0.000000
38.900000	0.000000	0.000000	0.000000	0.000000 	0.000000
38.950000	0.000000	0.000000	0.000000	0.000000 	0.000000
39.000000	0.000000	0.000000	0.000000	0.000000 	0.000000
39.050000	0.000000	0.000000	0.000000	0.000000 	0.000000
39.100000	0.000000	0.000000	0.000000	0.000000 	0.000000
39.150000	0.000000	0.000000	0.000000	0.000000 	0.000000
39.200000	0.000000	0.000000	0.000000	0.000000 	0.000000
39.250000	0.000000	0.000000	0.000000	0.000000 	0.000000
39.300000	0.000000	0.000000	0.000000	0.000000 	0.000000
39.350000	0.000000	0.000000	0.000000	0.000000 	0.000000
39.400000	0.000000	0.000000	0.000000	0.000000 	0.000000
39.450000	0.000000	0.000000	0.000000	0.000000 	0.000000
39.500000	0.000000	0.000000	0.000000	0.000000 	0.000000
39.550000	0.000000	0.000000	0.000000	0.000000 	0.000000
39.600000	0.000000	0.000000	0.000000	0.000000 	0.000000
39.650000	0.000000	0.000000	0.000000	0.000000 	0.000000
39.700000	0.000000	0.000000	0.000000	0.000000 	0.000000
39.750000	0.000000	0.000000	0.000000	0.000000 	0.000000
39.800000	0.000000	0.000000	0.000000	0.000000 	0.000000
39.850000	0.000000	0.000000	0.000000	0.000000 	0.000000
39.900000	0.000000	0.000000	0.000000	0.000000 	0.000000
39.950000	0.000000	0.000000	0.000000	0.000000 	0.000000
40.000000	0.000000	0.000000	0.000000	0.000000 	0.000000
40.050000	0.000000	0.000000	0.000000	0.000000 	0.000000
40.100000	0.000000	0.000000	0.000000	0.000000 	0.000000
40.150000	0.000000	0.000000	0.000000	0.000000 	0.000000
40.200000	0.000000	0.000000	0.000000	0.000000 	0.000000
40.250000	0.000000	0.000000	0.000000	0.000000 	0.000000
40.300000	0.000000	0.000000	0.000000	0.000000 	0.000000
40.350000	0.000000	0.000000	0.000000	0.000000 	0.000000
40.400000	0.000000	0.000000	0.000000	0.000000 	0.000000
40.450000	0.000000	0.000000	0.000000	0.000000 	0.000000
40.500000	0.000000	0.000000	0.000000	0.000000 	0.000000
40.550000	0.000000	0.000000	0.000000	0.000000 	0.000000
40.600000	0.000000	0.000000	0.000000	0.000000 	0.000000
40.650000	0.000000	0.000000	0.000000	0.000000 	0.000000
40.700000	0.000000	0.000000	0.000000	0.000000 	0.000000
40.750000	0.000000	0.000000	0.000000	0.000000 	0.000000
40.800000	0.000000	0.000000	0.000000	0.000000 	0.000000
40.850000	0.000000	0.000000	0.000000	0.000000 	0.000000
40.900000	0.000000	0.000000	0.000000	0.000000 	0.000000
40.950000	0.000000	0.000000	0.000000	0.000000 	0.000000
41.000000	0.000000	0.000000	0.000000	0.000000 	0.000000
41.050000	0.000000	0.000000	0.000000	0.000000 	0.000000
41.100000	0.000000	0.000000	0.000000	0.000000 	0.000000
41.150000	0.000000	0.000000	0.000000	0.000000 	0.000000
41.200000	0.000000	0.000000	0.000000	0.000000 	0.000000
41.250000	0.000000	0.000000	0.000000	0.000000 	0.000000
41.300000	0.000000	0.000000	0.000000	0.000000 	0.000000
41.350000	0.000000	0.000000	0.000000	0.000000 	0.000000
41.400000	0.000000	0.000000	0.000000	0.000000 	0.000000
41.450000	0.000000	0.000000	0.000000	0.000000 	0.000000
41.500000	0.000000	0.000000	0.000000	0.000000 	0.000000
41.550000	0.000000	0.000000	0.000000	0.000000 	0.000000
41.600000	0.000000	0.000000	0.000000	0.000000 	0.000000
41.650000	0.000000	0.000000	0.000000	0.000000 	0.000000
41.700000	0.000000	0.000000	0.000000	0.000000 	0.000000
41.750000	0.000000	0.000000	0.000000	0.000000 	0.000000
41.800000	0.000000	0.000000	0.000000	0.000000 	0.000000
41.850000	0.000000	0.000000	0.000000	0.000000 	0.000000
41.900000	0.000000	0.000000	0.000000	0.000000 	0.000000
41.950000	0.000000	0.000000	0.000000	0.000000 	0.000000
42.000000	0.000000	0.000000	0.000000	0.000000 	0.000000
42.050000	0.000000	0.000000	0.000000	0.000000 	0.000000
42.100000	0.000000	0.000000	0.000000	0.000000 	0.000000
42.150000	0.000000	0.000000	0.000000	0.000000 	0.000000
42.200000	0.000000	0.000000	0.000000	0.000000 	0.000000
42.250000	0.000000	0.000000	0.000000	0.000000 	0.000000
42.300000	0.000000	0.000000	0.000000	0.000000 	0.000000
42.350000	0.000000	0.000000	0.000000	0.000000 	0.000000
42.400000	0.000000	0.000000	0.000000	0.000000 	0.000000
42.450000	0.000000	0.000000	0.000000	0.000000 	0.000000
42.500000	0.000000	0.000000	0.000000	0.000000 	0.000000
42.550000	0.000000	0.000000	0.000000	0.000000 	0.000000
42.600000	0.000000	0.000000	0.000000	0.000000 	0.000000
42.650000	0.000000	0.000000	0.000000	0.000000 	0.000000
42.700000	0.000000	0.000000	0.000000	0.000000 	0.000000
42.750000	0.000000	0.000000	0.000000	0.000000 	0.000000
42.800000	0.000000	0.000000	0.000000	0.000000 	0.000000
42.850000	0.000000	0.000000	0.000000	0.000000 	0.000000
42.900000	0.000000	0.000000	0.000000	0.000000 	0.000000
42.950000	0.000000	0.000000	0.000000	0.000000 	0.000000
43.000000	0.000000	0.000000	0.000000	0.000000 	0.000000
43.050000	0.000000	0.000000	0.000000	0.000000 	0.000000
43.100000	0.000000	0.000000	0.000000	0.000000 	0.000000
43.150000	0.000000	0.000000	0.000000	0.000000 	0.000000
43.200000	0.000000	0.000000	0.000000	0.000000 	0.000000
43.250000	0.000000	0.000000	0.000000	0.000000 	0.000000
43.300000	0.000000	0.000000	0.000000	0.000000 	0.000000
43.350000	0.000000	0.000000	0.000000	0.000000 	0.000000
43.400000	0.000000	0.000000	0.000000	0.000000 	0.000000
43.450000	0.000000	0.000000	0.000000	0.000000 	0.000000
43.500000	0.000000	0.000000	0.000000	0.000000 	0.000000
43.550000	0.000000	0.000000	0.000000	0.000000 	0.000000
43.600000	0.000000	0.000000	0.000000	0.000000 	0.000000
43.650000	0.000000	0.000000	0.000000	0.000000 	0.000000
43.700000	0.000000	0.000000	0.000000	0.000000 	0.000000
43.750000	0.000000	0.000000	0.000000	0.000000 	0.000000
43.800000	0.000000	0.000000	0.000000	0.000000 	0.000000
43.850000	0.000000	0.000000	0.000000	0.000000 	0.000000
43.900000	0.000000	0.000000	0.000000	0.000000 	0.000000
43.950000	0.000000	0.000000	0.000000	0.000000 	0.000000
44.000000	0.000000	0.000000	0.000000	0.000000 	0.000000
44.050000	0.000000	0.000000	0.000000	0.000000 	0.000000
44.100000	0.000000	0.000000	0.000000	0.000000 	0.000000
44.150000	0.000000	0.000000	0.000000	0.000000 	0.000000
44.200000	0.000000	0.000000	0.000000	0.000000 	0.000000
44.250000	0.000000	0.000000	0.000000	0.000000 	0.000000
44.300000	0.000000	0.000000	0.000000	0.000000 	0.000000
44.350000	0.000000	0.000000	0.000000	0.000000 	0.000000
44.400000	0.000000	0.000000	0.000000	0.000000 	0.000000
44.450000	0.000000	0.000000	0.000000	0.000000 	0.000000
44.500000	0.000000	0.000000	0.000000	0.000000 	0.000000
44.550000	0.000000	0.000000	0.000000	0.000000 	0.000000
44.600000	0.000000	0.000000	0.000000	0.000000 	0.000000
44.650000	0.000000	0.000000	0.000000	0.000000 	0.000000
44.700000	0.000000	0.000000	0.000000	0.000000 	0.000000
44.750000	0.000000	0.000000	0.000000	0.000000 	0.000000
44.800000	0.000000	0.000000	0.000000	0.000000 	0.000000
44.850000	0.000000	0.000000	0.000000	0.000000 	0.000000
44.900000	0.000000	0.000000	0.000000	0.000000 	0.000000
44.950000	0.000000	0.000000	0.000000	0.000000 	0.000000
45.000000	0.000000	0.000000	0.000000	0.000000 	0.000000
45.050000	0.000000	0.000000	0.000000	0.000000 	0.000000
45.100000	0.000000	0.000000	0.000000	0.000000 	0.000000
45.150000	0.000000	0.000000	0.000000	0.000000 	0.000000
45.200000	0.000000	0.000000	0.000000	0.000000 	0.000000
45.250000	0.000000	0.000000	0.000000	0.000000 	0.000000
45.300000	0.000000	0.000000	0.000000	0.000000 	0.000000
45.350000	0.000000	0.000000	0.000000	0.000000 	0.000000
45.400000	0.000000	0.000000	0.000000	0.000000 	0.000000
45.450000	0.000000	0.000000	0.000000	0.000000 	0.000000
45.500000	0.000000	0.000000	0.000000	0.000000 	0.000000
45.550000	0.000000	0.000000	0.000000	0.000000 	0.000000
45.600000	0.000000	0.000000	0.000000	0.000000 	0.000000
45.650000	0.000000	0.000000	0.000000	0.000000 	0.000000
45.700000	0.000000	0.000000	0.000000	0.000000 	0.000000
45.750000	0.000000	0.000000	0.000000	0.000000 	0.000000
45.800000	0.000000	0.000000	0.000000	0.000000 	0.000000
45.850000	0.000000	0.000000	0.000000	0.000000 	0.000000
45.900000	0.000000	0.000000	0.000000	0.000000 	0.000000
45.950000	0.000000	0.000000	0.000000	0.000000 	0.000000
46.000000	0.000000	0.000000	0.000000	0.000000 	0.000000
46.050000	0.000000	0.000000	0.000000	0.000000 	0.000000
46.100000	0.000000	0.000000	0.000000	0.000000 	0.000000
46.150000	0.000000	0.000000	0.000000	0.000000 	0.000000
46.200000	0.000000	0.000000	0.000000	0.000000 	0.000000
46.250000	0.000000	0.000000	0.000000	0.000000 	0.000000
46.300000	0.000000	0.000000	0.000000	0.000000 	0.000000
46.350000	0.000000	0.000000	0.000000	0.000000 	0.000000
46.400000	0.000000	0.000000	0.000000	0.000000 	0.000000
46.450000	0.000000	0.000000	0.000000	0.000000 	0.000000
46.500000	0.000000	0.000000	0.000000	0.000000 	0.000000
46.550000	0.000000	0.000000	0.000000	0.000000 	0.000000
46.600000	0.000000	0.000000	0.000000	0.000000 	0.000000
46.650000	0.000000	0.000000	0.000000	0.000000 	0.000000
46.700000	0.000000	0.000000	0.000000	0.000000 	0.000000
46.750000	0.000000	0.000000	0.000000	0.000000 	0.000000
46.800000	0.000000	0.000000	0.000000	0.000000 	0.000000
46.850000	0.000000	0.000000	0.000000	0.000000 	0.000000
46.900000	0.000000	0.000000	0.000000	0.000000 	0.000000
46.950000	0.000000	0.000000	0.000000	0.000000 	0.000000
47.000000	0.000000	0.000000	0.000000	0.000000 	0.000000
47.050000	0.000000	0.000000	0.000000	0.000000 	0.000000
47.100000	0.000000	0.000000	0.000000	0.000000 	0.000000
47.150000	0.000000	0.000000	0.000000	0.000000 	0.000000
47.200000	0.000000	0.000000	0.000000	0.000000 	0.000000
47.250000	0.000000	0.000000	0.000000	0.000000 	0.000000
47.300000	0.000000	0.000000	0.000000	0.000000 	0.000000
47.350000	0.000000	0.000000	0.000000	0.000000 	0.000000
47.400000	0.000000	0.000000	0.000000	0.000000 	0.000000
47.450000	0.000000	0.000000	0.000000	0.000000 	0.000000
47.500000	0.000000	0.000000	0.000000	0.000000 	0.000000
47.550000	0.000000	0.000000	0.000000	0.000000 	0.000000
47.600000	0.000000	0.000000	0.000000	0.000000 	0.000000
47.650000	0.000000	0.000000	0.000000	0.000000 	0.000000
47.700000	0.000000	0.000000	0.000000	0.000000 	0.000000
47.750000	0.000000	0.000000	0.000000	0.000000 	0.000000
47.800000	0.000000	0.000000	0.000000	0.000000 	0.000000
47.850000	0.000000	0.000000	0.000000	0.000000 	0.000000
47.900000	0.000000	0.000000	0.000000	0.000000 	0.000000
47.950000	0.000000	0.000000	0.000000	0.000000 	0.000000
48.000000	0.000000	0.000000	0.000000	0.000000 	0.000000
48.050000	0.000000	0.000000	0.000000	0.000000 	0.000000
48.100000	0.000000	0.000000	0.000000	0.000000 	0.000000
48.150000	0.000000	0.000000	0.000000	0.000000 	0.000000
48.200000	0.000000	0.000000	0.000000	0.000000 	0.000000
48.250000	0.000000	0.000000	0.000000	0.000000 	0.000000
48.300000	0.000000	0.000000	0.000000	0.000000 	0.000000
48.350000	0.000000	0.000000	0.000000	0.000000 	0.000000
48.400000	0.000000	0.000000	0.000000	0.000000 	0.000000
48.450000	0.000000	0.000000	0.000000	0.000000 	0.000000
48.500000	0.000000	0.000000	0.000000	0.000000 	0.000000
48.550000	0.000000	0.000000	0.000000	0.000000 	0.000000
48.600000	0.000000	0.000000	0.000000	0.000000 	0.000000
48.650000	0.000000	0.000000	0.000000	0.000000 	0.000000
48.700000	0.000000	0.000000	0.000000	0.000000 	0.000000
48.750000	0.000000	0.000000	0.000000	0.000000 	0.000000
48.800000	0.000000	0.000000	0.000000	0.000000 	0.000000
48.850000	0.000000	0.000000	0.000000	0.000000 	0.000000
48.900000	0.000000	0.000000	0.000000	0.000000 	0.000000
48.950000	0.000000	0.000000	0.000000	0.000000 	0.000000
49.000000	0.000000	0.000000	0.000000	0.000000 	0.000000
49.050000	0.000000	0.000000	0.000000	0.000000 	0.000000
49.100000	0.000000	0.000000	0.000000	0.000000 	0.000000
49.150000	0.000000	0.000000	0.000000	0.000000 	0.000000
49.200000	0.000000	0.000000	0.000000	0.000000 	0.000000
49.250000	0.000000	0.000000	0.000000	0.000000 	0.000000
49.300000	0.000000	0.000000	0.000000	0.000000 	0.000000
49.350000	0.000000	0.000000	0.000000	0.000000 	0.000000
49.400000	0.000000	0.000000	0.000000	0.000000 	0.000000
49.450000	0.000000	0.000000	0.000000	0.000000 	0.000000
49.500000	0.000000	0.000000	0.000000	0.000000 	0.000000
49.550000	0.000000	0.000000	0.000000	0.000000 	0.000000
49.600000	0.000000	0.000000	0.000000	0.000000 	0.000000
49.650000	0.000000	0.000000	0.000000	0.000000 	0.000000
49.700000	0.000000	0.000000	0.000000	0.000000 	0.000000
49.750000	0.000000	0.000000	0.000000	0.000000 	0.000000
49.800000	0.000000	0.000000	0.000000	0.000000 	0.000000
49.850000	0.000000	0.000000	0.000000	0.000000 	0.000000
49.900000	0.000000	0.000000	0.000000	0.000000 	0.000000
49.950000	0.000000	0.000000	0.000000	0.000000 	0.000000
