VARIABLES = X,Ksi,B,H,U,tau 
ZONE T="Time 1.500000", I=1000, DATAPACKING=POINT
0.000000	1.000000	0.000000	1.000000	0.000000 	0.003194
0.050000	1.000000	0.000000	1.000000	0.000000 	0.003194
0.100000	1.000000	0.000000	1.000000	0.000000 	0.003194
0.150000	1.000000	0.000000	1.000000	0.000000 	0.003194
0.200000	1.000000	0.000000	1.000000	0.000000 	0.003194
0.250000	1.000000	0.000000	1.000000	0.000000 	0.003194
0.300000	1.000000	0.000000	1.000000	0.000000 	0.003194
0.350000	1.000000	0.000000	1.000000	0.000000 	0.003194
0.400000	1.000000	0.000000	1.000000	0.000000 	0.003194
0.450000	1.000000	0.000000	1.000000	0.000000 	0.003194
0.500000	1.000000	0.000000	1.000000	0.000000 	0.003194
0.550000	1.000000	0.000000	1.000000	0.000000 	0.003194
0.600000	1.000000	0.000000	1.000000	0.000000 	0.003194
0.650000	1.000000	0.000000	1.000000	0.000000 	0.003194
0.700000	1.000000	0.000000	1.000000	0.000000 	0.003194
0.750000	1.000000	0.000000	1.000000	0.000000 	0.003194
0.800000	1.000000	0.000000	1.000000	0.000000 	0.003194
0.850000	1.000000	0.000000	1.000000	0.000000 	0.003194
0.900000	1.000000	0.000000	1.000000	0.000000 	0.003194
0.950000	1.000000	0.000000	1.000000	0.000000 	0.003194
1.000000	1.000000	0.000000	1.000000	0.000000 	0.003194
1.050000	1.000000	0.000000	1.000000	0.000000 	0.003194
1.100000	1.000000	0.000000	1.000000	0.000000 	0.003194
1.150000	1.000000	0.000000	1.000000	0.000000 	0.003194
1.200000	1.000000	0.000000	1.000000	0.000000 	0.003194
1.250000	1.000000	0.000000	1.000000	0.000000 	0.003194
1.300000	1.000000	0.000000	1.000000	0.000000 	0.003194
1.350000	1.000000	0.000000	1.000000	0.000000 	0.003194
1.400000	1.000000	0.000000	1.000000	0.000000 	0.003194
1.450000	1.000000	0.000000	1.000000	0.000000 	0.003194
1.500000	1.000000	0.000000	1.000000	0.000000 	0.003194
1.550000	1.000000	0.000000	1.000000	0.000000 	0.003194
1.600000	1.000000	0.000000	1.000000	0.000000 	0.003194
1.650000	1.000000	0.000000	1.000000	0.000000 	0.003194
1.700000	1.000000	0.000000	1.000000	0.000000 	0.003194
1.750000	1.000000	0.000000	1.000000	0.000000 	0.003194
1.800000	1.000000	0.000000	1.000000	0.000000 	0.003194
1.850000	1.000000	0.000000	1.000000	0.000000 	0.003194
1.900000	1.000000	0.000000	1.000000	0.000000 	0.003194
1.950000	1.000000	0.000000	1.000000	0.000000 	0.003194
2.000000	1.000000	0.000000	1.000000	0.000000 	0.003194
2.050000	1.000000	0.000000	1.000000	0.000000 	0.003194
2.100000	1.000000	0.000000	1.000000	0.000000 	0.003194
2.150000	1.000000	0.000000	1.000000	0.000000 	0.003194
2.200000	1.000000	0.000000	1.000000	0.000000 	0.003194
2.250000	1.000000	0.000000	1.000000	0.000000 	0.003194
2.300000	1.000000	0.000000	1.000000	0.000000 	0.003194
2.350000	1.000000	0.000000	1.000000	0.000000 	0.003194
2.400000	1.000000	0.000000	1.000000	0.000000 	0.003194
2.450000	1.000000	0.000000	1.000000	0.000000 	0.003194
2.500000	1.000000	0.000000	1.000000	0.000000 	0.003194
2.550000	1.000000	0.000000	1.000000	0.000000 	0.003194
2.600000	1.000000	0.000000	1.000000	0.000000 	0.003194
2.650000	1.000000	0.000000	1.000000	0.000000 	0.003194
2.700000	1.000000	0.000000	1.000000	0.000000 	0.003194
2.750000	1.000000	0.000000	1.000000	0.000000 	0.003194
2.800000	1.000000	0.000000	1.000000	0.000000 	0.003194
2.850000	1.000000	0.000000	1.000000	0.000000 	0.003194
2.900000	1.000000	0.000000	1.000000	0.000000 	0.003194
2.950000	1.000000	0.000000	1.000000	0.000000 	0.003194
3.000000	1.000000	0.000000	1.000000	0.000000 	0.003194
3.050000	1.000000	0.000000	1.000000	0.000000 	0.003194
3.100000	1.000000	0.000000	1.000000	0.000000 	0.003194
3.150000	1.000000	0.000000	1.000000	0.000000 	0.003194
3.200000	1.000000	0.000000	1.000000	0.000000 	0.003194
3.250000	1.000000	0.000000	1.000000	0.000000 	0.003194
3.300000	1.000000	0.000000	1.000000	0.000000 	0.003194
3.350000	1.000000	0.000000	1.000000	0.000000 	0.003194
3.400000	1.000000	0.000000	1.000000	0.000000 	0.003194
3.450000	1.000000	0.000000	1.000000	0.000000 	0.003194
3.500000	1.000000	0.000000	1.000000	0.000000 	0.003194
3.550000	1.000000	0.000000	1.000000	0.000000 	0.003194
3.600000	1.000000	0.000000	1.000000	0.000000 	0.003194
3.650000	1.000000	0.000000	1.000000	0.000000 	0.003194
3.700000	1.000000	0.000000	1.000000	0.000000 	0.003194
3.750000	1.000000	0.000000	1.000000	0.000000 	0.003194
3.800000	1.000000	0.000000	1.000000	0.000000 	0.003194
3.850000	1.000000	0.000000	1.000000	0.000000 	0.003194
3.900000	1.000000	0.000000	1.000000	0.000000 	0.003194
3.950000	1.000000	0.000000	1.000000	0.000000 	0.003194
4.000000	1.000000	0.000000	1.000000	0.000000 	0.003194
4.050000	1.000000	0.000000	1.000000	0.000000 	0.003194
4.100000	1.000000	0.000000	1.000000	0.000000 	0.003194
4.150000	1.000000	0.000000	1.000000	0.000000 	0.003194
4.200000	1.000000	0.000000	1.000000	0.000000 	0.003194
4.250000	1.000000	0.000000	1.000000	0.000000 	0.003194
4.300000	1.000000	0.000000	1.000000	0.000000 	0.003194
4.350000	1.000000	0.000000	1.000000	0.000000 	0.003194
4.400000	1.000000	0.000000	1.000000	0.000000 	0.003194
4.450000	1.000000	0.000000	1.000000	0.000000 	0.003194
4.500000	1.000000	0.000000	1.000000	0.000000 	0.003194
4.550000	1.000000	0.000000	1.000000	0.000000 	0.003194
4.600000	1.000000	0.000000	1.000000	0.000000 	0.003194
4.650000	1.000000	0.000000	1.000000	0.000000 	0.003194
4.700000	1.000000	0.000000	1.000000	0.000000 	0.003194
4.750000	1.000000	0.000000	1.000000	0.000000 	0.003194
4.800000	1.000000	0.000000	1.000000	0.000000 	0.003194
4.850000	1.000000	0.000000	1.000000	0.000000 	0.003194
4.900000	1.000000	0.000000	1.000000	0.000000 	0.003194
4.950000	1.000000	0.000000	1.000000	0.000000 	0.003194
5.000000	1.000000	0.000000	1.000000	0.000000 	0.003194
5.050000	1.000000	0.000000	1.000000	0.000000 	0.003194
5.100000	1.000000	0.000000	1.000000	0.000000 	0.003194
5.150000	1.000000	0.000000	1.000000	0.000000 	0.003194
5.200000	1.000000	0.000000	1.000000	0.000000 	0.003194
5.250000	1.000000	0.000000	1.000000	0.000000 	0.003194
5.300000	1.000000	0.000000	1.000000	0.000000 	0.003194
5.350000	1.000000	0.000000	1.000000	0.000000 	0.003194
5.400000	1.000000	0.000000	1.000000	0.000000 	0.003194
5.450000	1.000000	0.000000	1.000000	0.000000 	0.003194
5.500000	1.000000	0.000000	1.000000	0.000000 	0.003194
5.550000	1.000000	0.000000	1.000000	0.000000 	0.003194
5.600000	1.000000	0.000000	1.000000	0.000000 	0.003194
5.650000	1.000000	0.000000	1.000000	0.000000 	0.003194
5.700000	1.000000	0.000000	1.000000	0.000000 	0.003194
5.750000	1.000000	0.000000	1.000000	0.000000 	0.003194
5.800000	1.000000	0.000000	1.000000	0.000000 	0.003194
5.850000	1.000000	0.000000	1.000000	0.000000 	0.003194
5.900000	1.000000	0.000000	1.000000	0.000000 	0.003194
5.950000	1.000000	0.000000	1.000000	0.000000 	0.003194
6.000000	1.000000	0.000000	1.000000	0.000000 	0.003194
6.050000	1.000000	0.000000	1.000000	0.000000 	0.003194
6.100000	1.000000	0.000000	1.000000	0.000000 	0.003194
6.150000	1.000000	0.000000	1.000000	0.000000 	0.003194
6.200000	1.000000	0.000000	1.000000	0.000000 	0.003194
6.250000	1.000000	0.000000	1.000000	0.000000 	0.003194
6.300000	1.000000	0.000000	1.000000	0.000000 	0.003194
6.350000	1.000000	0.000000	1.000000	0.000000 	0.003194
6.400000	1.000000	0.000000	1.000000	0.000000 	0.003194
6.450000	1.000000	0.000000	1.000000	0.000000 	0.003194
6.500000	1.000000	0.000000	1.000000	0.000000 	0.003194
6.550000	1.000000	0.000000	1.000000	0.000000 	0.003194
6.600000	1.000000	0.000000	1.000000	0.000000 	0.003194
6.650000	1.000000	0.000000	1.000000	0.000000 	0.003194
6.700000	1.000000	0.000000	1.000000	0.000000 	0.003194
6.750000	1.000000	0.000000	1.000000	0.000000 	0.003194
6.800000	1.000000	0.000000	1.000000	0.000000 	0.003194
6.850000	1.000000	0.000000	1.000000	0.000000 	0.003194
6.900000	1.000000	0.000000	1.000000	0.000000 	0.003194
6.950000	1.000000	0.000000	1.000000	0.000000 	0.003194
7.000000	1.000000	0.000000	1.000000	0.000000 	0.003194
7.050000	1.000000	0.000000	1.000000	0.000000 	0.003194
7.100000	1.000000	0.000000	1.000000	0.000000 	0.003194
7.150000	1.000000	0.000000	1.000000	0.000000 	0.003194
7.200000	1.000000	0.000000	1.000000	0.000000 	0.003194
7.250000	1.000000	0.000000	1.000000	0.000000 	0.003194
7.300000	1.000000	0.000000	1.000000	0.000000 	0.003194
7.350000	1.000000	0.000000	1.000000	0.000000 	0.003194
7.400000	1.000000	0.000000	1.000000	0.000000 	0.003194
7.450000	1.000000	0.000000	1.000000	0.000000 	0.003194
7.500000	1.000000	0.000000	1.000000	0.000000 	0.003194
7.550000	1.000000	0.000000	1.000000	0.000000 	0.003194
7.600000	1.000000	0.000000	1.000000	0.000000 	0.003194
7.650000	1.000000	0.000000	1.000000	0.000000 	0.003194
7.700000	1.000000	0.000000	1.000000	0.000000 	0.003194
7.750000	1.000000	0.000000	1.000000	0.000000 	0.003194
7.800000	1.000000	0.000000	1.000000	0.000000 	0.003194
7.850000	1.000000	0.000000	1.000000	0.000000 	0.003194
7.900000	1.000000	0.000000	1.000000	0.000000 	0.003194
7.950000	1.000000	0.000000	1.000000	0.000000 	0.003194
8.000000	1.000000	0.000000	1.000000	0.000000 	0.003194
8.050000	1.000000	0.000000	1.000000	0.000000 	0.003194
8.100000	1.000000	0.000000	1.000000	0.000000 	0.003194
8.150000	1.000000	0.000000	1.000000	0.000000 	0.003194
8.200000	1.000000	0.000000	1.000000	0.000000 	0.003194
8.250000	1.000000	0.000000	1.000000	0.000000 	0.003194
8.300000	1.000000	0.000000	1.000000	0.000000 	0.003194
8.350000	1.000000	0.000000	1.000000	0.000000 	0.003194
8.400000	1.000000	0.000000	1.000000	0.000000 	0.003194
8.450000	1.000000	0.000000	1.000000	0.000000 	0.003194
8.500000	1.000000	0.000000	1.000000	0.000000 	0.003194
8.550000	1.000000	0.000000	1.000000	0.000000 	0.003194
8.600000	1.000000	0.000000	1.000000	0.000000 	0.003194
8.650000	1.000000	0.000000	1.000000	0.000000 	0.003194
8.700000	1.000000	0.000000	1.000000	0.000000 	0.003194
8.750000	1.000000	0.000000	1.000000	0.000000 	0.003194
8.800000	1.000000	0.000000	1.000000	0.000000 	0.003194
8.850000	1.000000	0.000000	1.000000	0.000000 	0.003194
8.900000	1.000000	0.000000	1.000000	0.000000 	0.003194
8.950000	1.000000	0.000000	1.000000	0.000000 	0.003194
9.000000	1.000000	0.000000	1.000000	0.000000 	0.003194
9.050000	1.000000	0.000000	1.000000	0.000000 	0.003194
9.100000	1.000000	0.000000	1.000000	0.000000 	0.003194
9.150000	1.000000	0.000000	1.000000	0.000000 	0.003194
9.200000	1.000000	0.000000	1.000000	0.000000 	0.003194
9.250000	1.000000	0.000000	1.000000	0.000000 	0.003194
9.300000	1.000000	0.000000	1.000000	0.000000 	0.003194
9.350000	1.000000	0.000000	1.000000	0.000000 	0.003194
9.400000	1.000000	0.000000	1.000000	0.000000 	0.003194
9.450000	1.000000	0.000000	1.000000	0.000000 	0.003194
9.500000	1.000000	0.000000	1.000000	0.000000 	0.003194
9.550000	1.000000	0.000000	1.000000	0.000000 	0.003194
9.600000	1.000000	0.000000	1.000000	0.000000 	0.003194
9.650000	1.000000	0.000000	1.000000	0.000000 	0.003194
9.700000	1.000000	0.000000	1.000000	0.000000 	0.003194
9.750000	1.000000	0.000000	1.000000	0.000000 	0.003194
9.800000	1.000000	0.000000	1.000000	0.000000 	0.003194
9.850000	1.000000	0.000000	1.000000	0.000000 	0.003194
9.900000	1.000000	0.000000	1.000000	0.000000 	0.003194
9.950000	1.000000	0.000000	1.000000	0.000000 	0.003194
10.000000	1.000000	0.000000	1.000000	0.000000 	0.003194
10.050000	1.000000	0.000000	1.000000	0.000000 	0.003194
10.100000	1.000000	0.000000	1.000000	0.000000 	0.003194
10.150000	1.000000	0.000000	1.000000	0.000000 	0.003194
10.200000	1.000000	0.000000	1.000000	0.000000 	0.003194
10.250000	1.000000	0.000000	1.000000	0.000000 	0.003194
10.300000	1.000000	0.000000	1.000000	0.000000 	0.003194
10.350000	1.000000	0.000000	1.000000	0.000000 	0.003194
10.400000	1.000000	0.000000	1.000000	0.000000 	0.003194
10.450000	1.000000	0.000000	1.000000	0.000000 	0.003194
10.500000	1.000000	0.000000	1.000000	0.000000 	0.003194
10.550000	1.000000	0.000000	1.000000	0.000000 	0.003194
10.600000	1.000000	0.000000	1.000000	0.000000 	0.003194
10.650000	1.000000	0.000000	1.000000	0.000000 	0.003194
10.700000	1.000000	0.000000	1.000000	0.000000 	0.003194
10.750000	1.000000	0.000000	1.000000	0.000000 	0.003194
10.800000	1.000000	0.000000	1.000000	0.000000 	0.003194
10.850000	1.000000	0.000000	1.000000	0.000000 	0.003194
10.900000	1.000000	0.000000	1.000000	0.000000 	0.003194
10.950000	1.000000	0.000000	1.000000	0.000000 	0.003194
11.000000	1.000000	0.000000	1.000000	0.000000 	0.003194
11.050000	1.000000	0.000000	1.000000	0.000000 	0.003194
11.100000	1.000000	0.000000	1.000000	0.000000 	0.003194
11.150000	1.000000	0.000000	1.000000	0.000000 	0.003194
11.200000	1.000000	0.000000	1.000000	0.000000 	0.003194
11.250000	1.000000	0.000000	1.000000	0.000000 	0.003194
11.300000	1.000000	0.000000	1.000000	0.000000 	0.003194
11.350000	1.000000	0.000000	1.000000	0.000000 	0.003194
11.400000	1.000000	0.000000	1.000000	0.000000 	0.003194
11.450000	1.000000	0.000000	1.000000	0.000000 	0.003194
11.500000	1.000000	0.000000	1.000000	0.000000 	0.003194
11.550000	1.000000	0.000000	1.000000	0.000000 	0.003194
11.600000	1.000000	0.000000	1.000000	0.000000 	0.003194
11.650000	1.000000	0.000000	1.000000	0.000000 	0.003194
11.700000	1.000000	0.000000	1.000000	0.000000 	0.003194
11.750000	1.000000	0.000000	1.000000	0.000000 	0.003194
11.800000	1.000000	0.000000	1.000000	0.000000 	0.003194
11.850000	1.000000	0.000000	1.000000	0.000000 	0.003194
11.900000	1.000000	0.000000	1.000000	0.000000 	0.003194
11.950000	1.000000	0.000000	1.000000	0.000000 	0.003194
12.000000	1.000000	0.000000	1.000000	0.000000 	0.003194
12.050000	1.000000	0.000000	1.000000	0.000000 	0.003194
12.100000	1.000000	0.000000	1.000000	0.000000 	0.003194
12.150000	1.000000	0.000000	1.000000	0.000000 	0.003194
12.200000	1.000000	0.000000	1.000000	0.000000 	0.003194
12.250000	1.000000	0.000000	1.000000	0.000000 	0.003194
12.300000	1.000000	0.000000	1.000000	0.000000 	0.003194
12.350000	1.000000	0.000000	1.000000	0.000000 	0.003194
12.400000	1.000000	0.000000	1.000000	0.000000 	0.003194
12.450000	1.000000	0.000000	1.000000	0.000000 	0.003194
12.500000	1.000000	0.000000	1.000000	0.000000 	0.003194
12.550000	1.000000	0.000000	1.000000	0.000000 	0.003194
12.600000	1.000000	0.000000	1.000000	0.000000 	0.003194
12.650000	1.000000	0.000000	1.000000	0.000000 	0.003194
12.700000	1.000000	0.000000	1.000000	0.000000 	0.003194
12.750000	1.000000	0.000000	1.000000	0.000000 	0.003194
12.800000	1.000000	0.000000	1.000000	0.000000 	0.003194
12.850000	1.000000	0.000000	1.000000	0.000000 	0.003194
12.900000	1.000000	0.000000	1.000000	0.000000 	0.003194
12.950000	1.000000	0.000000	1.000000	0.000000 	0.003194
13.000000	1.000000	0.000000	1.000000	0.000000 	0.003194
13.050000	1.000000	0.000000	1.000000	0.000000 	0.003194
13.100000	1.000000	0.000000	1.000000	0.000000 	0.003194
13.150000	1.000000	0.000000	1.000000	0.000000 	0.003194
13.200000	1.000000	0.000000	1.000000	0.000000 	0.003194
13.250000	1.000000	0.000000	1.000000	0.000000 	0.003194
13.300000	1.000000	0.000000	1.000000	0.000000 	0.003194
13.350000	1.000000	0.000000	1.000000	0.000000 	0.003194
13.400000	1.000000	0.000000	1.000000	0.000000 	0.003194
13.450000	1.000000	0.000000	1.000000	0.000000 	0.003194
13.500000	1.000000	0.000000	1.000000	0.000000 	0.003194
13.550000	1.000000	0.000000	1.000000	0.000000 	0.003194
13.600000	1.000000	0.000000	1.000000	0.000000 	0.003194
13.650000	1.000000	0.000000	1.000000	0.000000 	0.003194
13.700000	1.000000	0.000000	1.000000	0.000000 	0.003194
13.750000	1.000000	0.000000	1.000000	0.000000 	0.003194
13.800000	1.000000	0.000000	1.000000	0.000000 	0.003194
13.850000	1.000000	0.000000	1.000000	0.000000 	0.003194
13.900000	1.000000	0.000000	1.000000	0.000000 	0.003194
13.950000	1.000000	0.000000	1.000000	0.000000 	0.003194
14.000000	1.000000	0.000000	1.000000	0.000000 	0.003194
14.050000	1.000000	0.000000	1.000000	0.000000 	0.003194
14.100000	1.000000	0.000000	1.000000	0.000000 	0.003194
14.150000	1.000000	0.000000	1.000000	0.000000 	0.003194
14.200000	1.000000	0.000000	1.000000	0.000000 	0.003194
14.250000	1.000000	0.000000	1.000000	0.000000 	0.003194
14.300000	1.000000	0.000000	1.000000	0.000000 	0.003194
14.350000	1.000000	0.000000	1.000000	0.000000 	0.003194
14.400000	1.000000	0.000000	1.000000	0.000000 	0.003194
14.450000	1.000000	0.000000	1.000000	0.000000 	0.003194
14.500000	1.000000	0.000000	1.000000	0.000000 	0.003194
14.550000	1.000000	0.000000	1.000000	0.000000 	0.003194
14.600000	1.000000	0.000000	1.000000	0.000000 	0.003194
14.650000	1.000000	0.000000	1.000000	0.000000 	0.003194
14.700000	1.000000	0.000000	1.000000	0.000000 	0.003194
14.750000	1.000000	0.000000	1.000000	0.000000 	0.003194
14.800000	1.000000	0.000000	1.000000	0.000000 	0.003194
14.850000	1.000000	0.000000	1.000000	0.000000 	0.003194
14.900000	1.000000	0.000000	1.000000	0.000000 	0.003194
14.950000	1.000000	0.000000	1.000000	0.000000 	0.003194
15.000000	1.000000	0.000000	1.000000	0.000000 	0.003194
15.050000	1.000000	0.000000	1.000000	0.000000 	0.003194
15.100000	1.000000	0.000000	1.000000	0.000000 	0.003194
15.150000	1.000000	0.000000	1.000000	0.000000 	0.003194
15.200000	1.000000	0.000000	1.000000	0.000000 	0.003194
15.250000	1.000000	0.000000	1.000000	0.000000 	0.003194
15.300000	1.000000	0.000000	1.000000	0.000000 	0.003194
15.350000	1.000000	0.000000	1.000000	0.000000 	0.003194
15.400000	1.000000	0.000000	1.000000	0.000000 	0.003194
15.450000	1.000000	0.000000	1.000000	0.000000 	0.003194
15.500000	1.000000	0.000000	1.000000	0.000000 	0.003194
15.550000	1.000000	0.000000	1.000000	0.000000 	0.003194
15.600000	1.000000	0.000000	1.000000	0.000000 	0.003194
15.650000	1.000000	0.000000	1.000000	0.000000 	0.003194
15.700000	1.000000	0.000000	1.000000	0.000000 	0.003194
15.750000	1.000000	0.000000	1.000000	0.000000 	0.003194
15.800000	1.000000	0.000000	1.000000	0.000000 	0.003194
15.850000	1.000000	0.000000	1.000000	0.000000 	0.003194
15.900000	1.000000	0.000000	1.000000	0.000000 	0.003194
15.950000	1.000000	0.000000	1.000000	0.000000 	0.003194
16.000000	1.000000	0.000000	1.000000	0.000000 	0.003194
16.050000	1.000000	0.000000	1.000000	0.000000 	0.003194
16.100000	1.000000	0.000000	1.000000	0.000000 	0.003194
16.150000	1.000000	0.000000	1.000000	0.000000 	0.003194
16.200000	1.000000	0.000000	1.000000	0.000000 	0.003194
16.250000	1.000000	0.000000	1.000000	0.000000 	0.003194
16.300000	1.000000	0.000000	1.000000	0.000000 	0.003194
16.350000	1.000000	0.000000	1.000000	0.000000 	0.003194
16.400000	1.000000	0.000000	1.000000	0.000000 	0.003194
16.450000	1.000000	0.000000	1.000000	0.000000 	0.003194
16.500000	1.000000	0.000000	1.000000	0.000000 	0.003194
16.550000	1.000000	0.000000	1.000000	0.000000 	0.003194
16.600000	1.000000	0.000000	1.000000	0.000000 	0.003194
16.650000	1.000000	0.000000	1.000000	0.000000 	0.003194
16.700000	1.000000	0.000000	1.000000	0.000000 	0.003194
16.750000	1.000000	0.000000	1.000000	0.000000 	0.003194
16.800000	1.000000	0.000000	1.000000	0.000000 	0.003194
16.850000	1.000000	0.000000	1.000000	0.000000 	0.003194
16.900000	1.000000	0.000000	1.000000	0.000000 	0.003194
16.950000	1.000000	0.000000	1.000000	0.000000 	0.003194
17.000000	1.000000	0.000000	1.000000	0.000000 	0.003194
17.050000	1.000000	0.000000	1.000000	0.000000 	0.003194
17.100000	1.000000	0.000000	1.000000	0.000000 	0.003194
17.150000	1.000000	0.000000	1.000000	0.000000 	0.003194
17.200000	1.000000	0.000000	1.000000	0.000000 	0.003194
17.250000	1.000000	0.000000	1.000000	0.000000 	0.003194
17.300000	1.000000	0.000000	1.000000	0.000000 	0.003194
17.350000	1.000000	0.000000	1.000000	0.000000 	0.003194
17.400000	1.000000	0.000000	1.000000	0.000000 	0.003194
17.450000	1.000000	0.000000	1.000000	0.000000 	0.003194
17.500000	1.000000	0.000000	1.000000	0.000000 	0.003194
17.550000	1.000000	0.000000	1.000000	0.000000 	0.003194
17.600000	1.000000	0.000000	1.000000	0.000000 	0.003194
17.650000	1.000000	0.000000	1.000000	0.000000 	0.003194
17.700000	1.000000	0.000000	1.000000	0.000000 	0.003194
17.750000	1.000000	0.000000	1.000000	0.000000 	0.003194
17.800000	1.000000	0.000000	1.000000	0.000000 	0.003194
17.850000	1.000000	0.000000	1.000000	0.000000 	0.003194
17.900000	1.000000	0.000000	1.000000	0.000000 	0.003194
17.950000	1.000000	0.000000	1.000000	0.000000 	0.003194
18.000000	1.000000	0.000000	1.000000	0.000000 	0.003194
18.050000	1.000000	0.000000	1.000000	0.000000 	0.003194
18.100000	1.000000	0.000000	1.000000	0.000000 	0.003194
18.150000	1.000000	0.000000	1.000000	0.000000 	0.003194
18.200000	1.000000	0.000000	1.000000	0.000000 	0.003194
18.250000	1.000000	0.000000	1.000000	0.000000 	0.003194
18.300000	1.000000	0.000000	1.000000	0.000000 	0.003194
18.350000	1.000000	0.000000	1.000000	0.000000 	0.003194
18.400000	1.000000	0.000000	1.000000	0.000000 	0.003194
18.450000	1.000000	0.000000	1.000000	0.000000 	0.003194
18.500000	1.000000	0.000000	1.000000	0.000000 	0.003194
18.550000	1.000000	0.000000	1.000000	0.000000 	0.003194
18.600000	1.000000	0.000000	1.000000	0.000000 	0.003194
18.650000	1.000000	0.000000	1.000000	0.000000 	0.003194
18.700000	1.000000	0.000000	1.000000	0.000001 	0.003194
18.750000	1.000000	0.000000	1.000000	0.000001 	0.003194
18.800000	0.999999	0.000000	0.999999	0.000002 	0.003194
18.850000	0.999999	0.000000	0.999999	0.000004 	0.003194
18.900000	0.999998	0.000000	0.999998	0.000007 	0.003194
18.950000	0.999996	0.000000	0.999996	0.000013 	0.003194
19.000000	0.999993	0.000000	0.999993	0.000021 	0.003194
19.050000	0.999989	0.000000	0.999989	0.000035 	0.003194
19.100000	0.999981	0.000000	0.999981	0.000058 	0.003194
19.150000	0.999970	0.000000	0.999970	0.000094 	0.003194
19.200000	0.999952	0.000000	0.999952	0.000150 	0.003194
19.250000	0.999924	0.000000	0.999924	0.000236 	0.003195
19.300000	0.999883	0.000000	0.999883	0.000367 	0.003195
19.350000	0.999821	0.000000	0.999821	0.000560 	0.003195
19.400000	0.999731	0.000000	0.999731	0.000843 	0.003195
19.450000	0.999601	0.000000	0.999601	0.001249 	0.003195
19.500000	0.999418	0.000000	0.999418	0.001821 	0.003195
19.550000	0.999165	0.000000	0.999165	0.002613 	0.003196
19.600000	0.998822	0.000000	0.998822	0.003689 	0.003196
19.650000	0.998364	0.000000	0.998364	0.005123 	0.003197
19.700000	0.997765	0.000000	0.997765	0.006999 	0.003198
19.750000	0.996997	0.000000	0.996997	0.009409 	0.003199
19.800000	0.996029	0.000000	0.996029	0.012443 	0.003201
19.850000	0.994832	0.000000	0.994832	0.016196 	0.003203
19.900000	0.993381	0.000000	0.993381	0.020753 	0.003205
19.950000	0.991650	0.000000	0.991650	0.026189 	0.003208
20.000000	0.989622	0.000000	0.989622	0.032565 	0.003211
20.050000	0.987285	0.000000	0.987285	0.039924 	0.003215
20.100000	0.984630	0.000000	0.984630	0.048288 	0.003219
20.150000	0.981660	0.000000	0.981660	0.057663 	0.003224
20.200000	0.978379	0.000000	0.978379	0.068034 	0.003229
20.250000	0.974798	0.000000	0.974798	0.079371 	0.003235
20.300000	0.970933	0.000000	0.970933	0.091633 	0.003242
20.350000	0.966801	0.000000	0.966801	0.104766 	0.003249
20.400000	0.962423	0.000000	0.962423	0.118713 	0.003256
20.450000	0.957820	0.000000	0.957820	0.133413 	0.003264
20.500000	0.953011	0.000000	0.953011	0.148803 	0.003272
20.550000	0.948020	0.000000	0.948020	0.164822 	0.003281
20.600000	0.942864	0.000000	0.942864	0.181411 	0.003290
20.650000	0.937562	0.000000	0.937562	0.198516 	0.003299
20.700000	0.932132	0.000000	0.932132	0.216086 	0.003309
20.750000	0.926589	0.000000	0.926589	0.234074 	0.003319
20.800000	0.920948	0.000000	0.920948	0.252437 	0.003329
20.850000	0.915220	0.000000	0.915220	0.271137 	0.003339
20.900000	0.909418	0.000000	0.909418	0.290141 	0.003350
20.950000	0.903552	0.000000	0.903552	0.309417 	0.003361
21.000000	0.897630	0.000000	0.897630	0.328938 	0.003372
21.050000	0.891661	0.000000	0.891661	0.348681 	0.003383
21.100000	0.885652	0.000000	0.885652	0.368624 	0.003394
21.150000	0.879609	0.000000	0.879609	0.388748 	0.003406
21.200000	0.873537	0.000000	0.873537	0.409035 	0.003418
21.250000	0.867442	0.000000	0.867442	0.429472 	0.003430
21.300000	0.861328	0.000000	0.861328	0.450045 	0.003442
21.350000	0.855199	0.000000	0.855199	0.470741 	0.003454
21.400000	0.849059	0.000000	0.849059	0.491552 	0.003467
21.450000	0.842910	0.000000	0.842910	0.512466 	0.003479
21.500000	0.836756	0.000000	0.836756	0.533475 	0.003492
21.550000	0.830598	0.000000	0.830598	0.554573 	0.003505
21.600000	0.824440	0.000000	0.824440	0.575753 	0.003518
21.650000	0.818283	0.000000	0.818283	0.597007 	0.003531
21.700000	0.812128	0.000000	0.812128	0.618332 	0.003545
21.750000	0.805979	0.000000	0.805979	0.639722 	0.003558
21.800000	0.799835	0.000000	0.799835	0.661172 	0.003572
21.850000	0.793699	0.000000	0.793699	0.682679 	0.003586
21.900000	0.787571	0.000000	0.787571	0.704239 	0.003599
21.950000	0.781453	0.000000	0.781453	0.725849 	0.003614
22.000000	0.775346	0.000000	0.775346	0.747505 	0.003628
22.050000	0.769251	0.000000	0.769251	0.769206 	0.003642
22.100000	0.763168	0.000000	0.763168	0.790948 	0.003657
22.150000	0.757098	0.000000	0.757098	0.812729 	0.003671
22.200000	0.751042	0.000000	0.751042	0.834548 	0.003686
22.250000	0.745001	0.000000	0.745001	0.856402 	0.003701
22.300000	0.738975	0.000000	0.738975	0.878289 	0.003716
22.350000	0.732964	0.000000	0.732964	0.900209 	0.003731
22.400000	0.726970	0.000000	0.726970	0.922159 	0.003747
22.450000	0.720993	0.000000	0.720993	0.944138 	0.003762
22.500000	0.715033	0.000000	0.715033	0.966145 	0.003778
22.550000	0.709090	0.000000	0.709090	0.988180 	0.003793
22.600000	0.703165	0.000000	0.703165	1.010240 	0.003809
22.650000	0.697259	0.000000	0.697259	1.032325 	0.003826
22.700000	0.691371	0.000000	0.691371	1.054433 	0.003842
22.750000	0.685502	0.000000	0.685502	1.076565 	0.003858
22.800000	0.679652	0.000000	0.679652	1.098720 	0.003875
22.850000	0.673822	0.000000	0.673822	1.120896 	0.003891
22.900000	0.668011	0.000000	0.668011	1.143093 	0.003908
22.950000	0.662220	0.000000	0.662220	1.165311 	0.003925
23.000000	0.656449	0.000000	0.656449	1.187549 	0.003943
23.050000	0.650698	0.000000	0.650698	1.209807 	0.003960
23.100000	0.644968	0.000000	0.644968	1.232083 	0.003978
23.150000	0.639259	0.000000	0.639259	1.254378 	0.003995
23.200000	0.633570	0.000000	0.633570	1.276691 	0.004013
23.250000	0.627902	0.000000	0.627902	1.299023 	0.004031
23.300000	0.622255	0.000000	0.622255	1.321372 	0.004050
23.350000	0.616629	0.000000	0.616629	1.343738 	0.004068
23.400000	0.611025	0.000000	0.611025	1.366122 	0.004087
23.450000	0.605442	0.000000	0.605442	1.388523 	0.004105
23.500000	0.599880	0.000000	0.599880	1.410940 	0.004124
23.550000	0.594340	0.000000	0.594340	1.433374 	0.004144
23.600000	0.588822	0.000000	0.588822	1.455825 	0.004163
23.650000	0.583326	0.000000	0.583326	1.478293 	0.004182
23.700000	0.577851	0.000000	0.577851	1.500776 	0.004202
23.750000	0.572398	0.000000	0.572398	1.523277 	0.004222
23.800000	0.566967	0.000000	0.566967	1.545794 	0.004242
23.850000	0.561558	0.000000	0.561558	1.568328 	0.004263
23.900000	0.556171	0.000000	0.556171	1.590878 	0.004283
23.950000	0.550805	0.000000	0.550805	1.613445 	0.004304
24.000000	0.545462	0.000000	0.545462	1.636030 	0.004325
24.050000	0.540141	0.000000	0.540141	1.658632 	0.004346
24.100000	0.534842	0.000000	0.534842	1.681252 	0.004368
24.150000	0.529564	0.000000	0.529564	1.703890 	0.004390
24.200000	0.524309	0.000000	0.524309	1.726547 	0.004412
24.250000	0.519075	0.000000	0.519075	1.749224 	0.004434
24.300000	0.513863	0.000000	0.513863	1.771921 	0.004456
24.350000	0.508672	0.000000	0.508672	1.794639 	0.004479
24.400000	0.503503	0.000000	0.503503	1.817380 	0.004502
24.450000	0.498354	0.000000	0.498354	1.840144 	0.004525
24.500000	0.493226	0.000000	0.493226	1.862934 	0.004548
24.550000	0.488119	0.000000	0.488119	1.885753 	0.004572
24.600000	0.483031	0.000000	0.483031	1.908603 	0.004596
24.650000	0.477962	0.000000	0.477962	1.931489 	0.004621
24.700000	0.472910	0.000000	0.472910	1.954416 	0.004645
24.750000	0.467874	0.000000	0.467874	1.977395 	0.004670
24.800000	0.462851	0.000000	0.462851	2.000439 	0.004695
24.850000	0.457835	0.000000	0.457835	2.023576 	0.004721
24.900000	0.452814	0.000000	0.452814	2.046862 	0.004747
24.950000	0.447749	0.000000	0.447749	2.070474 	0.004774
25.000000	0.441866	0.000000	0.441866	2.098089 	0.004806
25.050000	0.437172	0.000000	0.437172	2.120246 	0.004831
25.100000	0.432455	0.000000	0.432455	2.142633 	0.004858
25.150000	0.427743	0.000000	0.427743	2.165117 	0.004884
25.200000	0.423046	0.000000	0.423046	2.187654 	0.004911
25.250000	0.418368	0.000000	0.418368	2.210223 	0.004939
25.300000	0.413712	0.000000	0.413712	2.232812 	0.004966
25.350000	0.409079	0.000000	0.409079	2.255414 	0.004994
25.400000	0.404471	0.000000	0.404471	2.278025 	0.005023
25.450000	0.399887	0.000000	0.399887	2.300640 	0.005051
25.500000	0.395330	0.000000	0.395330	2.323258 	0.005081
25.550000	0.390798	0.000000	0.390798	2.345876 	0.005110
25.600000	0.386293	0.000000	0.386293	2.368492 	0.005140
25.650000	0.381814	0.000000	0.381814	2.391106 	0.005170
25.700000	0.377362	0.000000	0.377362	2.413716 	0.005200
25.750000	0.372936	0.000000	0.372936	2.436321 	0.005231
25.800000	0.368538	0.000000	0.368538	2.458920 	0.005262
25.850000	0.364167	0.000000	0.364167	2.481514 	0.005293
25.900000	0.359824	0.000000	0.359824	2.504100 	0.005325
25.950000	0.355507	0.000000	0.355507	2.526679 	0.005358
26.000000	0.351219	0.000000	0.351219	2.549250 	0.005390
26.050000	0.346957	0.000000	0.346957	2.571813 	0.005423
26.100000	0.342723	0.000000	0.342723	2.594366 	0.005457
26.150000	0.338517	0.000000	0.338517	2.616910 	0.005490
26.200000	0.334338	0.000000	0.334338	2.639443 	0.005525
26.250000	0.330188	0.000000	0.330188	2.661966 	0.005559
26.300000	0.326064	0.000000	0.326064	2.684479 	0.005594
26.350000	0.321969	0.000000	0.321969	2.706979 	0.005630
26.400000	0.317901	0.000000	0.317901	2.729468 	0.005666
26.450000	0.313861	0.000000	0.313861	2.751944 	0.005702
26.500000	0.309850	0.000000	0.309850	2.774408 	0.005739
26.550000	0.305865	0.000000	0.305865	2.796858 	0.005776
26.600000	0.301909	0.000000	0.301909	2.819294 	0.005814
26.650000	0.297981	0.000000	0.297981	2.841716 	0.005852
26.700000	0.294081	0.000000	0.294081	2.864123 	0.005891
26.750000	0.290209	0.000000	0.290209	2.886515 	0.005930
26.800000	0.286364	0.000000	0.286364	2.908892 	0.005969
26.850000	0.282548	0.000000	0.282548	2.931252 	0.006010
26.900000	0.278760	0.000000	0.278760	2.953595 	0.006050
26.950000	0.275000	0.000000	0.275000	2.975920 	0.006091
27.000000	0.271268	0.000000	0.271268	2.998228 	0.006133
27.050000	0.267564	0.000000	0.267564	3.020518 	0.006176
27.100000	0.263888	0.000000	0.263888	3.042788 	0.006218
27.150000	0.260240	0.000000	0.260240	3.065038 	0.006262
27.200000	0.256620	0.000000	0.256620	3.087269 	0.006306
27.250000	0.253029	0.000000	0.253029	3.109478 	0.006350
27.300000	0.249466	0.000000	0.249466	3.131666 	0.006396
27.350000	0.245931	0.000000	0.245931	3.153831 	0.006441
27.400000	0.242424	0.000000	0.242424	3.175974 	0.006488
27.450000	0.238945	0.000000	0.238945	3.198093 	0.006535
27.500000	0.235495	0.000000	0.235495	3.220188 	0.006583
27.550000	0.232072	0.000000	0.232072	3.242258 	0.006631
27.600000	0.228678	0.000000	0.228678	3.264301 	0.006680
27.650000	0.225313	0.000000	0.225313	3.286319 	0.006730
27.700000	0.221975	0.000000	0.221975	3.308308 	0.006780
27.750000	0.218666	0.000000	0.218666	3.330270 	0.006831
27.800000	0.215385	0.000000	0.215385	3.352202 	0.006883
27.850000	0.212132	0.000000	0.212132	3.374104 	0.006936
27.900000	0.208907	0.000000	0.208907	3.395976 	0.006989
27.950000	0.205711	0.000000	0.205711	3.417815 	0.007043
28.000000	0.202543	0.000000	0.202543	3.439622 	0.007098
28.050000	0.199403	0.000000	0.199403	3.461395 	0.007154
28.100000	0.196292	0.000000	0.196292	3.483133 	0.007210
28.150000	0.193209	0.000000	0.193209	3.504834 	0.007267
28.200000	0.190154	0.000000	0.190154	3.526499 	0.007325
28.250000	0.187127	0.000000	0.187127	3.548126 	0.007384
28.300000	0.184129	0.000000	0.184129	3.569713 	0.007444
28.350000	0.181158	0.000000	0.181158	3.591259 	0.007505
28.400000	0.178217	0.000000	0.178217	3.612763 	0.007567
28.450000	0.175303	0.000000	0.175303	3.634224 	0.007629
28.500000	0.172417	0.000000	0.172417	3.655640 	0.007693
28.550000	0.169560	0.000000	0.169560	3.677010 	0.007758
28.600000	0.166731	0.000000	0.166731	3.698332 	0.007823
28.650000	0.163930	0.000000	0.163930	3.719605 	0.007890
28.700000	0.161157	0.000000	0.161157	3.740827 	0.007957
28.750000	0.158413	0.000000	0.158413	3.761997 	0.008026
28.800000	0.155696	0.000000	0.155696	3.783112 	0.008096
28.850000	0.153008	0.000000	0.153008	3.804171 	0.008166
28.900000	0.150348	0.000000	0.150348	3.825171 	0.008238
28.950000	0.147716	0.000000	0.147716	3.846112 	0.008311
29.000000	0.145112	0.000000	0.145112	3.866990 	0.008386
29.050000	0.142536	0.000000	0.142536	3.887804 	0.008461
29.100000	0.139987	0.000000	0.139987	3.908550 	0.008538
29.150000	0.137467	0.000000	0.137467	3.929227 	0.008616
29.200000	0.134974	0.000000	0.134974	3.949831 	0.008695
29.250000	0.132510	0.000000	0.132510	3.970361 	0.008775
29.300000	0.130073	0.000000	0.130073	3.990812 	0.008857
29.350000	0.127663	0.000000	0.127663	4.011182 	0.008940
29.400000	0.125281	0.000000	0.125281	4.031467 	0.009025
29.450000	0.122926	0.000000	0.122926	4.051663 	0.009111
29.500000	0.120599	0.000000	0.120599	4.071766 	0.009198
29.550000	0.118298	0.000000	0.118298	4.091772 	0.009287
29.600000	0.116024	0.000000	0.116024	4.111675 	0.009378
29.650000	0.113777	0.000000	0.113777	4.131471 	0.009470
29.700000	0.111555	0.000000	0.111555	4.151153 	0.009564
29.750000	0.109360	0.000000	0.109360	4.170716 	0.009660
29.800000	0.107191	0.000000	0.107191	4.190152 	0.009757
29.850000	0.105046	0.000000	0.105046	4.209453 	0.009856
29.900000	0.102926	0.000000	0.102926	4.228612 	0.009957
29.950000	0.100831	0.000000	0.100831	4.247620 	0.010060
30.000000	0.098759	0.000000	0.098759	4.266466 	0.010165
30.050000	0.096710	0.000000	0.096710	4.285139 	0.010272
30.100000	0.094684	0.000000	0.094684	4.303629 	0.010381
30.150000	0.092679	0.000000	0.092679	4.321921 	0.010493
30.200000	0.090696	0.000000	0.090696	4.340003 	0.010607
30.250000	0.088733	0.000000	0.088733	4.357859 	0.010724
30.300000	0.086789	0.000000	0.086789	4.375472 	0.010843
30.350000	0.084863	0.000000	0.084863	4.392827 	0.010965
30.400000	0.082956	0.000000	0.082956	4.409904 	0.011091
30.450000	0.081064	0.000000	0.081064	4.426683 	0.011219
30.500000	0.079189	0.000000	0.079189	4.443143 	0.011352
30.550000	0.077328	0.000000	0.077328	4.459263 	0.011487
30.600000	0.075482	0.000000	0.075482	4.475019 	0.011627
30.650000	0.073648	0.000000	0.073648	4.490386 	0.011771
30.700000	0.071826	0.000000	0.071826	4.505338 	0.011919
30.750000	0.070016	0.000000	0.070016	4.519850 	0.012072
30.800000	0.068216	0.000000	0.068216	4.533892 	0.012230
30.850000	0.066426	0.000000	0.066426	4.547437 	0.012394
30.900000	0.064646	0.000000	0.064646	4.560455 	0.012564
30.950000	0.062875	0.000000	0.062875	4.572915 	0.012739
31.000000	0.061112	0.000000	0.061112	4.584788 	0.012922
31.050000	0.059358	0.000000	0.059358	4.596041 	0.013111
31.100000	0.057613	0.000000	0.057613	4.606644 	0.013308
31.150000	0.055877	0.000000	0.055877	4.616563 	0.013514
31.200000	0.054150	0.000000	0.054150	4.625767 	0.013727
31.250000	0.052433	0.000000	0.052433	4.634223 	0.013950
31.300000	0.050727	0.000000	0.050727	4.641899 	0.014183
31.350000	0.049032	0.000000	0.049032	4.648763 	0.014426
31.400000	0.047351	0.000000	0.047351	4.654783 	0.014680
31.450000	0.045683	0.000000	0.045683	4.659926 	0.014945
31.500000	0.044032	0.000000	0.044032	4.664160 	0.015223
31.550000	0.042397	0.000000	0.042397	4.667454 	0.015514
31.600000	0.040782	0.000000	0.040782	4.669775 	0.015818
31.650000	0.039187	0.000000	0.039187	4.671093 	0.016137
31.700000	0.037616	0.000000	0.037616	4.671374 	0.016470
31.750000	0.036068	0.000000	0.036068	4.670587 	0.016820
31.800000	0.034548	0.000000	0.034548	4.668698 	0.017186
31.850000	0.033056	0.000000	0.033056	4.665675 	0.017570
31.900000	0.031594	0.000000	0.031594	4.661481 	0.017972
31.950000	0.030164	0.000000	0.030164	4.656081 	0.018393
32.000000	0.028768	0.000000	0.028768	4.649437 	0.018834
32.050000	0.027407	0.000000	0.027407	4.641508 	0.019296
32.100000	0.026083	0.000000	0.026083	4.632252 	0.019779
32.150000	0.024796	0.000000	0.024796	4.621622 	0.020286
32.200000	0.023548	0.000000	0.023548	4.609568 	0.020817
32.250000	0.022340	0.000000	0.022340	4.596036 	0.021372
32.300000	0.021172	0.000000	0.021172	4.580965 	0.021954
32.350000	0.020045	0.000000	0.020045	4.564291 	0.022562
32.400000	0.018959	0.000000	0.018959	4.545941 	0.023200
32.450000	0.017914	0.000000	0.017914	4.525835 	0.023867
32.500000	0.016909	0.000000	0.016909	4.503884 	0.024565
32.550000	0.015945	0.000000	0.015945	4.479989 	0.025297
32.600000	0.015022	0.000000	0.015022	4.454041 	0.026063
32.650000	0.014137	0.000000	0.014137	4.425916 	0.026866
32.700000	0.013292	0.000000	0.013292	4.395477 	0.027708
32.750000	0.012484	0.000000	0.012484	4.362569 	0.028590
32.800000	0.011712	0.000000	0.011712	4.327016 	0.029517
32.850000	0.010977	0.000000	0.010977	4.288621 	0.030490
32.900000	0.010276	0.000000	0.010276	4.247157 	0.031513
32.950000	0.009608	0.000000	0.009608	4.202365 	0.032589
33.000000	0.008972	0.000000	0.008972	4.153946 	0.033725
33.050000	0.008367	0.000000	0.008367	4.101552 	0.034923
33.100000	0.007791	0.000000	0.007791	4.044773 	0.036191
33.150000	0.007243	0.000000	0.007243	3.983123 	0.037534
33.200000	0.006722	0.000000	0.006722	3.916012 	0.038961
33.250000	0.006227	0.000000	0.006227	3.842731 	0.040481
33.300000	0.005756	0.000000	0.005756	3.762424 	0.042106
33.350000	0.005306	0.000000	0.005306	3.673989 	0.043854
33.400000	0.004879	0.000000	0.004879	3.575714 	0.045732
33.450000	0.004483	0.000000	0.004483	3.465506 	0.047707
33.500000	0.004106	0.000000	0.004106	3.342757 	0.049852
33.550000	0.003692	0.000000	0.003692	3.205981 	0.052570
33.600000	0.003270	0.000000	0.003270	3.033122 	0.055865
33.650000	0.003195	0.000000	0.003195	2.771730 	0.056517
33.700000	0.003670	0.000000	0.003670	2.576700 	0.052727
33.750000	0.001438	0.000000	0.001438	0.469665 	0.084244
33.800000	0.000000	0.000000	0.000000	0.000000 	0.000000
33.850000	0.000000	0.000000	0.000000	0.000000 	0.000000
33.900000	0.000000	0.000000	0.000000	0.000000 	0.000000
33.950000	0.000000	0.000000	0.000000	0.000000 	0.000000
34.000000	0.000000	0.000000	0.000000	0.000000 	0.000000
34.050000	0.000000	0.000000	0.000000	0.000000 	0.000000
34.100000	0.000000	0.000000	0.000000	0.000000 	0.000000
34.150000	0.000000	0.000000	0.000000	0.000000 	0.000000
34.200000	0.000000	0.000000	0.000000	0.000000 	0.000000
34.250000	0.000000	0.000000	0.000000	0.000000 	0.000000
34.300000	0.000000	0.000000	0.000000	0.000000 	0.000000
34.350000	0.000000	0.000000	0.000000	0.000000 	0.000000
34.400000	0.000000	0.000000	0.000000	0.000000 	0.000000
34.450000	0.000000	0.000000	0.000000	0.000000 	0.000000
34.500000	0.000000	0.000000	0.000000	0.000000 	0.000000
34.550000	0.000000	0.000000	0.000000	0.000000 	0.000000
34.600000	0.000000	0.000000	0.000000	0.000000 	0.000000
34.650000	0.000000	0.000000	0.000000	0.000000 	0.000000
34.700000	0.000000	0.000000	0.000000	0.000000 	0.000000
34.750000	0.000000	0.000000	0.000000	0.000000 	0.000000
34.800000	0.000000	0.000000	0.000000	0.000000 	0.000000
34.850000	0.000000	0.000000	0.000000	0.000000 	0.000000
34.900000	0.000000	0.000000	0.000000	0.000000 	0.000000
34.950000	0.000000	0.000000	0.000000	0.000000 	0.000000
35.000000	0.000000	0.000000	0.000000	0.000000 	0.000000
35.050000	0.000000	0.000000	0.000000	0.000000 	0.000000
35.100000	0.000000	0.000000	0.000000	0.000000 	0.000000
35.150000	0.000000	0.000000	0.000000	0.000000 	0.000000
35.200000	0.000000	0.000000	0.000000	0.000000 	0.000000
35.250000	0.000000	0.000000	0.000000	0.000000 	0.000000
35.300000	0.000000	0.000000	0.000000	0.000000 	0.000000
35.350000	0.000000	0.000000	0.000000	0.000000 	0.000000
35.400000	0.000000	0.000000	0.000000	0.000000 	0.000000
35.450000	0.000000	0.000000	0.000000	0.000000 	0.000000
35.500000	0.000000	0.000000	0.000000	0.000000 	0.000000
35.550000	0.000000	0.000000	0.000000	0.000000 	0.000000
35.600000	0.000000	0.000000	0.000000	0.000000 	0.000000
35.650000	0.000000	0.000000	0.000000	0.000000 	0.000000
35.700000	0.000000	0.000000	0.000000	0.000000 	0.000000
35.750000	0.000000	0.000000	0.000000	0.000000 	0.000000
35.800000	0.000000	0.000000	0.000000	0.000000 	0.000000
35.850000	0.000000	0.000000	0.000000	0.000000 	0.000000
35.900000	0.000000	0.000000	0.000000	0.000000 	0.000000
35.950000	0.000000	0.000000	0.000000	0.000000 	0.000000
36.000000	0.000000	0.000000	0.000000	0.000000 	0.000000
36.050000	0.000000	0.000000	0.000000	0.000000 	0.000000
36.100000	0.000000	0.000000	0.000000	0.000000 	0.000000
36.150000	0.000000	0.000000	0.000000	0.000000 	0.000000
36.200000	0.000000	0.000000	0.000000	0.000000 	0.000000
36.250000	0.000000	0.000000	0.000000	0.000000 	0.000000
36.300000	0.000000	0.000000	0.000000	0.000000 	0.000000
36.350000	0.000000	0.000000	0.000000	0.000000 	0.000000
36.400000	0.000000	0.000000	0.000000	0.000000 	0.000000
36.450000	0.000000	0.000000	0.000000	0.000000 	0.000000
36.500000	0.000000	0.000000	0.000000	0.000000 	0.000000
36.550000	0.000000	0.000000	0.000000	0.000000 	0.000000
36.600000	0.000000	0.000000	0.000000	0.000000 	0.000000
36.650000	0.000000	0.000000	0.000000	0.000000 	0.000000
36.700000	0.000000	0.000000	0.000000	0.000000 	0.000000
36.750000	0.000000	0.000000	0.000000	0.000000 	0.000000
36.800000	0.000000	0.000000	0.000000	0.000000 	0.000000
36.850000	0.000000	0.000000	0.000000	0.000000 	0.000000
36.900000	0.000000	0.000000	0.000000	0.000000 	0.000000
36.950000	0.000000	0.000000	0.000000	0.000000 	0.000000
37.000000	0.000000	0.000000	0.000000	0.000000 	0.000000
37.050000	0.000000	0.000000	0.000000	0.000000 	0.000000
37.100000	0.000000	0.000000	0.000000	0.000000 	0.000000
37.150000	0.000000	0.000000	0.000000	0.000000 	0.000000
37.200000	0.000000	0.000000	0.000000	0.000000 	0.000000
37.250000	0.000000	0.000000	0.000000	0.000000 	0.000000
37.300000	0.000000	0.000000	0.000000	0.000000 	0.000000
37.350000	0.000000	0.000000	0.000000	0.000000 	0.000000
37.400000	0.000000	0.000000	0.000000	0.000000 	0.000000
37.450000	0.000000	0.000000	0.000000	0.000000 	0.000000
37.500000	0.000000	0.000000	0.000000	0.000000 	0.000000
37.550000	0.000000	0.000000	0.000000	0.000000 	0.000000
37.600000	0.000000	0.000000	0.000000	0.000000 	0.000000
37.650000	0.000000	0.000000	0.000000	0.000000 	0.000000
37.700000	0.000000	0.000000	0.000000	0.000000 	0.000000
37.750000	0.000000	0.000000	0.000000	0.000000 	0.000000
37.800000	0.000000	0.000000	0.000000	0.000000 	0.000000
37.850000	0.000000	0.000000	0.000000	0.000000 	0.000000
37.900000	0.000000	0.000000	0.000000	0.000000 	0.000000
37.950000	0.000000	0.000000	0.000000	0.000000 	0.000000
38.000000	0.000000	0.000000	0.000000	0.000000 	0.000000
38.050000	0.000000	0.000000	0.000000	0.000000 	0.000000
38.100000	0.000000	0.000000	0.000000	0.000000 	0.000000
38.150000	0.000000	0.000000	0.000000	0.000000 	0.000000
38.200000	0.000000	0.000000	0.000000	0.000000 	0.000000
38.250000	0.000000	0.000000	0.000000	0.000000 	0.000000
38.300000	0.000000	0.000000	0.000000	0.000000 	0.000000
38.350000	0.000000	0.000000	0.000000	0.000000 	0.000000
38.400000	0.000000	0.000000	0.000000	0.000000 	0.000000
38.450000	0.000000	0.000000	0.000000	0.000000 	0.000000
38.500000	0.000000	0.000000	0.000000	0.000000 	0.000000
38.550000	0.000000	0.000000	0.000000	0.000000 	0.000000
38.600000	0.000000	0.000000	0.000000	0.000000 	0.000000
38.650000	0.000000	0.000000	0.000000	0.000000 	0.000000
38.700000	0.000000	0.000000	0.000000	0.000000 	0.000000
38.750000	0.000000	0.000000	0.000000	0.000000 	0.000000
38.800000	0.000000	0.000000	0.000000	0.000000 	0.000000
38.850000	0.000000	0.000000	0.000000	0.000000 	0.000000
38.900000	0.000000	0.000000	0.000000	0.000000 	0.000000
38.950000	0.000000	0.000000	0.000000	0.000000 	0.000000
39.000000	0.000000	0.000000	0.000000	0.000000 	0.000000
39.050000	0.000000	0.000000	0.000000	0.000000 	0.000000
39.100000	0.000000	0.000000	0.000000	0.000000 	0.000000
39.150000	0.000000	0.000000	0.000000	0.000000 	0.000000
39.200000	0.000000	0.000000	0.000000	0.000000 	0.000000
39.250000	0.000000	0.000000	0.000000	0.000000 	0.000000
39.300000	0.000000	0.000000	0.000000	0.000000 	0.000000
39.350000	0.000000	0.000000	0.000000	0.000000 	0.000000
39.400000	0.000000	0.000000	0.000000	0.000000 	0.000000
39.450000	0.000000	0.000000	0.000000	0.000000 	0.000000
39.500000	0.000000	0.000000	0.000000	0.000000 	0.000000
39.550000	0.000000	0.000000	0.000000	0.000000 	0.000000
39.600000	0.000000	0.000000	0.000000	0.000000 	0.000000
39.650000	0.000000	0.000000	0.000000	0.000000 	0.000000
39.700000	0.000000	0.000000	0.000000	0.000000 	0.000000
39.750000	0.000000	0.000000	0.000000	0.000000 	0.000000
39.800000	0.000000	0.000000	0.000000	0.000000 	0.000000
39.850000	0.000000	0.000000	0.000000	0.000000 	0.000000
39.900000	0.000000	0.000000	0.000000	0.000000 	0.000000
39.950000	0.000000	0.000000	0.000000	0.000000 	0.000000
40.000000	0.000000	0.000000	0.000000	0.000000 	0.000000
40.050000	0.000000	0.000000	0.000000	0.000000 	0.000000
40.100000	0.000000	0.000000	0.000000	0.000000 	0.000000
40.150000	0.000000	0.000000	0.000000	0.000000 	0.000000
40.200000	0.000000	0.000000	0.000000	0.000000 	0.000000
40.250000	0.000000	0.000000	0.000000	0.000000 	0.000000
40.300000	0.000000	0.000000	0.000000	0.000000 	0.000000
40.350000	0.000000	0.000000	0.000000	0.000000 	0.000000
40.400000	0.000000	0.000000	0.000000	0.000000 	0.000000
40.450000	0.000000	0.000000	0.000000	0.000000 	0.000000
40.500000	0.000000	0.000000	0.000000	0.000000 	0.000000
40.550000	0.000000	0.000000	0.000000	0.000000 	0.000000
40.600000	0.000000	0.000000	0.000000	0.000000 	0.000000
40.650000	0.000000	0.000000	0.000000	0.000000 	0.000000
40.700000	0.000000	0.000000	0.000000	0.000000 	0.000000
40.750000	0.000000	0.000000	0.000000	0.000000 	0.000000
40.800000	0.000000	0.000000	0.000000	0.000000 	0.000000
40.850000	0.000000	0.000000	0.000000	0.000000 	0.000000
40.900000	0.000000	0.000000	0.000000	0.000000 	0.000000
40.950000	0.000000	0.000000	0.000000	0.000000 	0.000000
41.000000	0.000000	0.000000	0.000000	0.000000 	0.000000
41.050000	0.000000	0.000000	0.000000	0.000000 	0.000000
41.100000	0.000000	0.000000	0.000000	0.000000 	0.000000
41.150000	0.000000	0.000000	0.000000	0.000000 	0.000000
41.200000	0.000000	0.000000	0.000000	0.000000 	0.000000
41.250000	0.000000	0.000000	0.000000	0.000000 	0.000000
41.300000	0.000000	0.000000	0.000000	0.000000 	0.000000
41.350000	0.000000	0.000000	0.000000	0.000000 	0.000000
41.400000	0.000000	0.000000	0.000000	0.000000 	0.000000
41.450000	0.000000	0.000000	0.000000	0.000000 	0.000000
41.500000	0.000000	0.000000	0.000000	0.000000 	0.000000
41.550000	0.000000	0.000000	0.000000	0.000000 	0.000000
41.600000	0.000000	0.000000	0.000000	0.000000 	0.000000
41.650000	0.000000	0.000000	0.000000	0.000000 	0.000000
41.700000	0.000000	0.000000	0.000000	0.000000 	0.000000
41.750000	0.000000	0.000000	0.000000	0.000000 	0.000000
41.800000	0.000000	0.000000	0.000000	0.000000 	0.000000
41.850000	0.000000	0.000000	0.000000	0.000000 	0.000000
41.900000	0.000000	0.000000	0.000000	0.000000 	0.000000
41.950000	0.000000	0.000000	0.000000	0.000000 	0.000000
42.000000	0.000000	0.000000	0.000000	0.000000 	0.000000
42.050000	0.000000	0.000000	0.000000	0.000000 	0.000000
42.100000	0.000000	0.000000	0.000000	0.000000 	0.000000
42.150000	0.000000	0.000000	0.000000	0.000000 	0.000000
42.200000	0.000000	0.000000	0.000000	0.000000 	0.000000
42.250000	0.000000	0.000000	0.000000	0.000000 	0.000000
42.300000	0.000000	0.000000	0.000000	0.000000 	0.000000
42.350000	0.000000	0.000000	0.000000	0.000000 	0.000000
42.400000	0.000000	0.000000	0.000000	0.000000 	0.000000
42.450000	0.000000	0.000000	0.000000	0.000000 	0.000000
42.500000	0.000000	0.000000	0.000000	0.000000 	0.000000
42.550000	0.000000	0.000000	0.000000	0.000000 	0.000000
42.600000	0.000000	0.000000	0.000000	0.000000 	0.000000
42.650000	0.000000	0.000000	0.000000	0.000000 	0.000000
42.700000	0.000000	0.000000	0.000000	0.000000 	0.000000
42.750000	0.000000	0.000000	0.000000	0.000000 	0.000000
42.800000	0.000000	0.000000	0.000000	0.000000 	0.000000
42.850000	0.000000	0.000000	0.000000	0.000000 	0.000000
42.900000	0.000000	0.000000	0.000000	0.000000 	0.000000
42.950000	0.000000	0.000000	0.000000	0.000000 	0.000000
43.000000	0.000000	0.000000	0.000000	0.000000 	0.000000
43.050000	0.000000	0.000000	0.000000	0.000000 	0.000000
43.100000	0.000000	0.000000	0.000000	0.000000 	0.000000
43.150000	0.000000	0.000000	0.000000	0.000000 	0.000000
43.200000	0.000000	0.000000	0.000000	0.000000 	0.000000
43.250000	0.000000	0.000000	0.000000	0.000000 	0.000000
43.300000	0.000000	0.000000	0.000000	0.000000 	0.000000
43.350000	0.000000	0.000000	0.000000	0.000000 	0.000000
43.400000	0.000000	0.000000	0.000000	0.000000 	0.000000
43.450000	0.000000	0.000000	0.000000	0.000000 	0.000000
43.500000	0.000000	0.000000	0.000000	0.000000 	0.000000
43.550000	0.000000	0.000000	0.000000	0.000000 	0.000000
43.600000	0.000000	0.000000	0.000000	0.000000 	0.000000
43.650000	0.000000	0.000000	0.000000	0.000000 	0.000000
43.700000	0.000000	0.000000	0.000000	0.000000 	0.000000
43.750000	0.000000	0.000000	0.000000	0.000000 	0.000000
43.800000	0.000000	0.000000	0.000000	0.000000 	0.000000
43.850000	0.000000	0.000000	0.000000	0.000000 	0.000000
43.900000	0.000000	0.000000	0.000000	0.000000 	0.000000
43.950000	0.000000	0.000000	0.000000	0.000000 	0.000000
44.000000	0.000000	0.000000	0.000000	0.000000 	0.000000
44.050000	0.000000	0.000000	0.000000	0.000000 	0.000000
44.100000	0.000000	0.000000	0.000000	0.000000 	0.000000
44.150000	0.000000	0.000000	0.000000	0.000000 	0.000000
44.200000	0.000000	0.000000	0.000000	0.000000 	0.000000
44.250000	0.000000	0.000000	0.000000	0.000000 	0.000000
44.300000	0.000000	0.000000	0.000000	0.000000 	0.000000
44.350000	0.000000	0.000000	0.000000	0.000000 	0.000000
44.400000	0.000000	0.000000	0.000000	0.000000 	0.000000
44.450000	0.000000	0.000000	0.000000	0.000000 	0.000000
44.500000	0.000000	0.000000	0.000000	0.000000 	0.000000
44.550000	0.000000	0.000000	0.000000	0.000000 	0.000000
44.600000	0.000000	0.000000	0.000000	0.000000 	0.000000
44.650000	0.000000	0.000000	0.000000	0.000000 	0.000000
44.700000	0.000000	0.000000	0.000000	0.000000 	0.000000
44.750000	0.000000	0.000000	0.000000	0.000000 	0.000000
44.800000	0.000000	0.000000	0.000000	0.000000 	0.000000
44.850000	0.000000	0.000000	0.000000	0.000000 	0.000000
44.900000	0.000000	0.000000	0.000000	0.000000 	0.000000
44.950000	0.000000	0.000000	0.000000	0.000000 	0.000000
45.000000	0.000000	0.000000	0.000000	0.000000 	0.000000
45.050000	0.000000	0.000000	0.000000	0.000000 	0.000000
45.100000	0.000000	0.000000	0.000000	0.000000 	0.000000
45.150000	0.000000	0.000000	0.000000	0.000000 	0.000000
45.200000	0.000000	0.000000	0.000000	0.000000 	0.000000
45.250000	0.000000	0.000000	0.000000	0.000000 	0.000000
45.300000	0.000000	0.000000	0.000000	0.000000 	0.000000
45.350000	0.000000	0.000000	0.000000	0.000000 	0.000000
45.400000	0.000000	0.000000	0.000000	0.000000 	0.000000
45.450000	0.000000	0.000000	0.000000	0.000000 	0.000000
45.500000	0.000000	0.000000	0.000000	0.000000 	0.000000
45.550000	0.000000	0.000000	0.000000	0.000000 	0.000000
45.600000	0.000000	0.000000	0.000000	0.000000 	0.000000
45.650000	0.000000	0.000000	0.000000	0.000000 	0.000000
45.700000	0.000000	0.000000	0.000000	0.000000 	0.000000
45.750000	0.000000	0.000000	0.000000	0.000000 	0.000000
45.800000	0.000000	0.000000	0.000000	0.000000 	0.000000
45.850000	0.000000	0.000000	0.000000	0.000000 	0.000000
45.900000	0.000000	0.000000	0.000000	0.000000 	0.000000
45.950000	0.000000	0.000000	0.000000	0.000000 	0.000000
46.000000	0.000000	0.000000	0.000000	0.000000 	0.000000
46.050000	0.000000	0.000000	0.000000	0.000000 	0.000000
46.100000	0.000000	0.000000	0.000000	0.000000 	0.000000
46.150000	0.000000	0.000000	0.000000	0.000000 	0.000000
46.200000	0.000000	0.000000	0.000000	0.000000 	0.000000
46.250000	0.000000	0.000000	0.000000	0.000000 	0.000000
46.300000	0.000000	0.000000	0.000000	0.000000 	0.000000
46.350000	0.000000	0.000000	0.000000	0.000000 	0.000000
46.400000	0.000000	0.000000	0.000000	0.000000 	0.000000
46.450000	0.000000	0.000000	0.000000	0.000000 	0.000000
46.500000	0.000000	0.000000	0.000000	0.000000 	0.000000
46.550000	0.000000	0.000000	0.000000	0.000000 	0.000000
46.600000	0.000000	0.000000	0.000000	0.000000 	0.000000
46.650000	0.000000	0.000000	0.000000	0.000000 	0.000000
46.700000	0.000000	0.000000	0.000000	0.000000 	0.000000
46.750000	0.000000	0.000000	0.000000	0.000000 	0.000000
46.800000	0.000000	0.000000	0.000000	0.000000 	0.000000
46.850000	0.000000	0.000000	0.000000	0.000000 	0.000000
46.900000	0.000000	0.000000	0.000000	0.000000 	0.000000
46.950000	0.000000	0.000000	0.000000	0.000000 	0.000000
47.000000	0.000000	0.000000	0.000000	0.000000 	0.000000
47.050000	0.000000	0.000000	0.000000	0.000000 	0.000000
47.100000	0.000000	0.000000	0.000000	0.000000 	0.000000
47.150000	0.000000	0.000000	0.000000	0.000000 	0.000000
47.200000	0.000000	0.000000	0.000000	0.000000 	0.000000
47.250000	0.000000	0.000000	0.000000	0.000000 	0.000000
47.300000	0.000000	0.000000	0.000000	0.000000 	0.000000
47.350000	0.000000	0.000000	0.000000	0.000000 	0.000000
47.400000	0.000000	0.000000	0.000000	0.000000 	0.000000
47.450000	0.000000	0.000000	0.000000	0.000000 	0.000000
47.500000	0.000000	0.000000	0.000000	0.000000 	0.000000
47.550000	0.000000	0.000000	0.000000	0.000000 	0.000000
47.600000	0.000000	0.000000	0.000000	0.000000 	0.000000
47.650000	0.000000	0.000000	0.000000	0.000000 	0.000000
47.700000	0.000000	0.000000	0.000000	0.000000 	0.000000
47.750000	0.000000	0.000000	0.000000	0.000000 	0.000000
47.800000	0.000000	0.000000	0.000000	0.000000 	0.000000
47.850000	0.000000	0.000000	0.000000	0.000000 	0.000000
47.900000	0.000000	0.000000	0.000000	0.000000 	0.000000
47.950000	0.000000	0.000000	0.000000	0.000000 	0.000000
48.000000	0.000000	0.000000	0.000000	0.000000 	0.000000
48.050000	0.000000	0.000000	0.000000	0.000000 	0.000000
48.100000	0.000000	0.000000	0.000000	0.000000 	0.000000
48.150000	0.000000	0.000000	0.000000	0.000000 	0.000000
48.200000	0.000000	0.000000	0.000000	0.000000 	0.000000
48.250000	0.000000	0.000000	0.000000	0.000000 	0.000000
48.300000	0.000000	0.000000	0.000000	0.000000 	0.000000
48.350000	0.000000	0.000000	0.000000	0.000000 	0.000000
48.400000	0.000000	0.000000	0.000000	0.000000 	0.000000
48.450000	0.000000	0.000000	0.000000	0.000000 	0.000000
48.500000	0.000000	0.000000	0.000000	0.000000 	0.000000
48.550000	0.000000	0.000000	0.000000	0.000000 	0.000000
48.600000	0.000000	0.000000	0.000000	0.000000 	0.000000
48.650000	0.000000	0.000000	0.000000	0.000000 	0.000000
48.700000	0.000000	0.000000	0.000000	0.000000 	0.000000
48.750000	0.000000	0.000000	0.000000	0.000000 	0.000000
48.800000	0.000000	0.000000	0.000000	0.000000 	0.000000
48.850000	0.000000	0.000000	0.000000	0.000000 	0.000000
48.900000	0.000000	0.000000	0.000000	0.000000 	0.000000
48.950000	0.000000	0.000000	0.000000	0.000000 	0.000000
49.000000	0.000000	0.000000	0.000000	0.000000 	0.000000
49.050000	0.000000	0.000000	0.000000	0.000000 	0.000000
49.100000	0.000000	0.000000	0.000000	0.000000 	0.000000
49.150000	0.000000	0.000000	0.000000	0.000000 	0.000000
49.200000	0.000000	0.000000	0.000000	0.000000 	0.000000
49.250000	0.000000	0.000000	0.000000	0.000000 	0.000000
49.300000	0.000000	0.000000	0.000000	0.000000 	0.000000
49.350000	0.000000	0.000000	0.000000	0.000000 	0.000000
49.400000	0.000000	0.000000	0.000000	0.000000 	0.000000
49.450000	0.000000	0.000000	0.000000	0.000000 	0.000000
49.500000	0.000000	0.000000	0.000000	0.000000 	0.000000
49.550000	0.000000	0.000000	0.000000	0.000000 	0.000000
49.600000	0.000000	0.000000	0.000000	0.000000 	0.000000
49.650000	0.000000	0.000000	0.000000	0.000000 	0.000000
49.700000	0.000000	0.000000	0.000000	0.000000 	0.000000
49.750000	0.000000	0.000000	0.000000	0.000000 	0.000000
49.800000	0.000000	0.000000	0.000000	0.000000 	0.000000
49.850000	0.000000	0.000000	0.000000	0.000000 	0.000000
49.900000	0.000000	0.000000	0.000000	0.000000 	0.000000
49.950000	0.000000	0.000000	0.000000	0.000000 	0.000000
