VARIABLES = X,Ksi,B,H,U,tau,Delta 
ZONE T="Time 40.000000", I=1001, DATAPACKING=POINT
0.000000	0.100003	0.000000	0.100003	0.000000	0.000505	0.003360
0.001000	0.100003	0.000000	0.100003	-0.000000	0.000505	0.003360
0.002000	0.100003	0.000000	0.100003	-0.000000	0.000505	0.003360
0.003000	0.100003	0.000000	0.100003	-0.000000	0.000505	0.003360
0.004000	0.100003	0.000000	0.100003	-0.000000	0.000505	0.003359
0.005000	0.100003	0.000000	0.100003	-0.000000	0.000505	0.003359
0.006000	0.100003	0.000000	0.100003	-0.000000	0.000505	0.003359
0.007000	0.100003	0.000000	0.100003	-0.000000	0.000505	0.003359
0.008000	0.100003	0.000000	0.100003	-0.000000	0.000505	0.003358
0.009000	0.100003	0.000000	0.100003	-0.000000	0.000505	0.003358
0.010000	0.100003	0.000000	0.100003	-0.000000	0.000505	0.003357
0.011000	0.100003	0.000000	0.100003	-0.000000	0.000505	0.003357
0.012000	0.100003	0.000000	0.100003	-0.000000	0.000505	0.003356
0.013000	0.100003	0.000000	0.100003	-0.000000	0.000505	0.003356
0.014000	0.100003	0.000000	0.100003	-0.000000	0.000505	0.003355
0.015000	0.100003	0.000000	0.100003	-0.000000	0.000505	0.003354
0.016000	0.100003	0.000000	0.100003	-0.000001	0.000505	0.003353
0.017000	0.100003	0.000000	0.100003	-0.000001	0.000505	0.003353
0.018000	0.100003	0.000000	0.100003	-0.000001	0.000505	0.003352
0.019000	0.100003	0.000000	0.100003	-0.000001	0.000505	0.003351
0.020000	0.100003	0.000000	0.100003	-0.000001	0.000505	0.003350
0.021000	0.100003	0.000000	0.100003	-0.000001	0.000505	0.003349
0.022000	0.100003	0.000000	0.100003	-0.000001	0.000505	0.003348
0.023000	0.100003	0.000000	0.100003	-0.000001	0.000505	0.003347
0.024000	0.100003	0.000000	0.100003	-0.000001	0.000505	0.003346
0.025000	0.100003	0.000000	0.100003	-0.000001	0.000505	0.003344
0.026000	0.100003	0.000000	0.100003	-0.000001	0.000505	0.003343
0.027000	0.100003	0.000000	0.100003	-0.000001	0.000505	0.003341
0.028000	0.100003	0.000000	0.100003	-0.000001	0.000505	0.003339
0.029000	0.100003	0.000000	0.100003	-0.000001	0.000505	0.003337
0.030000	0.100003	0.000000	0.100003	-0.000001	0.000505	0.003335
0.031000	0.100003	0.000000	0.100003	-0.000001	0.000505	0.003332
0.032000	0.100003	0.000000	0.100003	-0.000001	0.000505	0.003330
0.033000	0.100003	0.000000	0.100003	-0.000001	0.000505	0.003327
0.034000	0.100003	0.000000	0.100003	-0.000001	0.000505	0.003325
0.035000	0.100003	0.000000	0.100003	-0.000001	0.000505	0.003322
0.036000	0.100003	0.000000	0.100003	-0.000001	0.000505	0.003319
0.037000	0.100003	0.000000	0.100003	-0.000001	0.000505	0.003316
0.038000	0.100003	0.000000	0.100003	-0.000001	0.000505	0.003313
0.039000	0.100003	0.000000	0.100003	-0.000001	0.000505	0.003310
0.040000	0.100003	0.000000	0.100003	-0.000001	0.000505	0.003307
0.041000	0.100003	0.000000	0.100003	-0.000001	0.000505	0.003304
0.042000	0.100003	0.000000	0.100003	-0.000001	0.000505	0.003300
0.043000	0.100003	0.000000	0.100003	-0.000001	0.000505	0.003297
0.044000	0.100003	0.000000	0.100003	-0.000002	0.000505	0.003293
0.045000	0.100003	0.000000	0.100003	-0.000002	0.000505	0.003289
0.046000	0.100003	0.000000	0.100003	-0.000002	0.000505	0.003286
0.047000	0.100003	0.000000	0.100003	-0.000002	0.000505	0.003281
0.048000	0.100003	0.000000	0.100003	-0.000002	0.000505	0.003277
0.049000	0.100003	0.000000	0.100003	-0.000002	0.000505	0.003272
0.050000	0.100003	0.000000	0.100003	-0.000002	0.000505	0.003267
0.051000	0.100003	0.000000	0.100003	-0.000002	0.000505	0.003262
0.052000	0.100003	0.000000	0.100003	-0.000002	0.000505	0.003257
0.053000	0.100003	0.000000	0.100003	-0.000002	0.000505	0.003251
0.054000	0.100003	0.000000	0.100003	-0.000002	0.000505	0.003245
0.055000	0.100003	0.000000	0.100003	-0.000002	0.000505	0.003239
0.056000	0.100003	0.000000	0.100003	-0.000002	0.000505	0.003233
0.057000	0.100003	0.000000	0.100003	-0.000002	0.000505	0.003227
0.058000	0.100003	0.000000	0.100003	-0.000002	0.000505	0.003221
0.059000	0.100003	0.000000	0.100003	-0.000002	0.000505	0.003215
0.060000	0.100003	0.000000	0.100003	-0.000002	0.000505	0.003209
0.061000	0.100003	0.000000	0.100003	-0.000002	0.000505	0.003203
0.062000	0.100003	0.000000	0.100003	-0.000002	0.000505	0.003196
0.063000	0.100003	0.000000	0.100003	-0.000002	0.000505	0.003190
0.064000	0.100003	0.000000	0.100003	-0.000002	0.000505	0.003184
0.065000	0.100003	0.000000	0.100003	-0.000002	0.000505	0.003178
0.066000	0.100003	0.000000	0.100003	-0.000002	0.000505	0.003171
0.067000	0.100003	0.000000	0.100003	-0.000002	0.000505	0.003164
0.068000	0.100003	0.000000	0.100003	-0.000003	0.000505	0.003157
0.069000	0.100003	0.000000	0.100003	-0.000003	0.000505	0.003150
0.070000	0.100003	0.000000	0.100003	-0.000003	0.000505	0.003143
0.071000	0.100003	0.000000	0.100003	-0.000003	0.000505	0.003135
0.072000	0.100003	0.000000	0.100003	-0.000003	0.000505	0.003128
0.073000	0.100003	0.000000	0.100003	-0.000003	0.000505	0.003119
0.074000	0.100003	0.000000	0.100003	-0.000003	0.000505	0.003111
0.075000	0.100003	0.000000	0.100003	-0.000003	0.000505	0.003103
0.076000	0.100003	0.000000	0.100003	-0.000003	0.000505	0.003094
0.077000	0.100003	0.000000	0.100003	-0.000003	0.000505	0.003085
0.078000	0.100003	0.000000	0.100003	-0.000003	0.000505	0.003077
0.079000	0.100003	0.000000	0.100003	-0.000003	0.000505	0.003068
0.080000	0.100003	0.000000	0.100003	-0.000003	0.000505	0.003060
0.081000	0.100003	0.000000	0.100003	-0.000003	0.000505	0.003051
0.082000	0.100003	0.000000	0.100003	-0.000003	0.000505	0.003043
0.083000	0.100003	0.000000	0.100003	-0.000003	0.000505	0.003035
0.084000	0.100003	0.000000	0.100003	-0.000003	0.000505	0.003027
0.085000	0.100003	0.000000	0.100003	-0.000003	0.000505	0.003019
0.086000	0.100003	0.000000	0.100003	-0.000003	0.000505	0.003011
0.087000	0.100003	0.000000	0.100003	-0.000003	0.000505	0.003004
0.088000	0.100003	0.000000	0.100003	-0.000003	0.000505	0.002996
0.089000	0.100003	0.000000	0.100003	-0.000003	0.000505	0.002988
0.090000	0.100003	0.000000	0.100003	-0.000003	0.000505	0.002980
0.091000	0.100003	0.000000	0.100003	-0.000003	0.000505	0.002972
0.092000	0.100003	0.000000	0.100003	-0.000003	0.000505	0.002964
0.093000	0.100003	0.000000	0.100003	-0.000004	0.000505	0.002955
0.094000	0.100003	0.000000	0.100003	-0.000004	0.000505	0.002946
0.095000	0.100003	0.000000	0.100003	-0.000004	0.000505	0.002937
0.096000	0.100003	0.000000	0.100003	-0.000004	0.000505	0.002928
0.097000	0.100003	0.000000	0.100003	-0.000004	0.000505	0.002918
0.098000	0.100003	0.000000	0.100003	-0.000004	0.000505	0.002909
0.099000	0.100003	0.000000	0.100003	-0.000004	0.000505	0.002900
0.100000	0.100003	0.000000	0.100003	-0.000004	0.000505	0.002891
0.101000	0.100003	0.000000	0.100003	-0.000004	0.000505	0.002882
0.102000	0.100003	0.000000	0.100003	-0.000004	0.000505	0.002874
0.103000	0.100003	0.000000	0.100003	-0.000004	0.000505	0.002865
0.104000	0.100003	0.000000	0.100003	-0.000004	0.000505	0.002858
0.105000	0.100003	0.000000	0.100003	-0.000004	0.000505	0.002851
0.106000	0.100003	0.000000	0.100003	-0.000004	0.000505	0.002844
0.107000	0.100003	0.000000	0.100003	-0.000004	0.000505	0.002837
0.108000	0.100003	0.000000	0.100003	-0.000004	0.000505	0.002831
0.109000	0.100003	0.000000	0.100003	-0.000004	0.000505	0.002825
0.110000	0.100003	0.000000	0.100003	-0.000004	0.000505	0.002819
0.111000	0.100003	0.000000	0.100003	-0.000004	0.000505	0.002812
0.112000	0.100003	0.000000	0.100003	-0.000004	0.000505	0.002806
0.113000	0.100003	0.000000	0.100003	-0.000004	0.000505	0.002799
0.114000	0.100003	0.000000	0.100003	-0.000004	0.000505	0.002792
0.115000	0.100003	0.000000	0.100003	-0.000004	0.000505	0.002785
0.116000	0.100003	0.000000	0.100003	-0.000004	0.000505	0.002777
0.117000	0.100003	0.000000	0.100003	-0.000004	0.000505	0.002769
0.118000	0.100003	0.000000	0.100003	-0.000004	0.000505	0.002760
0.119000	0.100003	0.000000	0.100003	-0.000004	0.000505	0.002752
0.120000	0.100003	0.000000	0.100003	-0.000004	0.000505	0.002743
0.121000	0.100003	0.000000	0.100003	-0.000004	0.000505	0.002735
0.122000	0.100003	0.000000	0.100003	-0.000004	0.000505	0.002727
0.123000	0.100003	0.000000	0.100003	-0.000004	0.000505	0.002719
0.124000	0.100003	0.000000	0.100003	-0.000004	0.000505	0.002711
0.125000	0.100003	0.000000	0.100003	-0.000004	0.000505	0.002704
0.126000	0.100003	0.000000	0.100003	-0.000004	0.000505	0.002697
0.127000	0.100003	0.000000	0.100003	-0.000004	0.000505	0.002691
0.128000	0.100003	0.000000	0.100003	-0.000004	0.000505	0.002685
0.129000	0.100003	0.000000	0.100003	-0.000004	0.000505	0.002679
0.130000	0.100003	0.000000	0.100003	-0.000004	0.000505	0.002673
0.131000	0.100003	0.000000	0.100003	-0.000004	0.000505	0.002667
0.132000	0.100003	0.000000	0.100003	-0.000004	0.000505	0.002660
0.133000	0.100003	0.000000	0.100003	-0.000004	0.000505	0.002653
0.134000	0.100003	0.000000	0.100003	-0.000004	0.000505	0.002645
0.135000	0.100003	0.000000	0.100003	-0.000004	0.000505	0.002637
0.136000	0.100003	0.000000	0.100003	-0.000004	0.000505	0.002627
0.137000	0.100003	0.000000	0.100003	-0.000004	0.000505	0.002616
0.138000	0.100003	0.000000	0.100003	-0.000004	0.000505	0.002605
0.139000	0.100003	0.000000	0.100003	-0.000004	0.000505	0.002592
0.140000	0.100003	0.000000	0.100003	-0.000004	0.000505	0.002579
0.141000	0.100003	0.000000	0.100003	-0.000004	0.000505	0.002565
0.142000	0.100003	0.000000	0.100003	-0.000004	0.000505	0.002551
0.143000	0.100003	0.000000	0.100003	-0.000004	0.000505	0.002537
0.144000	0.100003	0.000000	0.100003	-0.000004	0.000505	0.002523
0.145000	0.100003	0.000000	0.100003	-0.000004	0.000505	0.002509
0.146000	0.100002	0.000000	0.100002	-0.000004	0.000505	0.002495
0.147000	0.100002	0.000000	0.100002	-0.000004	0.000505	0.002482
0.148000	0.100002	0.000000	0.100002	-0.000004	0.000505	0.002470
0.149000	0.100002	0.000000	0.100002	-0.000004	0.000505	0.002458
0.150000	0.100002	0.000000	0.100002	-0.000004	0.000505	0.002446
0.151000	0.100002	0.000000	0.100002	-0.000004	0.000505	0.002435
0.152000	0.100002	0.000000	0.100002	-0.000004	0.000505	0.002424
0.153000	0.100002	0.000000	0.100002	-0.000004	0.000505	0.002412
0.154000	0.100002	0.000000	0.100002	-0.000004	0.000505	0.002400
0.155000	0.100002	0.000000	0.100002	-0.000004	0.000505	0.002387
0.156000	0.100002	0.000000	0.100002	-0.000004	0.000505	0.002374
0.157000	0.100002	0.000000	0.100002	-0.000004	0.000505	0.002359
0.158000	0.100002	0.000000	0.100002	-0.000004	0.000505	0.002343
0.159000	0.100002	0.000000	0.100002	-0.000004	0.000505	0.002326
0.160000	0.100002	0.000000	0.100002	-0.000004	0.000505	0.002309
0.161000	0.100002	0.000000	0.100002	-0.000004	0.000505	0.002290
0.162000	0.100002	0.000000	0.100002	-0.000004	0.000505	0.002271
0.163000	0.100002	0.000000	0.100002	-0.000004	0.000505	0.002252
0.164000	0.100002	0.000000	0.100002	-0.000004	0.000505	0.002233
0.165000	0.100002	0.000000	0.100002	-0.000004	0.000505	0.002214
0.166000	0.100002	0.000000	0.100002	-0.000004	0.000505	0.002196
0.167000	0.100002	0.000000	0.100002	-0.000004	0.000505	0.002180
0.168000	0.100002	0.000000	0.100002	-0.000004	0.000505	0.002164
0.169000	0.100002	0.000000	0.100002	-0.000004	0.000505	0.002150
0.170000	0.100002	0.000000	0.100002	-0.000004	0.000505	0.002138
0.171000	0.100002	0.000000	0.100002	-0.000005	0.000505	0.002126
0.172000	0.100002	0.000000	0.100002	-0.000005	0.000505	0.002116
0.173000	0.100002	0.000000	0.100002	-0.000005	0.000505	0.002106
0.174000	0.100002	0.000000	0.100002	-0.000005	0.000505	0.002097
0.175000	0.100002	0.000000	0.100002	-0.000005	0.000505	0.002088
0.176000	0.100002	0.000000	0.100002	-0.000005	0.000505	0.002078
0.177000	0.100002	0.000000	0.100002	-0.000005	0.000505	0.002068
0.178000	0.100002	0.000000	0.100002	-0.000005	0.000505	0.002056
0.179000	0.100002	0.000000	0.100002	-0.000005	0.000505	0.002042
0.180000	0.100002	0.000000	0.100002	-0.000005	0.000505	0.002027
0.181000	0.100002	0.000000	0.100002	-0.000005	0.000505	0.002011
0.182000	0.100002	0.000000	0.100002	-0.000005	0.000505	0.001993
0.183000	0.100002	0.000000	0.100002	-0.000005	0.000505	0.001974
0.184000	0.100002	0.000000	0.100002	-0.000005	0.000505	0.001955
0.185000	0.100002	0.000000	0.100002	-0.000005	0.000505	0.001935
0.186000	0.100002	0.000000	0.100002	-0.000005	0.000505	0.001916
0.187000	0.100002	0.000000	0.100002	-0.000005	0.000505	0.001897
0.188000	0.100002	0.000000	0.100002	-0.000005	0.000505	0.001880
0.189000	0.100002	0.000000	0.100002	-0.000005	0.000505	0.001865
0.190000	0.100002	0.000000	0.100002	-0.000005	0.000505	0.001851
0.191000	0.100002	0.000000	0.100002	-0.000005	0.000505	0.001840
0.192000	0.100002	0.000000	0.100002	-0.000005	0.000505	0.001831
0.193000	0.100002	0.000000	0.100002	-0.000005	0.000505	0.001823
0.194000	0.100002	0.000000	0.100002	-0.000005	0.000505	0.001817
0.195000	0.100002	0.000000	0.100002	-0.000005	0.000505	0.001812
0.196000	0.100002	0.000000	0.100002	-0.000005	0.000505	0.001807
0.197000	0.100002	0.000000	0.100002	-0.000005	0.000505	0.001801
0.198000	0.100002	0.000000	0.100002	-0.000005	0.000505	0.001795
0.199000	0.100002	0.000000	0.100002	-0.000005	0.000505	0.001786
0.200000	0.100002	0.000000	0.100002	-0.000005	0.000505	0.001776
0.201000	0.100002	0.000000	0.100002	-0.000005	0.000505	0.001763
0.202000	0.100002	0.000000	0.100002	-0.000005	0.000505	0.001748
0.203000	0.100002	0.000000	0.100002	-0.000005	0.000505	0.001730
0.204000	0.100002	0.000000	0.100002	-0.000005	0.000505	0.001710
0.205000	0.100002	0.000000	0.100002	-0.000005	0.000505	0.001688
0.206000	0.100002	0.000000	0.100002	-0.000005	0.000505	0.001666
0.207000	0.100002	0.000000	0.100002	-0.000004	0.000505	0.001643
0.208000	0.100002	0.000000	0.100002	-0.000004	0.000505	0.001621
0.209000	0.100002	0.000000	0.100002	-0.000004	0.000505	0.001601
0.210000	0.100002	0.000000	0.100002	-0.000004	0.000505	0.001583
0.211000	0.100002	0.000000	0.100002	-0.000004	0.000505	0.001568
0.212000	0.100002	0.000000	0.100002	-0.000004	0.000505	0.001556
0.213000	0.100002	0.000000	0.100002	-0.000004	0.000505	0.001547
0.214000	0.100002	0.000000	0.100002	-0.000004	0.000505	0.001541
0.215000	0.100002	0.000000	0.100002	-0.000004	0.000505	0.001538
0.216000	0.100002	0.000000	0.100002	-0.000004	0.000505	0.001537
0.217000	0.100002	0.000000	0.100002	-0.000004	0.000505	0.001537
0.218000	0.100002	0.000000	0.100002	-0.000005	0.000505	0.001537
0.219000	0.100002	0.000000	0.100002	-0.000005	0.000505	0.001536
0.220000	0.100002	0.000000	0.100002	-0.000005	0.000505	0.001533
0.221000	0.100002	0.000000	0.100002	-0.000005	0.000505	0.001528
0.222000	0.100002	0.000000	0.100002	-0.000005	0.000505	0.001518
0.223000	0.100002	0.000000	0.100002	-0.000005	0.000505	0.001505
0.224000	0.100001	0.000000	0.100001	-0.000005	0.000505	0.001488
0.225000	0.100001	0.000000	0.100001	-0.000005	0.000505	0.001467
0.226000	0.100001	0.000000	0.100001	-0.000004	0.000505	0.001442
0.227000	0.100001	0.000000	0.100001	-0.000004	0.000505	0.001416
0.228000	0.100001	0.000000	0.100001	-0.000004	0.000505	0.001389
0.229000	0.100001	0.000000	0.100001	-0.000004	0.000505	0.001361
0.230000	0.100001	0.000000	0.100001	-0.000004	0.000505	0.001336
0.231000	0.100001	0.000000	0.100001	-0.000004	0.000505	0.001313
0.232000	0.100001	0.000000	0.100001	-0.000004	0.000505	0.001293
0.233000	0.100001	0.000000	0.100001	-0.000003	0.000505	0.001279
0.234000	0.100001	0.000000	0.100001	-0.000003	0.000505	0.001270
0.235000	0.100001	0.000000	0.100001	-0.000004	0.000505	0.001265
0.236000	0.100001	0.000000	0.100001	-0.000004	0.000505	0.001266
0.237000	0.100001	0.000000	0.100001	-0.000004	0.000505	0.001270
0.238000	0.100001	0.000000	0.100001	-0.000004	0.000505	0.001277
0.239000	0.100001	0.000000	0.100001	-0.000004	0.000505	0.001286
0.240000	0.100001	0.000000	0.100001	-0.000004	0.000505	0.001294
0.241000	0.100001	0.000000	0.100001	-0.000004	0.000505	0.001300
0.242000	0.100001	0.000000	0.100001	-0.000004	0.000505	0.001302
0.243000	0.100001	0.000000	0.100001	-0.000005	0.000505	0.001300
0.244000	0.100001	0.000000	0.100001	-0.000005	0.000505	0.001291
0.245000	0.100001	0.000000	0.100001	-0.000004	0.000505	0.001277
0.246000	0.100001	0.000000	0.100001	-0.000004	0.000505	0.001256
0.247000	0.100001	0.000000	0.100001	-0.000004	0.000505	0.001229
0.248000	0.100001	0.000000	0.100001	-0.000004	0.000505	0.001198
0.249000	0.100001	0.000000	0.100001	-0.000004	0.000505	0.001164
0.250000	0.100001	0.000000	0.100001	-0.000003	0.000505	0.001129
0.251000	0.100001	0.000000	0.100001	-0.000003	0.000505	0.001095
0.252000	0.100001	0.000000	0.100001	-0.000003	0.000505	0.001063
0.253000	0.100001	0.000000	0.100001	-0.000003	0.000505	0.001037
0.254000	0.100001	0.000000	0.100001	-0.000003	0.000505	0.001016
0.255000	0.100001	0.000000	0.100001	-0.000002	0.000505	0.001004
0.256000	0.100001	0.000000	0.100001	-0.000003	0.000505	0.000999
0.257000	0.100001	0.000000	0.100001	-0.000003	0.000505	0.001003
0.258000	0.100001	0.000000	0.100001	-0.000003	0.000505	0.001014
0.259000	0.100001	0.000000	0.100001	-0.000003	0.000505	0.001030
0.260000	0.100001	0.000000	0.100001	-0.000003	0.000505	0.001050
0.261000	0.100001	0.000000	0.100001	-0.000004	0.000505	0.001071
0.262000	0.100001	0.000000	0.100001	-0.000004	0.000505	0.001091
0.263000	0.100001	0.000000	0.100001	-0.000004	0.000505	0.001107
0.264000	0.100001	0.000000	0.100001	-0.000004	0.000505	0.001117
0.265000	0.100001	0.000000	0.100001	-0.000004	0.000505	0.001119
0.266000	0.100001	0.000000	0.100001	-0.000004	0.000505	0.001110
0.267000	0.100001	0.000000	0.100001	-0.000004	0.000505	0.001092
0.268000	0.100001	0.000000	0.100001	-0.000004	0.000505	0.001064
0.269000	0.100001	0.000000	0.100001	-0.000004	0.000505	0.001027
0.270000	0.100001	0.000000	0.100001	-0.000003	0.000505	0.000983
0.271000	0.100001	0.000000	0.100001	-0.000003	0.000505	0.000934
0.272000	0.100001	0.000000	0.100001	-0.000002	0.000505	0.000884
0.273000	0.100001	0.000000	0.100001	-0.000002	0.000505	0.000835
0.274000	0.100001	0.000000	0.100001	-0.000001	0.000505	0.000790
0.275000	0.100001	0.000000	0.100001	-0.000001	0.000505	0.000753
0.276000	0.100001	0.000000	0.100001	-0.000001	0.000505	0.000725
0.277000	0.100001	0.001355	0.098646	-0.000001	0.000509	0.000707
0.278000	0.100001	0.003580	0.096421	-0.000001	0.000514	0.000701
0.279000	0.100001	0.005795	0.094206	-0.000001	0.000520	0.000706
0.280000	0.100001	0.008000	0.092001	-0.000001	0.000527	0.000720
0.281000	0.100001	0.010195	0.089806	-0.000001	0.000533	0.000743
0.282000	0.100001	0.012380	0.087621	-0.000002	0.000540	0.000770
0.283000	0.100001	0.014555	0.085446	-0.000002	0.000546	0.000798
0.284000	0.100001	0.016720	0.083281	-0.000002	0.000553	0.000823
0.285000	0.100001	0.018875	0.081126	-0.000003	0.000561	0.000839
0.286000	0.100001	0.021020	0.078981	-0.000003	0.000568	0.000843
0.287000	0.100001	0.023155	0.076846	-0.000003	0.000576	0.000830
0.288000	0.100001	0.025280	0.074721	-0.000003	0.000584	0.000800
0.289000	0.100001	0.027395	0.072606	-0.000002	0.000593	0.000753
0.290000	0.100001	0.029500	0.070501	-0.000002	0.000602	0.000690
0.291000	0.100001	0.031595	0.068406	-0.000001	0.000611	0.000617
0.292000	0.100001	0.033680	0.066321	0.000000	0.000620	0.000540
0.293000	0.100000	0.035755	0.064245	0.000001	0.000630	0.000470
0.294000	0.100000	0.037820	0.062180	0.000002	0.000641	0.000415
0.295000	0.100000	0.039875	0.060125	0.000002	0.000651	0.000386
0.296000	0.100000	0.041920	0.058080	0.000002	0.000663	0.000392
0.297000	0.100000	0.043955	0.056045	0.000001	0.000675	0.000436
0.298000	0.100001	0.045980	0.054021	0.000000	0.000687	0.000519
0.299000	0.100001	0.047995	0.052006	-0.000001	0.000700	0.000634
0.300000	0.100001	0.050000	0.050001	-0.000003	0.000714	0.000768
0.301000	0.100001	0.051995	0.048006	-0.000005	0.000729	0.000902
0.302000	0.100001	0.053980	0.046021	-0.000007	0.000745	0.001011
0.303000	0.100001	0.055955	0.044046	-0.000008	0.000761	0.001070
0.304000	0.100001	0.057920	0.042081	-0.000008	0.000779	0.001056
0.305000	0.100001	0.059875	0.040126	-0.000007	0.000797	0.000956
0.306000	0.100001	0.061820	0.038181	-0.000005	0.000817	0.000770
0.307000	0.100001	0.063755	0.036246	-0.000001	0.000839	0.000520
0.308000	0.100000	0.065680	0.034320	0.000004	0.000862	0.000247
0.309000	0.100000	0.067595	0.032405	0.000008	0.000887	0.000015
0.310000	0.100000	0.069500	0.030500	0.000011	0.000915	-0.000101
0.311000	0.100000	0.071395	0.028605	0.000010	0.000944	-0.000028
0.312000	0.100000	0.073280	0.026720	0.000005	0.000977	0.000277
0.313000	0.100001	0.075155	0.024846	-0.000006	0.001013	0.000806
0.314000	0.100001	0.077020	0.022981	-0.000020	0.001054	0.001460
0.315000	0.100002	0.078875	0.021127	-0.000034	0.001099	0.002039
0.316000	0.100002	0.080720	0.019282	-0.000041	0.001150	0.002258
0.317000	0.100002	0.082555	0.017447	-0.000034	0.001209	0.001819
0.318000	0.100001	0.084380	0.015621	-0.000005	0.001278	0.000553
0.319000	0.099999	0.086195	0.013804	0.000046	0.001359	-0.001377
0.320000	0.099997	0.088000	0.011997	0.000106	0.001458	-0.003281
0.321000	0.099996	0.089795	0.010201	0.000139	0.001581	-0.003891
0.322000	0.099998	0.091580	0.008418	0.000082	0.001741	-0.001611
0.323000	0.100005	0.093355	0.006650	-0.000148	0.001959	0.004838
0.324000	0.100013	0.095120	0.004893	-0.000732	0.002283	0.013114
0.325000	0.100077	0.096875	0.003202	0.001275	0.002822	0.077202
0.326000	0.099632	0.098620	0.001012	-0.036995	0.005021	-0.368131
0.327000	0.100949	0.100355	0.000594	0.000000	0.000000	-0.406111
0.328000	0.103080	0.102080	0.001000	0.000000	0.000000	0.000000
0.329000	0.104795	0.103795	0.001000	0.000000	0.000000	0.000000
0.330000	0.106500	0.105500	0.001000	0.000000	0.000000	0.000000
0.331000	0.108195	0.107195	0.001000	0.000000	0.000000	0.000000
0.332000	0.109880	0.108880	0.001000	0.000000	0.000000	0.000000
0.333000	0.111555	0.110555	0.001000	0.000000	0.000000	0.000000
0.334000	0.113220	0.112220	0.001000	0.000000	0.000000	0.000000
0.335000	0.114875	0.113875	0.001000	0.000000	0.000000	0.000000
0.336000	0.116520	0.115520	0.001000	0.000000	0.000000	0.000000
0.337000	0.118155	0.117155	0.001000	0.000000	0.000000	0.000000
0.338000	0.119780	0.118780	0.001000	0.000000	0.000000	0.000000
0.339000	0.121395	0.120395	0.001000	0.000000	0.000000	0.000000
0.340000	0.123000	0.122000	0.001000	0.000000	0.000000	0.000000
0.341000	0.124595	0.123595	0.001000	0.000000	0.000000	0.000000
0.342000	0.126180	0.125180	0.001000	0.000000	0.000000	0.000000
0.343000	0.127755	0.126755	0.001000	0.000000	0.000000	0.000000
0.344000	0.129320	0.128320	0.001000	0.000000	0.000000	0.000000
0.345000	0.130875	0.129875	0.001000	0.000000	0.000000	0.000000
0.346000	0.132420	0.131420	0.001000	0.000000	0.000000	0.000000
0.347000	0.133955	0.132955	0.001000	0.000000	0.000000	0.000000
0.348000	0.135480	0.134480	0.001000	0.000000	0.000000	0.000000
0.349000	0.136995	0.135995	0.001000	0.000000	0.000000	0.000000
0.350000	0.138500	0.137500	0.001000	0.000000	0.000000	0.000000
0.351000	0.139995	0.138995	0.001000	0.000000	0.000000	0.000000
0.352000	0.141480	0.140480	0.001000	0.000000	0.000000	0.000000
0.353000	0.142955	0.141955	0.001000	0.000000	0.000000	0.000000
0.354000	0.144420	0.143420	0.001000	0.000000	0.000000	0.000000
0.355000	0.145875	0.144875	0.001000	0.000000	0.000000	0.000000
0.356000	0.147320	0.146320	0.001000	0.000000	0.000000	0.000000
0.357000	0.148755	0.147755	0.001000	0.000000	0.000000	0.000000
0.358000	0.150180	0.149180	0.001000	0.000000	0.000000	0.000000
0.359000	0.151595	0.150595	0.001000	0.000000	0.000000	0.000000
0.360000	0.153000	0.152000	0.001000	0.000000	0.000000	0.000000
0.361000	0.154395	0.153395	0.001000	0.000000	0.000000	0.000000
0.362000	0.155780	0.154780	0.001000	0.000000	0.000000	0.000000
0.363000	0.157155	0.156155	0.001000	0.000000	0.000000	0.000000
0.364000	0.158520	0.157520	0.001000	0.000000	0.000000	0.000000
0.365000	0.159875	0.158875	0.001000	0.000000	0.000000	0.000000
0.366000	0.161220	0.160220	0.001000	0.000000	0.000000	0.000000
0.367000	0.162555	0.161555	0.001000	0.000000	0.000000	0.000000
0.368000	0.163880	0.162880	0.001000	0.000000	0.000000	0.000000
0.369000	0.165195	0.164195	0.001000	0.000000	0.000000	0.000000
0.370000	0.166500	0.165500	0.001000	0.000000	0.000000	0.000000
0.371000	0.167795	0.166795	0.001000	0.000000	0.000000	0.000000
0.372000	0.169080	0.168080	0.001000	0.000000	0.000000	0.000000
0.373000	0.170355	0.169355	0.001000	0.000000	0.000000	0.000000
0.374000	0.171620	0.170620	0.001000	0.000000	0.000000	0.000000
0.375000	0.172875	0.171875	0.001000	0.000000	0.000000	0.000000
0.376000	0.174120	0.173120	0.001000	0.000000	0.000000	0.000000
0.377000	0.175355	0.174355	0.001000	0.000000	0.000000	0.000000
0.378000	0.176580	0.175580	0.001000	0.000000	0.000000	0.000000
0.379000	0.177795	0.176795	0.001000	0.000000	0.000000	0.000000
0.380000	0.179000	0.178000	0.001000	0.000000	0.000000	0.000000
0.381000	0.180195	0.179195	0.001000	0.000000	0.000000	0.000000
0.382000	0.181380	0.180380	0.001000	0.000000	0.000000	0.000000
0.383000	0.182555	0.181555	0.001000	0.000000	0.000000	0.000000
0.384000	0.183720	0.182720	0.001000	0.000000	0.000000	0.000000
0.385000	0.184875	0.183875	0.001000	0.000000	0.000000	0.000000
0.386000	0.186020	0.185020	0.001000	0.000000	0.000000	0.000000
0.387000	0.187155	0.186155	0.001000	0.000000	0.000000	0.000000
0.388000	0.188280	0.187280	0.001000	0.000000	0.000000	0.000000
0.389000	0.189395	0.188395	0.001000	0.000000	0.000000	0.000000
0.390000	0.190500	0.189500	0.001000	0.000000	0.000000	0.000000
0.391000	0.191595	0.190595	0.001000	0.000000	0.000000	0.000000
0.392000	0.192680	0.191680	0.001000	0.000000	0.000000	0.000000
0.393000	0.193755	0.192755	0.001000	0.000000	0.000000	0.000000
0.394000	0.194820	0.193820	0.001000	0.000000	0.000000	0.000000
0.395000	0.195875	0.194875	0.001000	0.000000	0.000000	0.000000
0.396000	0.196920	0.195920	0.001000	0.000000	0.000000	0.000000
0.397000	0.197955	0.196955	0.001000	0.000000	0.000000	0.000000
0.398000	0.198980	0.197980	0.001000	0.000000	0.000000	0.000000
0.399000	0.199995	0.198995	0.001000	0.000000	0.000000	0.000000
0.400000	0.201000	0.200000	0.001000	0.000000	0.000000	0.000000
0.401000	0.201995	0.200995	0.001000	0.000000	0.000000	0.000000
0.402000	0.202980	0.201980	0.001000	0.000000	0.000000	0.000000
0.403000	0.203955	0.202955	0.001000	0.000000	0.000000	0.000000
0.404000	0.204920	0.203920	0.001000	0.000000	0.000000	0.000000
0.405000	0.205875	0.204875	0.001000	0.000000	0.000000	0.000000
0.406000	0.206820	0.205820	0.001000	0.000000	0.000000	0.000000
0.407000	0.207755	0.206755	0.001000	0.000000	0.000000	0.000000
0.408000	0.208680	0.207680	0.001000	0.000000	0.000000	0.000000
0.409000	0.209595	0.208595	0.001000	0.000000	0.000000	0.000000
0.410000	0.210500	0.209500	0.001000	0.000000	0.000000	0.000000
0.411000	0.211395	0.210395	0.001000	0.000000	0.000000	0.000000
0.412000	0.212280	0.211280	0.001000	0.000000	0.000000	0.000000
0.413000	0.213155	0.212155	0.001000	0.000000	0.000000	0.000000
0.414000	0.214020	0.213020	0.001000	0.000000	0.000000	0.000000
0.415000	0.214875	0.213875	0.001000	0.000000	0.000000	0.000000
0.416000	0.215720	0.214720	0.001000	0.000000	0.000000	0.000000
0.417000	0.216555	0.215555	0.001000	0.000000	0.000000	0.000000
0.418000	0.217380	0.216380	0.001000	0.000000	0.000000	0.000000
0.419000	0.218195	0.217195	0.001000	0.000000	0.000000	0.000000
0.420000	0.219000	0.218000	0.001000	0.000000	0.000000	0.000000
0.421000	0.219795	0.218795	0.001000	0.000000	0.000000	0.000000
0.422000	0.220580	0.219580	0.001000	0.000000	0.000000	0.000000
0.423000	0.221355	0.220355	0.001000	0.000000	0.000000	0.000000
0.424000	0.222120	0.221120	0.001000	0.000000	0.000000	0.000000
0.425000	0.222875	0.221875	0.001000	0.000000	0.000000	0.000000
0.426000	0.223620	0.222620	0.001000	0.000000	0.000000	0.000000
0.427000	0.224355	0.223355	0.001000	0.000000	0.000000	0.000000
0.428000	0.225080	0.224080	0.001000	0.000000	0.000000	0.000000
0.429000	0.225795	0.224795	0.001000	0.000000	0.000000	0.000000
0.430000	0.226500	0.225500	0.001000	0.000000	0.000000	0.000000
0.431000	0.227195	0.226195	0.001000	0.000000	0.000000	0.000000
0.432000	0.227880	0.226880	0.001000	0.000000	0.000000	0.000000
0.433000	0.228555	0.227555	0.001000	0.000000	0.000000	0.000000
0.434000	0.229220	0.228220	0.001000	0.000000	0.000000	0.000000
0.435000	0.229875	0.228875	0.001000	0.000000	0.000000	0.000000
0.436000	0.230520	0.229520	0.001000	0.000000	0.000000	0.000000
0.437000	0.231155	0.230155	0.001000	0.000000	0.000000	0.000000
0.438000	0.231780	0.230780	0.001000	0.000000	0.000000	0.000000
0.439000	0.232395	0.231395	0.001000	0.000000	0.000000	0.000000
0.440000	0.233000	0.232000	0.001000	0.000000	0.000000	0.000000
0.441000	0.233595	0.232595	0.001000	0.000000	0.000000	0.000000
0.442000	0.234180	0.233180	0.001000	0.000000	0.000000	0.000000
0.443000	0.234755	0.233755	0.001000	0.000000	0.000000	0.000000
0.444000	0.235320	0.234320	0.001000	0.000000	0.000000	0.000000
0.445000	0.235875	0.234875	0.001000	0.000000	0.000000	0.000000
0.446000	0.236420	0.235420	0.001000	0.000000	0.000000	0.000000
0.447000	0.236955	0.235955	0.001000	0.000000	0.000000	0.000000
0.448000	0.237480	0.236480	0.001000	0.000000	0.000000	0.000000
0.449000	0.237995	0.236995	0.001000	0.000000	0.000000	0.000000
0.450000	0.238500	0.237500	0.001000	0.000000	0.000000	0.000000
0.451000	0.238995	0.237995	0.001000	0.000000	0.000000	0.000000
0.452000	0.239480	0.238480	0.001000	0.000000	0.000000	0.000000
0.453000	0.239955	0.238955	0.001000	0.000000	0.000000	0.000000
0.454000	0.240420	0.239420	0.001000	0.000000	0.000000	0.000000
0.455000	0.240875	0.239875	0.001000	0.000000	0.000000	0.000000
0.456000	0.241320	0.240320	0.001000	0.000000	0.000000	0.000000
0.457000	0.241755	0.240755	0.001000	0.000000	0.000000	0.000000
0.458000	0.242180	0.241180	0.001000	0.000000	0.000000	0.000000
0.459000	0.242595	0.241595	0.001000	0.000000	0.000000	0.000000
0.460000	0.243000	0.242000	0.001000	0.000000	0.000000	0.000000
0.461000	0.243395	0.242395	0.001000	0.000000	0.000000	0.000000
0.462000	0.243780	0.242780	0.001000	0.000000	0.000000	0.000000
0.463000	0.244155	0.243155	0.001000	0.000000	0.000000	0.000000
0.464000	0.244520	0.243520	0.001000	0.000000	0.000000	0.000000
0.465000	0.244875	0.243875	0.001000	0.000000	0.000000	0.000000
0.466000	0.245220	0.244220	0.001000	0.000000	0.000000	0.000000
0.467000	0.245555	0.244555	0.001000	0.000000	0.000000	0.000000
0.468000	0.245880	0.244880	0.001000	0.000000	0.000000	0.000000
0.469000	0.246195	0.245195	0.001000	0.000000	0.000000	0.000000
0.470000	0.246500	0.245500	0.001000	0.000000	0.000000	0.000000
0.471000	0.246795	0.245795	0.001000	0.000000	0.000000	0.000000
0.472000	0.247080	0.246080	0.001000	0.000000	0.000000	0.000000
0.473000	0.247355	0.246355	0.001000	0.000000	0.000000	0.000000
0.474000	0.247620	0.246620	0.001000	0.000000	0.000000	0.000000
0.475000	0.247875	0.246875	0.001000	0.000000	0.000000	0.000000
0.476000	0.248120	0.247120	0.001000	0.000000	0.000000	0.000000
0.477000	0.248355	0.247355	0.001000	0.000000	0.000000	0.000000
0.478000	0.248580	0.247580	0.001000	0.000000	0.000000	0.000000
0.479000	0.248795	0.247795	0.001000	0.000000	0.000000	0.000000
0.480000	0.249000	0.248000	0.001000	0.000000	0.000000	0.000000
0.481000	0.249195	0.248195	0.001000	0.000000	0.000000	0.000000
0.482000	0.249380	0.248380	0.001000	0.000000	0.000000	0.000000
0.483000	0.249555	0.248555	0.001000	0.000000	0.000000	0.000000
0.484000	0.249720	0.248720	0.001000	0.000000	0.000000	0.000000
0.485000	0.249875	0.248875	0.001000	0.000000	0.000000	0.000000
0.486000	0.250020	0.249020	0.001000	0.000000	0.000000	0.000000
0.487000	0.250155	0.249155	0.001000	0.000000	0.000000	0.000000
0.488000	0.250280	0.249280	0.001000	0.000000	0.000000	0.000000
0.489000	0.250395	0.249395	0.001000	0.000000	0.000000	0.000000
0.490000	0.250500	0.249500	0.001000	0.000000	0.000000	0.000000
0.491000	0.250595	0.249595	0.001000	0.000000	0.000000	0.000000
0.492000	0.250680	0.249680	0.001000	0.000000	0.000000	0.000000
0.493000	0.250755	0.249755	0.001000	0.000000	0.000000	0.000000
0.494000	0.250820	0.249820	0.001000	0.000000	0.000000	0.000000
0.495000	0.250875	0.249875	0.001000	0.000000	0.000000	0.000000
0.496000	0.250920	0.249920	0.001000	0.000000	0.000000	0.000000
0.497000	0.250955	0.249955	0.001000	0.000000	0.000000	0.000000
0.498000	0.250980	0.249980	0.001000	0.000000	0.000000	0.000000
0.499000	0.250995	0.249995	0.001000	0.000000	0.000000	0.000000
0.500000	0.251000	0.250000	0.001000	0.000000	0.000000	0.000000
0.501000	0.250995	0.249995	0.001000	0.000000	0.000000	0.000000
0.502000	0.250980	0.249980	0.001000	0.000000	0.000000	0.000000
0.503000	0.250955	0.249955	0.001000	0.000000	0.000000	0.000000
0.504000	0.250920	0.249920	0.001000	0.000000	0.000000	0.000000
0.505000	0.250875	0.249875	0.001000	0.000000	0.000000	0.000000
0.506000	0.250820	0.249820	0.001000	0.000000	0.000000	0.000000
0.507000	0.250755	0.249755	0.001000	0.000000	0.000000	0.000000
0.508000	0.250680	0.249680	0.001000	0.000000	0.000000	0.000000
0.509000	0.250595	0.249595	0.001000	0.000000	0.000000	0.000000
0.510000	0.250500	0.249500	0.001000	0.000000	0.000000	0.000000
0.511000	0.250395	0.249395	0.001000	0.000000	0.000000	0.000000
0.512000	0.250280	0.249280	0.001000	0.000000	0.000000	0.000000
0.513000	0.250155	0.249155	0.001000	0.000000	0.000000	0.000000
0.514000	0.250020	0.249020	0.001000	0.000000	0.000000	0.000000
0.515000	0.249875	0.248875	0.001000	0.000000	0.000000	0.000000
0.516000	0.249720	0.248720	0.001000	0.000000	0.000000	0.000000
0.517000	0.249555	0.248555	0.001000	0.000000	0.000000	0.000000
0.518000	0.249380	0.248380	0.001000	0.000000	0.000000	0.000000
0.519000	0.249195	0.248195	0.001000	0.000000	0.000000	0.000000
0.520000	0.249000	0.248000	0.001000	0.000000	0.000000	0.000000
0.521000	0.248795	0.247795	0.001000	0.000000	0.000000	0.000000
0.522000	0.248580	0.247580	0.001000	0.000000	0.000000	0.000000
0.523000	0.248355	0.247355	0.001000	0.000000	0.000000	0.000000
0.524000	0.248120	0.247120	0.001000	0.000000	0.000000	0.000000
0.525000	0.247875	0.246875	0.001000	0.000000	0.000000	0.000000
0.526000	0.247620	0.246620	0.001000	0.000000	0.000000	0.000000
0.527000	0.247355	0.246355	0.001000	0.000000	0.000000	0.000000
0.528000	0.247080	0.246080	0.001000	0.000000	0.000000	0.000000
0.529000	0.246795	0.245795	0.001000	0.000000	0.000000	0.000000
0.530000	0.246500	0.245500	0.001000	0.000000	0.000000	0.000000
0.531000	0.246195	0.245195	0.001000	0.000000	0.000000	0.000000
0.532000	0.245880	0.244880	0.001000	0.000000	0.000000	0.000000
0.533000	0.245555	0.244555	0.001000	0.000000	0.000000	0.000000
0.534000	0.245220	0.244220	0.001000	0.000000	0.000000	0.000000
0.535000	0.244875	0.243875	0.001000	0.000000	0.000000	0.000000
0.536000	0.244520	0.243520	0.001000	0.000000	0.000000	0.000000
0.537000	0.244155	0.243155	0.001000	0.000000	0.000000	0.000000
0.538000	0.243780	0.242780	0.001000	0.000000	0.000000	0.000000
0.539000	0.243395	0.242395	0.001000	0.000000	0.000000	0.000000
0.540000	0.243000	0.242000	0.001000	0.000000	0.000000	0.000000
0.541000	0.242595	0.241595	0.001000	0.000000	0.000000	0.000000
0.542000	0.242180	0.241180	0.001000	0.000000	0.000000	0.000000
0.543000	0.241755	0.240755	0.001000	0.000000	0.000000	0.000000
0.544000	0.241320	0.240320	0.001000	0.000000	0.000000	0.000000
0.545000	0.240875	0.239875	0.001000	0.000000	0.000000	0.000000
0.546000	0.240420	0.239420	0.001000	0.000000	0.000000	0.000000
0.547000	0.239955	0.238955	0.001000	0.000000	0.000000	0.000000
0.548000	0.239480	0.238480	0.001000	0.000000	0.000000	0.000000
0.549000	0.238995	0.237995	0.001000	0.000000	0.000000	0.000000
0.550000	0.238500	0.237500	0.001000	0.000000	0.000000	0.000000
0.551000	0.237995	0.236995	0.001000	0.000000	0.000000	0.000000
0.552000	0.237480	0.236480	0.001000	0.000000	0.000000	0.000000
0.553000	0.236955	0.235955	0.001000	0.000000	0.000000	0.000000
0.554000	0.236420	0.235420	0.001000	0.000000	0.000000	0.000000
0.555000	0.235875	0.234875	0.001000	0.000000	0.000000	0.000000
0.556000	0.235320	0.234320	0.001000	0.000000	0.000000	0.000000
0.557000	0.234755	0.233755	0.001000	0.000000	0.000000	0.000000
0.558000	0.234180	0.233180	0.001000	0.000000	0.000000	0.000000
0.559000	0.233595	0.232595	0.001000	0.000000	0.000000	0.000000
0.560000	0.233000	0.232000	0.001000	0.000000	0.000000	0.000000
0.561000	0.232395	0.231395	0.001000	0.000000	0.000000	0.000000
0.562000	0.231780	0.230780	0.001000	0.000000	0.000000	0.000000
0.563000	0.231155	0.230155	0.001000	0.000000	0.000000	0.000000
0.564000	0.230520	0.229520	0.001000	0.000000	0.000000	0.000000
0.565000	0.229875	0.228875	0.001000	0.000000	0.000000	0.000000
0.566000	0.229220	0.228220	0.001000	0.000000	0.000000	0.000000
0.567000	0.228555	0.227555	0.001000	0.000000	0.000000	0.000000
0.568000	0.227880	0.226880	0.001000	0.000000	0.000000	0.000000
0.569000	0.227195	0.226195	0.001000	0.000000	0.000000	0.000000
0.570000	0.226500	0.225500	0.001000	0.000000	0.000000	0.000000
0.571000	0.225795	0.224795	0.001000	0.000000	0.000000	0.000000
0.572000	0.225080	0.224080	0.001000	0.000000	0.000000	0.000000
0.573000	0.224355	0.223355	0.001000	0.000000	0.000000	0.000000
0.574000	0.223620	0.222620	0.001000	0.000000	0.000000	0.000000
0.575000	0.222875	0.221875	0.001000	0.000000	0.000000	0.000000
0.576000	0.222120	0.221120	0.001000	0.000000	0.000000	0.000000
0.577000	0.221355	0.220355	0.001000	0.000000	0.000000	0.000000
0.578000	0.220580	0.219580	0.001000	0.000000	0.000000	0.000000
0.579000	0.219795	0.218795	0.001000	0.000000	0.000000	0.000000
0.580000	0.219000	0.218000	0.001000	0.000000	0.000000	0.000000
0.581000	0.218195	0.217195	0.001000	0.000000	0.000000	0.000000
0.582000	0.217380	0.216380	0.001000	0.000000	0.000000	0.000000
0.583000	0.216555	0.215555	0.001000	0.000000	0.000000	0.000000
0.584000	0.215720	0.214720	0.001000	0.000000	0.000000	0.000000
0.585000	0.214875	0.213875	0.001000	0.000000	0.000000	0.000000
0.586000	0.214020	0.213020	0.001000	0.000000	0.000000	0.000000
0.587000	0.213155	0.212155	0.001000	0.000000	0.000000	0.000000
0.588000	0.212280	0.211280	0.001000	0.000000	0.000000	0.000000
0.589000	0.211395	0.210395	0.001000	0.000000	0.000000	0.000000
0.590000	0.210500	0.209500	0.001000	0.000000	0.000000	0.000000
0.591000	0.209595	0.208595	0.001000	0.000000	0.000000	0.000000
0.592000	0.208680	0.207680	0.001000	0.000000	0.000000	0.000000
0.593000	0.207755	0.206755	0.001000	0.000000	0.000000	0.000000
0.594000	0.206820	0.205820	0.001000	0.000000	0.000000	0.000000
0.595000	0.205875	0.204875	0.001000	0.000000	0.000000	0.000000
0.596000	0.204920	0.203920	0.001000	0.000000	0.000000	0.000000
0.597000	0.203955	0.202955	0.001000	0.000000	0.000000	0.000000
0.598000	0.202980	0.201980	0.001000	0.000000	0.000000	0.000000
0.599000	0.201995	0.200995	0.001000	0.000000	0.000000	0.000000
0.600000	0.201000	0.200000	0.001000	0.000000	0.000000	0.000000
0.601000	0.199995	0.198995	0.001000	0.000000	0.000000	0.000000
0.602000	0.198980	0.197980	0.001000	0.000000	0.000000	0.000000
0.603000	0.197955	0.196955	0.001000	0.000000	0.000000	0.000000
0.604000	0.196920	0.195920	0.001000	0.000000	0.000000	0.000000
0.605000	0.195875	0.194875	0.001000	0.000000	0.000000	0.000000
0.606000	0.194820	0.193820	0.001000	0.000000	0.000000	0.000000
0.607000	0.193755	0.192755	0.001000	0.000000	0.000000	0.000000
0.608000	0.192680	0.191680	0.001000	0.000000	0.000000	0.000000
0.609000	0.191595	0.190595	0.001000	0.000000	0.000000	0.000000
0.610000	0.190500	0.189500	0.001000	0.000000	0.000000	0.000000
0.611000	0.189395	0.188395	0.001000	0.000000	0.000000	0.000000
0.612000	0.188280	0.187280	0.001000	0.000000	0.000000	0.000000
0.613000	0.187155	0.186155	0.001000	0.000000	0.000000	0.000000
0.614000	0.186020	0.185020	0.001000	0.000000	0.000000	0.000000
0.615000	0.184875	0.183875	0.001000	0.000000	0.000000	0.000000
0.616000	0.183720	0.182720	0.001000	0.000000	0.000000	0.000000
0.617000	0.182555	0.181555	0.001000	0.000000	0.000000	0.000000
0.618000	0.181380	0.180380	0.001000	0.000000	0.000000	0.000000
0.619000	0.180195	0.179195	0.001000	0.000000	0.000000	0.000000
0.620000	0.179000	0.178000	0.001000	0.000000	0.000000	0.000000
0.621000	0.177795	0.176795	0.001000	0.000000	0.000000	0.000000
0.622000	0.176580	0.175580	0.001000	0.000000	0.000000	0.000000
0.623000	0.175355	0.174355	0.001000	0.000000	0.000000	0.000000
0.624000	0.174120	0.173120	0.001000	0.000000	0.000000	0.000000
0.625000	0.172875	0.171875	0.001000	0.000000	0.000000	0.000000
0.626000	0.171620	0.170620	0.001000	0.000000	0.000000	0.000000
0.627000	0.170355	0.169355	0.001000	0.000000	0.000000	0.000000
0.628000	0.169080	0.168080	0.001000	0.000000	0.000000	0.000000
0.629000	0.167795	0.166795	0.001000	0.000000	0.000000	0.000000
0.630000	0.166500	0.165500	0.001000	0.000000	0.000000	0.000000
0.631000	0.165195	0.164195	0.001000	0.000000	0.000000	0.000000
0.632000	0.163880	0.162880	0.001000	0.000000	0.000000	0.000000
0.633000	0.162555	0.161555	0.001000	0.000000	0.000000	0.000000
0.634000	0.161220	0.160220	0.001000	0.000000	0.000000	0.000000
0.635000	0.159875	0.158875	0.001000	0.000000	0.000000	0.000000
0.636000	0.158520	0.157520	0.001000	0.000000	0.000000	0.000000
0.637000	0.157155	0.156155	0.001000	0.000000	0.000000	0.000000
0.638000	0.155780	0.154780	0.001000	0.000000	0.000000	0.000000
0.639000	0.154395	0.153395	0.001000	0.000000	0.000000	0.000000
0.640000	0.153000	0.152000	0.001000	0.000000	0.000000	0.000000
0.641000	0.151595	0.150595	0.001000	0.000000	0.000000	0.000000
0.642000	0.150180	0.149180	0.001000	0.000000	0.000000	0.000000
0.643000	0.148755	0.147755	0.001000	0.000000	0.000000	0.000000
0.644000	0.147320	0.146320	0.001000	0.000000	0.000000	0.000000
0.645000	0.145875	0.144875	0.001000	0.000000	0.000000	0.000000
0.646000	0.144420	0.143420	0.001000	0.000000	0.000000	0.000000
0.647000	0.142955	0.141955	0.001000	0.000000	0.000000	0.000000
0.648000	0.141480	0.140480	0.001000	0.000000	0.000000	0.000000
0.649000	0.139995	0.138995	0.001000	0.000000	0.000000	0.000000
0.650000	0.138500	0.137500	0.001000	0.000000	0.000000	0.000000
0.651000	0.136995	0.135995	0.001000	0.000000	0.000000	0.000000
0.652000	0.135480	0.134480	0.001000	0.000000	0.000000	0.000000
0.653000	0.133955	0.132955	0.001000	0.000000	0.000000	0.000000
0.654000	0.132420	0.131420	0.001000	0.000000	0.000000	0.000000
0.655000	0.130875	0.129875	0.001000	0.000000	0.000000	0.000000
0.656000	0.129320	0.128320	0.001000	0.000000	0.000000	0.000000
0.657000	0.127755	0.126755	0.001000	0.000000	0.000000	0.000000
0.658000	0.126180	0.125180	0.001000	0.000000	0.000000	0.000000
0.659000	0.124595	0.123595	0.001000	0.000000	0.000000	0.000000
0.660000	0.123000	0.122000	0.001000	0.000000	0.000000	0.000000
0.661000	0.121395	0.120395	0.001000	0.000000	0.000000	0.000000
0.662000	0.119780	0.118780	0.001000	0.000000	0.000000	0.000000
0.663000	0.118155	0.117155	0.001000	0.000000	0.000000	0.000000
0.664000	0.116520	0.115520	0.001000	0.000000	0.000000	0.000000
0.665000	0.114875	0.113875	0.001000	0.000000	0.000000	0.000000
0.666000	0.113220	0.112220	0.001000	0.000000	0.000000	0.000000
0.667000	0.111555	0.110555	0.001000	0.000000	0.000000	0.000000
0.668000	0.109880	0.108880	0.001000	0.000000	0.000000	0.000000
0.669000	0.108195	0.107195	0.001000	0.000000	0.000000	0.000000
0.670000	0.106500	0.105500	0.001000	0.000000	0.000000	0.000000
0.671000	0.104795	0.103795	0.001000	0.000000	0.000000	0.000000
0.672000	0.103080	0.102080	0.001000	0.000000	0.000000	0.000000
0.673000	0.100949	0.100355	0.000594	0.000000	0.000000	-0.406111
0.674000	0.099632	0.098620	0.001012	0.036995	0.005021	-0.368131
0.675000	0.100077	0.096875	0.003202	-0.001275	0.002822	0.077202
0.676000	0.100013	0.095120	0.004893	0.000732	0.002283	0.013114
0.677000	0.100005	0.093355	0.006650	0.000148	0.001959	0.004838
0.678000	0.099998	0.091580	0.008418	-0.000082	0.001741	-0.001611
0.679000	0.099996	0.089795	0.010201	-0.000139	0.001581	-0.003891
0.680000	0.099997	0.088000	0.011997	-0.000106	0.001458	-0.003281
0.681000	0.099999	0.086195	0.013804	-0.000046	0.001359	-0.001377
0.682000	0.100001	0.084380	0.015621	0.000005	0.001278	0.000553
0.683000	0.100002	0.082555	0.017447	0.000034	0.001209	0.001819
0.684000	0.100002	0.080720	0.019282	0.000041	0.001150	0.002258
0.685000	0.100002	0.078875	0.021127	0.000034	0.001099	0.002039
0.686000	0.100001	0.077020	0.022981	0.000020	0.001054	0.001460
0.687000	0.100001	0.075155	0.024846	0.000006	0.001013	0.000806
0.688000	0.100000	0.073280	0.026720	-0.000005	0.000977	0.000277
0.689000	0.100000	0.071395	0.028605	-0.000010	0.000944	-0.000028
0.690000	0.100000	0.069500	0.030500	-0.000011	0.000915	-0.000101
0.691000	0.100000	0.067595	0.032405	-0.000008	0.000887	0.000015
0.692000	0.100000	0.065680	0.034320	-0.000004	0.000862	0.000247
0.693000	0.100001	0.063755	0.036246	0.000001	0.000839	0.000520
0.694000	0.100001	0.061820	0.038181	0.000005	0.000817	0.000770
0.695000	0.100001	0.059875	0.040126	0.000007	0.000797	0.000956
0.696000	0.100001	0.057920	0.042081	0.000008	0.000779	0.001056
0.697000	0.100001	0.055955	0.044046	0.000008	0.000761	0.001070
0.698000	0.100001	0.053980	0.046021	0.000007	0.000745	0.001011
0.699000	0.100001	0.051995	0.048006	0.000005	0.000729	0.000902
0.700000	0.100001	0.050000	0.050001	0.000003	0.000714	0.000768
0.701000	0.100001	0.047995	0.052006	0.000001	0.000700	0.000634
0.702000	0.100001	0.045980	0.054021	-0.000000	0.000687	0.000519
0.703000	0.100000	0.043955	0.056045	-0.000001	0.000675	0.000436
0.704000	0.100000	0.041920	0.058080	-0.000002	0.000663	0.000392
0.705000	0.100000	0.039875	0.060125	-0.000002	0.000651	0.000386
0.706000	0.100000	0.037820	0.062180	-0.000002	0.000641	0.000415
0.707000	0.100000	0.035755	0.064245	-0.000001	0.000630	0.000470
0.708000	0.100001	0.033680	0.066321	-0.000000	0.000620	0.000540
0.709000	0.100001	0.031595	0.068406	0.000001	0.000611	0.000617
0.710000	0.100001	0.029500	0.070501	0.000002	0.000602	0.000690
0.711000	0.100001	0.027395	0.072606	0.000002	0.000593	0.000753
0.712000	0.100001	0.025280	0.074721	0.000003	0.000584	0.000800
0.713000	0.100001	0.023155	0.076846	0.000003	0.000576	0.000830
0.714000	0.100001	0.021020	0.078981	0.000003	0.000568	0.000843
0.715000	0.100001	0.018875	0.081126	0.000003	0.000561	0.000839
0.716000	0.100001	0.016720	0.083281	0.000002	0.000553	0.000823
0.717000	0.100001	0.014555	0.085446	0.000002	0.000546	0.000798
0.718000	0.100001	0.012380	0.087621	0.000002	0.000540	0.000770
0.719000	0.100001	0.010195	0.089806	0.000001	0.000533	0.000743
0.720000	0.100001	0.008000	0.092001	0.000001	0.000527	0.000720
0.721000	0.100001	0.005795	0.094206	0.000001	0.000520	0.000706
0.722000	0.100001	0.003580	0.096421	0.000001	0.000514	0.000701
0.723000	0.100001	0.001355	0.098646	0.000001	0.000509	0.000707
0.724000	0.100001	0.000000	0.100001	0.000001	0.000505	0.000725
0.725000	0.100001	0.000000	0.100001	0.000001	0.000505	0.000753
0.726000	0.100001	0.000000	0.100001	0.000001	0.000505	0.000790
0.727000	0.100001	0.000000	0.100001	0.000002	0.000505	0.000835
0.728000	0.100001	0.000000	0.100001	0.000002	0.000505	0.000884
0.729000	0.100001	0.000000	0.100001	0.000003	0.000505	0.000934
0.730000	0.100001	0.000000	0.100001	0.000003	0.000505	0.000983
0.731000	0.100001	0.000000	0.100001	0.000004	0.000505	0.001027
0.732000	0.100001	0.000000	0.100001	0.000004	0.000505	0.001064
0.733000	0.100001	0.000000	0.100001	0.000004	0.000505	0.001092
0.734000	0.100001	0.000000	0.100001	0.000004	0.000505	0.001110
0.735000	0.100001	0.000000	0.100001	0.000004	0.000505	0.001119
0.736000	0.100001	0.000000	0.100001	0.000004	0.000505	0.001117
0.737000	0.100001	0.000000	0.100001	0.000004	0.000505	0.001107
0.738000	0.100001	0.000000	0.100001	0.000004	0.000505	0.001091
0.739000	0.100001	0.000000	0.100001	0.000004	0.000505	0.001071
0.740000	0.100001	0.000000	0.100001	0.000003	0.000505	0.001050
0.741000	0.100001	0.000000	0.100001	0.000003	0.000505	0.001030
0.742000	0.100001	0.000000	0.100001	0.000003	0.000505	0.001014
0.743000	0.100001	0.000000	0.100001	0.000003	0.000505	0.001003
0.744000	0.100001	0.000000	0.100001	0.000003	0.000505	0.000999
0.745000	0.100001	0.000000	0.100001	0.000002	0.000505	0.001004
0.746000	0.100001	0.000000	0.100001	0.000003	0.000505	0.001016
0.747000	0.100001	0.000000	0.100001	0.000003	0.000505	0.001037
0.748000	0.100001	0.000000	0.100001	0.000003	0.000505	0.001063
0.749000	0.100001	0.000000	0.100001	0.000003	0.000505	0.001095
0.750000	0.100001	0.000000	0.100001	0.000003	0.000505	0.001129
0.751000	0.100001	0.000000	0.100001	0.000004	0.000505	0.001164
0.752000	0.100001	0.000000	0.100001	0.000004	0.000505	0.001198
0.753000	0.100001	0.000000	0.100001	0.000004	0.000505	0.001229
0.754000	0.100001	0.000000	0.100001	0.000004	0.000505	0.001256
0.755000	0.100001	0.000000	0.100001	0.000004	0.000505	0.001277
0.756000	0.100001	0.000000	0.100001	0.000005	0.000505	0.001291
0.757000	0.100001	0.000000	0.100001	0.000005	0.000505	0.001300
0.758000	0.100001	0.000000	0.100001	0.000004	0.000505	0.001302
0.759000	0.100001	0.000000	0.100001	0.000004	0.000505	0.001300
0.760000	0.100001	0.000000	0.100001	0.000004	0.000505	0.001294
0.761000	0.100001	0.000000	0.100001	0.000004	0.000505	0.001286
0.762000	0.100001	0.000000	0.100001	0.000004	0.000505	0.001277
0.763000	0.100001	0.000000	0.100001	0.000004	0.000505	0.001270
0.764000	0.100001	0.000000	0.100001	0.000004	0.000505	0.001266
0.765000	0.100001	0.000000	0.100001	0.000004	0.000505	0.001265
0.766000	0.100001	0.000000	0.100001	0.000003	0.000505	0.001270
0.767000	0.100001	0.000000	0.100001	0.000003	0.000505	0.001279
0.768000	0.100001	0.000000	0.100001	0.000004	0.000505	0.001293
0.769000	0.100001	0.000000	0.100001	0.000004	0.000505	0.001313
0.770000	0.100001	0.000000	0.100001	0.000004	0.000505	0.001336
0.771000	0.100001	0.000000	0.100001	0.000004	0.000505	0.001361
0.772000	0.100001	0.000000	0.100001	0.000004	0.000505	0.001389
0.773000	0.100001	0.000000	0.100001	0.000004	0.000505	0.001416
0.774000	0.100001	0.000000	0.100001	0.000004	0.000505	0.001442
0.775000	0.100001	0.000000	0.100001	0.000005	0.000505	0.001467
0.776000	0.100001	0.000000	0.100001	0.000005	0.000505	0.001488
0.777000	0.100002	0.000000	0.100002	0.000005	0.000505	0.001505
0.778000	0.100002	0.000000	0.100002	0.000005	0.000505	0.001518
0.779000	0.100002	0.000000	0.100002	0.000005	0.000505	0.001528
0.780000	0.100002	0.000000	0.100002	0.000005	0.000505	0.001533
0.781000	0.100002	0.000000	0.100002	0.000005	0.000505	0.001536
0.782000	0.100002	0.000000	0.100002	0.000005	0.000505	0.001537
0.783000	0.100002	0.000000	0.100002	0.000004	0.000505	0.001537
0.784000	0.100002	0.000000	0.100002	0.000004	0.000505	0.001537
0.785000	0.100002	0.000000	0.100002	0.000004	0.000505	0.001538
0.786000	0.100002	0.000000	0.100002	0.000004	0.000505	0.001541
0.787000	0.100002	0.000000	0.100002	0.000004	0.000505	0.001547
0.788000	0.100002	0.000000	0.100002	0.000004	0.000505	0.001556
0.789000	0.100002	0.000000	0.100002	0.000004	0.000505	0.001568
0.790000	0.100002	0.000000	0.100002	0.000004	0.000505	0.001583
0.791000	0.100002	0.000000	0.100002	0.000004	0.000505	0.001601
0.792000	0.100002	0.000000	0.100002	0.000004	0.000505	0.001621
0.793000	0.100002	0.000000	0.100002	0.000004	0.000505	0.001643
0.794000	0.100002	0.000000	0.100002	0.000005	0.000505	0.001666
0.795000	0.100002	0.000000	0.100002	0.000005	0.000505	0.001688
0.796000	0.100002	0.000000	0.100002	0.000005	0.000505	0.001710
0.797000	0.100002	0.000000	0.100002	0.000005	0.000505	0.001730
0.798000	0.100002	0.000000	0.100002	0.000005	0.000505	0.001748
0.799000	0.100002	0.000000	0.100002	0.000005	0.000505	0.001763
0.800000	0.100002	0.000000	0.100002	0.000005	0.000505	0.001776
0.801000	0.100002	0.000000	0.100002	0.000005	0.000505	0.001786
0.802000	0.100002	0.000000	0.100002	0.000005	0.000505	0.001795
0.803000	0.100002	0.000000	0.100002	0.000005	0.000505	0.001801
0.804000	0.100002	0.000000	0.100002	0.000005	0.000505	0.001807
0.805000	0.100002	0.000000	0.100002	0.000005	0.000505	0.001812
0.806000	0.100002	0.000000	0.100002	0.000005	0.000505	0.001817
0.807000	0.100002	0.000000	0.100002	0.000005	0.000505	0.001823
0.808000	0.100002	0.000000	0.100002	0.000005	0.000505	0.001831
0.809000	0.100002	0.000000	0.100002	0.000005	0.000505	0.001840
0.810000	0.100002	0.000000	0.100002	0.000005	0.000505	0.001851
0.811000	0.100002	0.000000	0.100002	0.000005	0.000505	0.001865
0.812000	0.100002	0.000000	0.100002	0.000005	0.000505	0.001880
0.813000	0.100002	0.000000	0.100002	0.000005	0.000505	0.001897
0.814000	0.100002	0.000000	0.100002	0.000005	0.000505	0.001916
0.815000	0.100002	0.000000	0.100002	0.000005	0.000505	0.001935
0.816000	0.100002	0.000000	0.100002	0.000005	0.000505	0.001955
0.817000	0.100002	0.000000	0.100002	0.000005	0.000505	0.001974
0.818000	0.100002	0.000000	0.100002	0.000005	0.000505	0.001993
0.819000	0.100002	0.000000	0.100002	0.000005	0.000505	0.002011
0.820000	0.100002	0.000000	0.100002	0.000005	0.000505	0.002027
0.821000	0.100002	0.000000	0.100002	0.000005	0.000505	0.002042
0.822000	0.100002	0.000000	0.100002	0.000005	0.000505	0.002056
0.823000	0.100002	0.000000	0.100002	0.000005	0.000505	0.002068
0.824000	0.100002	0.000000	0.100002	0.000005	0.000505	0.002078
0.825000	0.100002	0.000000	0.100002	0.000005	0.000505	0.002088
0.826000	0.100002	0.000000	0.100002	0.000005	0.000505	0.002097
0.827000	0.100002	0.000000	0.100002	0.000005	0.000505	0.002106
0.828000	0.100002	0.000000	0.100002	0.000005	0.000505	0.002116
0.829000	0.100002	0.000000	0.100002	0.000005	0.000505	0.002126
0.830000	0.100002	0.000000	0.100002	0.000004	0.000505	0.002138
0.831000	0.100002	0.000000	0.100002	0.000004	0.000505	0.002150
0.832000	0.100002	0.000000	0.100002	0.000004	0.000505	0.002164
0.833000	0.100002	0.000000	0.100002	0.000004	0.000505	0.002180
0.834000	0.100002	0.000000	0.100002	0.000004	0.000505	0.002196
0.835000	0.100002	0.000000	0.100002	0.000004	0.000505	0.002214
0.836000	0.100002	0.000000	0.100002	0.000004	0.000505	0.002233
0.837000	0.100002	0.000000	0.100002	0.000004	0.000505	0.002252
0.838000	0.100002	0.000000	0.100002	0.000004	0.000505	0.002271
0.839000	0.100002	0.000000	0.100002	0.000004	0.000505	0.002290
0.840000	0.100002	0.000000	0.100002	0.000004	0.000505	0.002309
0.841000	0.100002	0.000000	0.100002	0.000004	0.000505	0.002326
0.842000	0.100002	0.000000	0.100002	0.000004	0.000505	0.002343
0.843000	0.100002	0.000000	0.100002	0.000004	0.000505	0.002359
0.844000	0.100002	0.000000	0.100002	0.000004	0.000505	0.002374
0.845000	0.100002	0.000000	0.100002	0.000004	0.000505	0.002387
0.846000	0.100002	0.000000	0.100002	0.000004	0.000505	0.002400
0.847000	0.100002	0.000000	0.100002	0.000004	0.000505	0.002412
0.848000	0.100002	0.000000	0.100002	0.000004	0.000505	0.002424
0.849000	0.100002	0.000000	0.100002	0.000004	0.000505	0.002435
0.850000	0.100002	0.000000	0.100002	0.000004	0.000505	0.002446
0.851000	0.100002	0.000000	0.100002	0.000004	0.000505	0.002458
0.852000	0.100002	0.000000	0.100002	0.000004	0.000505	0.002470
0.853000	0.100002	0.000000	0.100002	0.000004	0.000505	0.002482
0.854000	0.100002	0.000000	0.100002	0.000004	0.000505	0.002495
0.855000	0.100003	0.000000	0.100003	0.000004	0.000505	0.002509
0.856000	0.100003	0.000000	0.100003	0.000004	0.000505	0.002523
0.857000	0.100003	0.000000	0.100003	0.000004	0.000505	0.002537
0.858000	0.100003	0.000000	0.100003	0.000004	0.000505	0.002551
0.859000	0.100003	0.000000	0.100003	0.000004	0.000505	0.002565
0.860000	0.100003	0.000000	0.100003	0.000004	0.000505	0.002579
0.861000	0.100003	0.000000	0.100003	0.000004	0.000505	0.002592
0.862000	0.100003	0.000000	0.100003	0.000004	0.000505	0.002605
0.863000	0.100003	0.000000	0.100003	0.000004	0.000505	0.002616
0.864000	0.100003	0.000000	0.100003	0.000004	0.000505	0.002627
0.865000	0.100003	0.000000	0.100003	0.000004	0.000505	0.002637
0.866000	0.100003	0.000000	0.100003	0.000004	0.000505	0.002645
0.867000	0.100003	0.000000	0.100003	0.000004	0.000505	0.002653
0.868000	0.100003	0.000000	0.100003	0.000004	0.000505	0.002660
0.869000	0.100003	0.000000	0.100003	0.000004	0.000505	0.002667
0.870000	0.100003	0.000000	0.100003	0.000004	0.000505	0.002673
0.871000	0.100003	0.000000	0.100003	0.000004	0.000505	0.002679
0.872000	0.100003	0.000000	0.100003	0.000004	0.000505	0.002685
0.873000	0.100003	0.000000	0.100003	0.000004	0.000505	0.002691
0.874000	0.100003	0.000000	0.100003	0.000004	0.000505	0.002697
0.875000	0.100003	0.000000	0.100003	0.000004	0.000505	0.002704
0.876000	0.100003	0.000000	0.100003	0.000004	0.000505	0.002711
0.877000	0.100003	0.000000	0.100003	0.000004	0.000505	0.002719
0.878000	0.100003	0.000000	0.100003	0.000004	0.000505	0.002727
0.879000	0.100003	0.000000	0.100003	0.000004	0.000505	0.002735
0.880000	0.100003	0.000000	0.100003	0.000004	0.000505	0.002743
0.881000	0.100003	0.000000	0.100003	0.000004	0.000505	0.002752
0.882000	0.100003	0.000000	0.100003	0.000004	0.000505	0.002760
0.883000	0.100003	0.000000	0.100003	0.000004	0.000505	0.002769
0.884000	0.100003	0.000000	0.100003	0.000004	0.000505	0.002777
0.885000	0.100003	0.000000	0.100003	0.000004	0.000505	0.002785
0.886000	0.100003	0.000000	0.100003	0.000004	0.000505	0.002792
0.887000	0.100003	0.000000	0.100003	0.000004	0.000505	0.002799
0.888000	0.100003	0.000000	0.100003	0.000004	0.000505	0.002806
0.889000	0.100003	0.000000	0.100003	0.000004	0.000505	0.002812
0.890000	0.100003	0.000000	0.100003	0.000004	0.000505	0.002819
0.891000	0.100003	0.000000	0.100003	0.000004	0.000505	0.002825
0.892000	0.100003	0.000000	0.100003	0.000004	0.000505	0.002831
0.893000	0.100003	0.000000	0.100003	0.000004	0.000505	0.002837
0.894000	0.100003	0.000000	0.100003	0.000004	0.000505	0.002844
0.895000	0.100003	0.000000	0.100003	0.000004	0.000505	0.002851
0.896000	0.100003	0.000000	0.100003	0.000004	0.000505	0.002858
0.897000	0.100003	0.000000	0.100003	0.000004	0.000505	0.002865
0.898000	0.100003	0.000000	0.100003	0.000004	0.000505	0.002874
0.899000	0.100003	0.000000	0.100003	0.000004	0.000505	0.002882
0.900000	0.100003	0.000000	0.100003	0.000004	0.000505	0.002891
0.901000	0.100003	0.000000	0.100003	0.000004	0.000505	0.002900
0.902000	0.100003	0.000000	0.100003	0.000004	0.000505	0.002909
0.903000	0.100003	0.000000	0.100003	0.000004	0.000505	0.002918
0.904000	0.100003	0.000000	0.100003	0.000004	0.000505	0.002928
0.905000	0.100003	0.000000	0.100003	0.000004	0.000505	0.002937
0.906000	0.100003	0.000000	0.100003	0.000004	0.000505	0.002946
0.907000	0.100003	0.000000	0.100003	0.000004	0.000505	0.002955
0.908000	0.100003	0.000000	0.100003	0.000003	0.000505	0.002964
0.909000	0.100003	0.000000	0.100003	0.000003	0.000505	0.002972
0.910000	0.100003	0.000000	0.100003	0.000003	0.000505	0.002980
0.911000	0.100003	0.000000	0.100003	0.000003	0.000505	0.002988
0.912000	0.100003	0.000000	0.100003	0.000003	0.000505	0.002996
0.913000	0.100003	0.000000	0.100003	0.000003	0.000505	0.003004
0.914000	0.100003	0.000000	0.100003	0.000003	0.000505	0.003011
0.915000	0.100003	0.000000	0.100003	0.000003	0.000505	0.003019
0.916000	0.100003	0.000000	0.100003	0.000003	0.000505	0.003027
0.917000	0.100003	0.000000	0.100003	0.000003	0.000505	0.003035
0.918000	0.100003	0.000000	0.100003	0.000003	0.000505	0.003043
0.919000	0.100003	0.000000	0.100003	0.000003	0.000505	0.003051
0.920000	0.100003	0.000000	0.100003	0.000003	0.000505	0.003060
0.921000	0.100003	0.000000	0.100003	0.000003	0.000505	0.003068
0.922000	0.100003	0.000000	0.100003	0.000003	0.000505	0.003077
0.923000	0.100003	0.000000	0.100003	0.000003	0.000505	0.003085
0.924000	0.100003	0.000000	0.100003	0.000003	0.000505	0.003094
0.925000	0.100003	0.000000	0.100003	0.000003	0.000505	0.003103
0.926000	0.100003	0.000000	0.100003	0.000003	0.000505	0.003111
0.927000	0.100003	0.000000	0.100003	0.000003	0.000505	0.003119
0.928000	0.100003	0.000000	0.100003	0.000003	0.000505	0.003128
0.929000	0.100003	0.000000	0.100003	0.000003	0.000505	0.003135
0.930000	0.100003	0.000000	0.100003	0.000003	0.000505	0.003143
0.931000	0.100003	0.000000	0.100003	0.000003	0.000505	0.003150
0.932000	0.100003	0.000000	0.100003	0.000003	0.000505	0.003157
0.933000	0.100003	0.000000	0.100003	0.000002	0.000505	0.003164
0.934000	0.100003	0.000000	0.100003	0.000002	0.000505	0.003171
0.935000	0.100003	0.000000	0.100003	0.000002	0.000505	0.003178
0.936000	0.100003	0.000000	0.100003	0.000002	0.000505	0.003184
0.937000	0.100003	0.000000	0.100003	0.000002	0.000505	0.003190
0.938000	0.100003	0.000000	0.100003	0.000002	0.000505	0.003196
0.939000	0.100003	0.000000	0.100003	0.000002	0.000505	0.003203
0.940000	0.100003	0.000000	0.100003	0.000002	0.000505	0.003209
0.941000	0.100003	0.000000	0.100003	0.000002	0.000505	0.003215
0.942000	0.100003	0.000000	0.100003	0.000002	0.000505	0.003221
0.943000	0.100003	0.000000	0.100003	0.000002	0.000505	0.003227
0.944000	0.100003	0.000000	0.100003	0.000002	0.000505	0.003233
0.945000	0.100003	0.000000	0.100003	0.000002	0.000505	0.003239
0.946000	0.100003	0.000000	0.100003	0.000002	0.000505	0.003245
0.947000	0.100003	0.000000	0.100003	0.000002	0.000505	0.003251
0.948000	0.100003	0.000000	0.100003	0.000002	0.000505	0.003257
0.949000	0.100003	0.000000	0.100003	0.000002	0.000505	0.003262
0.950000	0.100003	0.000000	0.100003	0.000002	0.000505	0.003267
0.951000	0.100003	0.000000	0.100003	0.000002	0.000505	0.003272
0.952000	0.100003	0.000000	0.100003	0.000002	0.000505	0.003277
0.953000	0.100003	0.000000	0.100003	0.000002	0.000505	0.003281
0.954000	0.100003	0.000000	0.100003	0.000002	0.000505	0.003286
0.955000	0.100003	0.000000	0.100003	0.000002	0.000505	0.003289
0.956000	0.100003	0.000000	0.100003	0.000002	0.000505	0.003293
0.957000	0.100003	0.000000	0.100003	0.000001	0.000505	0.003297
0.958000	0.100003	0.000000	0.100003	0.000001	0.000505	0.003300
0.959000	0.100003	0.000000	0.100003	0.000001	0.000505	0.003304
0.960000	0.100003	0.000000	0.100003	0.000001	0.000505	0.003307
0.961000	0.100003	0.000000	0.100003	0.000001	0.000505	0.003310
0.962000	0.100003	0.000000	0.100003	0.000001	0.000505	0.003313
0.963000	0.100003	0.000000	0.100003	0.000001	0.000505	0.003316
0.964000	0.100003	0.000000	0.100003	0.000001	0.000505	0.003319
0.965000	0.100003	0.000000	0.100003	0.000001	0.000505	0.003322
0.966000	0.100003	0.000000	0.100003	0.000001	0.000505	0.003325
0.967000	0.100003	0.000000	0.100003	0.000001	0.000505	0.003327
0.968000	0.100003	0.000000	0.100003	0.000001	0.000505	0.003330
0.969000	0.100003	0.000000	0.100003	0.000001	0.000505	0.003332
0.970000	0.100003	0.000000	0.100003	0.000001	0.000505	0.003335
0.971000	0.100003	0.000000	0.100003	0.000001	0.000505	0.003337
0.972000	0.100003	0.000000	0.100003	0.000001	0.000505	0.003339
0.973000	0.100003	0.000000	0.100003	0.000001	0.000505	0.003341
0.974000	0.100003	0.000000	0.100003	0.000001	0.000505	0.003343
0.975000	0.100003	0.000000	0.100003	0.000001	0.000505	0.003344
0.976000	0.100003	0.000000	0.100003	0.000001	0.000505	0.003346
0.977000	0.100003	0.000000	0.100003	0.000001	0.000505	0.003347
0.978000	0.100003	0.000000	0.100003	0.000001	0.000505	0.003348
0.979000	0.100003	0.000000	0.100003	0.000001	0.000505	0.003349
0.980000	0.100003	0.000000	0.100003	0.000001	0.000505	0.003350
0.981000	0.100003	0.000000	0.100003	0.000001	0.000505	0.003351
0.982000	0.100003	0.000000	0.100003	0.000001	0.000505	0.003352
0.983000	0.100003	0.000000	0.100003	0.000001	0.000505	0.003353
0.984000	0.100003	0.000000	0.100003	0.000001	0.000505	0.003353
0.985000	0.100003	0.000000	0.100003	0.000000	0.000505	0.003354
0.986000	0.100003	0.000000	0.100003	0.000000	0.000505	0.003355
0.987000	0.100003	0.000000	0.100003	0.000000	0.000505	0.003356
0.988000	0.100003	0.000000	0.100003	0.000000	0.000505	0.003356
0.989000	0.100003	0.000000	0.100003	0.000000	0.000505	0.003357
0.990000	0.100003	0.000000	0.100003	0.000000	0.000505	0.003357
0.991000	0.100003	0.000000	0.100003	0.000000	0.000505	0.003358
0.992000	0.100003	0.000000	0.100003	0.000000	0.000505	0.003358
0.993000	0.100003	0.000000	0.100003	0.000000	0.000505	0.003359
0.994000	0.100003	0.000000	0.100003	0.000000	0.000505	0.003359
0.995000	0.100003	0.000000	0.100003	0.000000	0.000505	0.003359
0.996000	0.100003	0.000000	0.100003	0.000000	0.000505	0.003359
0.997000	0.100003	0.000000	0.100003	0.000000	0.000505	0.003360
0.998000	0.100003	0.000000	0.100003	0.000000	0.000505	0.003360
0.999000	0.100003	0.000000	0.100003	0.000000	0.000505	0.003360
1.000000	0.100003	0.000000	0.100003	-0.000000	0.000505	0.003360
