2	2517
0	0
0	30
75	0
75	30
0	5
0	10
0	15
0	20
0	25
5	0
10	0
15	0
20	0
25	0
30	0
35	0
40	0
45	0
50	0
55	0
60	0
65	0
70	0
5	30
10	30
15	30
20	30
25	30
30	30
35	30
40	30
45	30
50	30
55	30
60	30
65	30
70	30
75	5
75	10
75	15
75	20
75	25
57.8721	14.4072
37.3495	14.0429
17.5821	14.4849
46.323	18.8769
26.6958	18.4681
24.8137	8.56776
45.9336	9.99081
8.78575	13.4544
66.416	12.4699
12.4316	20.846
66.1123	20.5386
54.0501	7.51985
37.405	22.2945
33.1333	7.34059
16.4017	7.7833
56.4815	22.6726
19.2241	22.9179
62.1844	6.16988
7.30478	6.73171
31.1378	12.8748
51.3878	13.369
68.0612	5.51945
39.684	6.75618
7.25904	21.0602
43.5106	24.0944
42.4966	18.3719
50.4715	23.8115
31.0928	23.3728
24.0872	24.7222
23.6243	14.8433
33.433	16.2942
52.6383	18.5114
61.3406	17.4639
69.0965	15.7163
62.8862	25.7146
49.1878	5.78913
28.9723	5.99391
5.37417	16.0184
22.3591	3.92881
57.9195	4.23424
13.3578	11.3046
11.6446	6.55069
19.927	10.6126
58.926	9.55085
44.9798	14.7555
41.1323	11.3628
14.8021	25.0491
71.1696	22.8512
67.828	25.9785
70.7302	11.5794
5.41399	10.3555
12.9745	16.1183
62.2307	13.2168
23.4983	20.2253
44.3395	6.21972
10.6033	25.0789
47.1746	26.379
16.3264	19.1126
36.3902	9.99468
65.0392	15.8811
35.745	4.60593
28.2179	26.1758
53.2315	3.50864
50.5844	10.2322
29.771	9.60507
54.4293	11.7713
27.6287	12.3222
54.1333	25.1696
34.7838	24.8462
39.2093	25.7363
14.626	4.19254
38.0647	18.409
56.5284	18.8599
18.0601	26.9786
3.48796	6.51932
71.7995	26.7659
31.8664	3.44689
6.52608	25.9844
58.125	25.9034
9.30138	9.67938
65.083	3.9967
71.2656	7.40093
9.36501	17.4995
20.051	18.3168
21.2743	26.9237
71.1994	3.41803
2.78284	3.09129
62.0374	2.88016
63.784	9.51941
42.2889	3.15291
5.71873	13.1853
18.1185	3.80824
27.3072	22.0706
42.9789	27.242
34.2499	12.7457
46.8969	22.4193
11.9654	2.81673
67.6003	8.88503
48.5065	12.9359
40.8046	15.3884
16.8171	11.0464
38.5436	2.903
28.3475	2.73807
46.1632	3.03235
42.7724	8.58237
8.55684	3.33938
2.97006	26.7919
20.324	6.94015
28.7951	15.7103
49.6407	16.3221
49.8887	20.2489
53.7494	15.5401
51.3559	27.072
31.8189	26.8789
65.3426	6.81809
12.6013	27.532
44.0025	21.0873
36.2381	7.17435
25.8985	4.24571
3.30138	12.9118
60.2457	21.8588
5.42648	3.93634
15.696	21.9814
53.357	21.5457
30.2497	19.4504
40.7815	21.6656
34.1715	20.7778
71.2757	18.8212
3.19149	19.0107
3.32444	22.9745
32.9364	10.5122
67.8687	2.58684
0	2.5
0	7.5
0	12.5
0	17.5
0	22.5
0	27.5
2.5	0
7.5	0
12.5	0
17.5	0
22.5	0
27.5	0
32.5	0
37.5	0
42.5	0
47.5	0
52.5	0
57.5	0
62.5	0
67.5	0
72.5	0
2.5	30
7.5	30
12.5	30
17.5	30
22.5	30
27.5	30
32.5	30
37.5	30
42.5	30
47.5	30
52.5	30
57.5	30
62.5	30
67.5	30
72.5	30
75	2.5
75	7.5
75	12.5
75	17.5
75	22.5
75	27.5
9.84533	20.9531
44.4098	18.6244
24.5436	27.3611
21.6556	23.82
20.6032	14.6641
25.16	16.6557
24.219	11.7055
35.3913	15.1685
32.2854	14.5845
59.6064	15.9355
63.7264	19.0013
72.0482	15.3581
67.7562	14.0931
67.6044	18.1274
61.4431	27.8573
63.9431	27.8573
64.4992	23.1266
49.5939	2.89456
47.5607	7.88997
51.6189	6.65449
26.893	7.28084
31.0528	6.66725
2.68708	15.5092
7.07996	14.7364
6.31661	18.5393
21.1796	1.96441
23.6796	1.96441
23.5864	6.24829
56.4598	2.11712
58.9598	2.11712
55.9848	5.87704
60.052	5.20206
15.4699	12.8948
11.0718	12.3795
14.8797	9.54396
14.0232	7.16699
9.4747	6.6412
12.5012	8.92766
18.7545	12.5488
22.3703	9.59019
18.1644	9.19796
21.7756	12.728
58.3991	11.979
56.4881	8.53535
60.5552	7.86037
58.4228	6.89255
45.6514	16.8162
45.4567	12.3732
43.7382	16.5637
39.2409	12.7028
43.5329	10.6768
40.4082	9.05947
43.0561	13.0591
14.901	27.5245
13.6169	22.9476
17.0131	23.9835
73.0848	21.4256
73.0848	23.9256
68.6409	21.6949
66.414	27.9892
68.914	27.9892
66.9701	23.2585
65.3571	25.8465
69.4988	24.4148
72.8651	10.7897
72.8651	13.2897
68.5731	12.0246
69.9133	13.6478
2.707	10.1777
7.09987	11.9049
6.35938	8.54359
15.2783	15.3016
10.8801	14.7864
12.703	18.4822
13.1661	13.7115
60.0514	13.812
64.3233	12.8434
61.7856	15.3404
60.5783	11.3838
25.0971	19.3467
21.3612	21.5716
23.7928	22.4738
23.5613	17.5343
45.1365	8.10526
42.0118	6.48795
46.7636	6.00442
10.3016	27.5395
11.5174	22.9625
8.93116	23.0695
12.7027	25.064
46.0873	28.1895
48.5873	28.1895
45.3426	25.2367
48.8231	25.0953
16.9542	16.7987
14.379	19.9793
17.7752	21.0152
14.6504	17.6155
36.8699	12.0188
34.7618	8.66764
38.0371	8.37543
38.7613	10.6787
65.7276	14.1755
65.5757	18.2098
63.1899	16.6725
67.0678	15.7987
63.6349	14.549
35.3725	2.30297
34.4392	5.97326
37.7145	5.68105
26.609	28.0879
29.109	28.0879
29.6554	24.7743
26.1526	25.449
51.6157	1.75432
54.1157	1.75432
53.6408	5.51424
51.2096	4.64888
55.5755	3.87144
48.259	10.1115
52.3172	8.87602
50.9861	11.8006
49.8861	8.01066
27.2923	9.08642
31.4521	8.47283
30.4544	11.24
29.3716	7.79949
56.1507	13.0892
54.2397	9.64556
52.9085	12.5701
56.6777	10.6611
52.5068	11.0017
26.2212	10.445
29.3832	12.5985
25.6265	13.5827
28.6998	10.9636
54.5666	27.5848
55.3074	23.9211
52.3024	24.4906
34.8919	27.4231
36.0944	23.5703
32.9383	24.1095
37.1047	27.8682
39.6047	27.8682
38.3072	24.0154
41.36	24.9154
36.9966	25.2912
14.813	2.09627
15.5138	5.98792
13.1353	5.37161
37.7071	16.2259
37.7349	20.3517
40.2807	18.3904
35.7488	17.3516
57.2002	16.6335
56.5049	20.7663
54.5833	18.6857
58.9345	18.1619
16.53	28.4893
19.03	28.4893
18.6421	24.9482
16.4311	26.0138
1.74398	5.75966
1.74398	8.25966
5.39637	6.62551
4.45098	8.4374
73.3998	28.383
70.8998	28.383
73.3998	25.883
71.4846	24.8086
69.8138	26.3722
30.9332	1.72344
33.4332	1.72344
32.4999	5.39374
30.4194	4.7204
33.8057	4.02641
5.76304	27.9922
8.26304	27.9922
6.89256	23.5223
8.56468	25.5317
56.5625	27.9517
59.0625	27.9517
57.3033	24.288
60.5056	25.809
56.1291	25.5365
9.04357	11.5669
8.30308	8.20554
11.3296	10.492
10.473	8.11503
7.35769	10.0174
65.0415	1.99835
63.6337	5.08329
66.5721	4.75808
73.1328	6.20046
73.1328	8.70046
69.6634	6.46019
70.9979	9.49016
9.07538	15.4769
10.8983	19.1728
8.31203	19.2798
7.36959	16.7589
11.1698	16.8089
18.8165	16.4009
19.6376	20.6173
21.8376	16.58
21.7747	19.2711
18.1887	18.7147
20.6371	28.4619
23.1371	28.4619
20.2492	24.9208
22.6807	25.823
19.6672	26.9512
73.0997	1.70902
70.5997	1.70902
73.0997	4.20902
69.6303	4.46874
71.2325	5.40948
1.39142	1.54564
1.39142	4.04564
3.89142	1.54564
3.1354	4.8053
61.0187	1.44008
63.5187	1.44008
62.1109	4.52502
59.9784	3.5572
63.5602	3.43843
65.1	10.9947
62.9842	7.84464
61.355	9.53513
63.0073	11.3681
41.1444	1.57645
43.6444	1.57645
40.9865	4.95454
43.3142	4.68631
7.25224	13.3198
5.54645	14.6018
5.56636	11.7704
16.5592	1.90412
19.0592	1.90412
17.2601	5.79577
20.2388	3.86853
16.3722	4.00039
27.0015	20.2693
29.2	22.7217
25.6972	23.3964
25.4028	21.148
27.7626	24.1232
41.4895	28.621
43.9895	28.621
43.2448	25.6682
45.0768	26.8105
41.0941	26.4891
35.7997	13.3943
32.6939	12.8103
33.8414	14.5199
35.3201	11.3702
46.61	20.6481
45.2038	23.2569
48.6842	23.1154
47.0358	24.3991
10.9827	1.40837
13.4827	1.40837
11.805	4.68371
13.2957	3.50464
67.0081	10.6775
67.8307	7.20224
69.1652	10.2322
69.4329	8.14298
65.6921	9.20222
47.22	11.4633
49.9472	13.1524
46.7432	13.8457
49.5455	11.584
39.0771	14.7156
41.6506	16.8802
42.8922	15.072
40.9685	13.3756
39.4346	16.8987
17.1996	12.7656
16.6094	9.41483
15.0875	11.1755
18.3721	10.8295
36.7718	1.4515
39.2718	1.4515
39.1138	4.82959
37.1443	3.75447
40.4162	3.02796
26.6738	1.36903
29.1738	1.36903
28.6599	4.36599
30.107	3.09248
45.5816	1.51618
48.0816	1.51618
47.6755	4.41074
45.2514	4.62604
44.2261	3.09263
44.353	9.28659
41.2282	7.66927
41.9523	9.97257
43.5559	7.40104
6.77842	1.66969
9.27842	1.66969
7.93081	5.03554
10.1007	4.94503
10.2611	3.07805
1.48503	28.396
1.48503	25.896
3.98503	28.396
4.74807	26.3882
22.5688	7.75396
18.3629	7.36172
21.3416	5.43448
20.1255	8.77639
19.2212	5.3742
27.7455	17.0892
29.9665	14.2926
26.2097	15.2768
31.1141	16.0022
28.2119	14.0163
47.9819	17.5995
50.5143	14.8455
51.1395	17.4168
47.3103	15.5388
49.0736	14.629
48.1059	19.5629
50.1801	22.0302
51.2635	19.3802
48.3928	21.3341
49.7647	18.2855
55.8108	14.9737
52.5686	14.4546
53.1939	17.0258
54.0894	13.6557
55.1389	17.2
51.6951	15.9311
50.6779	28.536
53.1779	28.536
50.9137	25.4418
49.2653	26.7255
52.7446	26.1208
30.9095	28.4395
33.4095	28.4395
31.4559	25.1259
30.0184	26.5274
33.3014	25.8626
63.7635	6.49399
66.7019	6.16877
65.2128	5.4074
64.5633	8.16875
66.4714	7.85156
11.3007	28.766
13.8007	28.766
13.7017	26.2905
11.6023	26.3055
45.1628	19.9821
43.7566	22.5909
43.2496	19.7296
45.4497	21.7533
34.6857	7.25747
37.9611	6.96526
36.3142	8.58451
35.9916	5.89014
25.4493	2.12286
25.3561	6.40674
27.4354	5.11981
24.1288	4.08726
27.123	3.49189
1.65069	11.4559
1.65069	13.9559
4.33777	14.4651
4.35769	11.6337
4.51005	13.0486
63.179	21.1987
58.3636	22.2657
60.7931	19.6614
61.5659	23.7867
58.387	20.3594
59.1853	23.8811
5.21324	1.96817
6.36563	5.33402
4.45722	5.22783
4.10466	3.51381
6.99166	3.63786
14.0638	21.4137
17.4601	22.4496
15.2491	23.5152
16.0112	20.547
54.9192	22.1091
51.9142	22.6786
52.9976	20.0286
53.7451	23.3577
54.9427	20.2028
51.6228	20.8973
28.4727	18.9592
30.6712	21.4116
31.8413	17.8723
28.7784	20.7605
29.5224	17.5803
39.0932	21.98
42.146	22.88
41.639	20.0187
39.9954	23.7009
39.4231	20.0373
42.392	21.3764
35.7883	21.5362
32.6322	22.0753
33.8022	18.536
34.4777	22.812
36.1181	19.5934
32.2106	20.1141
73.1378	16.9106
73.1378	19.4106
68.694	19.6799
70.1861	17.2688
71.2226	20.8362
1.59574	17.0054
1.59574	19.5054
5.22526	20.0354
4.28283	17.5146
1.66222	21.4873
1.66222	23.9873
5.29174	22.0173
4.92526	24.4795
3.14725	24.8832
3.25797	20.9926
33.0349	8.92638
32.0371	11.6935
34.6633	10.2534
31.3537	10.0586
33.5932	11.6289
66.4344	1.29342
68.9344	1.29342
67.965	4.05314
66.4759	3.29177
69.534	3.00244
0	1.25
0	6.25
0	11.25
0	16.25
0	21.25
0	26.25
1.25	0
6.25	0
11.25	0
16.25	0
21.25	0
26.25	0
31.25	0
36.25	0
41.25	0
46.25	0
51.25	0
56.25	0
61.25	0
66.25	0
71.25	0
1.25	30
6.25	30
11.25	30
16.25	30
21.25	30
26.25	30
31.25	30
36.25	30
41.25	30
46.25	30
51.25	30
56.25	30
61.25	30
66.25	30
71.25	30
75	1.25
75	6.25
75	11.25
75	16.25
75	21.25
75	26.25
0	3.75
0	8.75
0	13.75
0	18.75
0	23.75
0	28.75
3.75	0
8.75	0
13.75	0
18.75	0
23.75	0
28.75	0
33.75	0
38.75	0
43.75	0
48.75	0
53.75	0
58.75	0
63.75	0
68.75	0
73.75	0
3.75	30
8.75	30
13.75	30
18.75	30
23.75	30
28.75	30
33.75	30
38.75	30
43.75	30
48.75	30
53.75	30
58.75	30
63.75	30
68.75	30
73.75	30
75	3.75
75	8.75
75	13.75
75	18.75
75	23.75
75	28.75
11.1152	20.9471
8.62103	21.0513
45.3798	18.6531
43.4706	18.4046
24.7848	28.4532
24.3368	25.9245
20.6385	23.3595
22.9765	24.2449
19.0672	14.5672
21.9225	14.7058
26.1002	17.7814
24.6145	16.0359
24.4348	10.2062
23.861	13.1309
36.4688	14.6594
34.5703	15.7696
31.6043	13.6809
32.7157	15.3405
58.7097	15.1786
60.4291	16.711
64.656	19.6962
62.3762	18.2119
73.2484	15.1696
70.4142	15.5234
67.1011	13.2328
68.4467	14.8597
67.006	19.109
68.4375	16.8097
60.7387	28.9429
62.1749	26.8088
61.9749	28.9333
64.4678	28.9477
63.4163	26.7989
63.2219	28.934
62.6957	27.8649
65.1762	22.0441
63.6269	24.5357
49.7976	1.61568
49.4189	4.34089
46.7776	8.94473
48.334	6.94446
52.8717	7.11071
50.4945	6.26207
26.0848	7.8062
28.0702	6.58737
32.0203	6.96502
29.9704	6.31542
1.53255	15.345
4.06484	15.8462
7.96141	14.2233
6.34992	15.4559
6.76806	19.6971
5.84476	17.2675
20.6449	0.97296
21.8144	2.93044
21.8432	0.983353
24.2116	1.06496
22.92	2.97875
23.067	0.996808
22.4173	1.9697
24.0687	7.21191
22.9079	4.99209
55.7506	1.00388
57.1675	3.07736
56.9792	1.03719
59.4167	0.956787
58.4008	3.01914
58.2172	1.03009
57.6974	2.06634
55.0219	6.78661
56.9204	5.17804
61.1862	5.82677
59.0977	4.89079
16.3855	13.7531
14.3714	12.2358
9.97541	12.973
12.1849	11.934
15.5181	8.5968
14.071	10.2772
15.1585	7.53411
12.8777	6.95687
14.4218	8.34996
8.31413	6.6751
10.4331	6.59256
12.9393	10.0352
12.1325	7.75522
13.6808	9.19879
13.2728	8.05925
18.4047	13.522
19.5452	11.6243
19.7101	13.5924
23.4412	9.30647
21.0742	10.2823
23.2411	10.6888
17.384	8.49816
19.0975	9.86751
22.5461	13.5357
20.7735	11.5029
21.1406	13.6392
22.946	12.1583
20.2833	12.6059
22.0301	11.1584
58.129	13.2633
58.6338	10.8946
55.2269	7.95786
57.609	8.94955
56.2229	7.21026
61.4122	6.87857
59.8183	8.52389
60.3261	6.53171
58.1337	5.6145
58.6168	8.15877
57.1852	6.41097
59.255	6.07899
57.4241	7.69291
59.4991	7.34105
46.048	17.9199
45.3939	15.9177
45.0448	17.7232
45.6052	11.2086
45.1449	13.4852
43.0863	17.5426
44.3031	15.7808
44.0755	17.5982
44.7012	16.7333
38.2155	13.3767
40.0594	12.0599
44.7222	10.4943
42.4348	11.1403
44.4801	11.5569
39.9653	8.02673
40.6367	10.1939
44.0173	13.8229
42.1724	12.2084
44.2456	12.6979
43.3203	11.8899
15.0132	28.6258
14.9227	26.2929
12.9746	22.0309
14.1305	24.0249
18.0011	23.5701
15.9247	24.5698
74.0496	20.7831
72.1296	22.1956
74.0474	21.9723
74.0887	24.3843
72.1802	23.323
74.053	23.201
73.0966	22.6739
67.6111	21.2759
70.0393	22.366
65.7108	28.9751
67.1179	26.9587
66.9522	28.9946
65.1804	27.9178
69.3818	29.0525
68.3014	27.0486
68.191	29.0057
67.6484	27.9977
66.5729	22.1568
67.4019	24.7693
65.7171	23.2803
67.8524	22.5527
64.1434	25.7078
66.6269	25.8392
64.6553	26.8378
64.9181	24.5134
65.8919	26.8982
66.1652	24.5846
70.2644	23.538
68.5913	25.0967
69.088	23.071
68.2338	23.8605
73.9712	10.455
71.83	11.2434
73.9298	11.6529
73.7311	14.0664
71.6782	12.372
73.8951	12.883
72.3698	14.3058
72.8439	12.0385
67.4651	12.2825
69.6239	11.8434
68.1694	13.0566
69.6145	14.6843
70.4294	12.6237
70.955	14.4959
68.8602	13.8642
71.3685	13.4558
69.2615	12.8434
1.56259	10.0245
4.11329	10.1805
7.96838	12.5641
6.3712	11.0914
6.84385	7.57869
5.898	9.35841
16.3085	14.9112
14.0574	15.7037
15.3229	14.1214
9.93686	14.0904
11.9977	15.403
11.0041	13.5932
12.5709	19.5772
12.8567	17.2748
13.2494	12.6016
13.0726	14.9518
14.2965	13.3478
12.1194	13.0787
14.199	14.523
12.04	14.2541
58.9685	14.0726
61.1528	13.4727
59.8202	14.8652
59.2284	12.9116
65.379	12.6398
63.29	13.0077
61.5225	16.3747
61.9605	14.2479
60.6786	15.6313
60.9082	14.5616
59.8274	10.6005
61.4434	12.3863
59.4987	11.7307
60.3255	12.6162
25.9947	18.7753
24.3597	19.6663
25.1843	18.0341
20.4751	22.1877
22.535	20.878
21.5787	22.6824
23.874	23.5917
23.5757	21.3594
22.7458	23.1384
22.5982	22.0173
23.5507	16.4362
23.4997	19.0031
24.4036	17.1927
24.351	18.4629
45.6346	8.86896
44.846	7.03702
46.3662	7.97022
41.0192	6.52859
43.2443	6.27429
47.8181	5.9629
45.4575	6.17098
47.1325	6.96913
45.9504	7.04284
10.0498	28.5542
10.347	26.1976
11.8727	21.9584
10.9828	24.0263
10.6652	21.9829
12.5308	22.9816
8.2094	22.1619
9.85	24.1372
9.41638	22.0424
10.2272	23.0368
13.6689	24.9497
11.6232	24.9546
13.1216	23.9939
12.0798	23.9972
45.6013	29.1594
46.662	27.388
46.8019	29.1143
49.2355	29.1473
47.8532	27.3745
48.0354	29.1128
47.3378	28.2281
44.364	24.6144
46.1517	25.7233
49.6914	24.4046
48.0877	25.66
17.2026	15.7446
16.5787	18.0279
16.0816	16.0735
13.4529	20.2541
15.3521	19.4174
13.554	19.1813
18.4589	21.7516
17.0647	19.9406
13.8642	16.8678
15.5377	18.3598
14.954	16.464
13.6925	18.0309
15.7928	17.2232
14.5276	18.764
37.2145	13.0323
36.7677	11.0431
38.0573	12.3611
33.9619	8.06526
35.5143	9.31161
38.8857	7.76128
37.3307	9.29049
39.2089	8.77476
39.8505	10.9758
37.5828	10.3182
38.9675	11.6881
39.5462	9.87248
37.8344	11.3513
38.4112	9.55168
66.0649	13.3619
65.354	15.1151
66.7336	14.1394
65.0293	13.5203
65.7561	19.0248
65.2445	16.7683
64.5913	18.5209
66.5918	18.0593
62.397	17.0912
64.2883	16.2714
63.445	17.8126
62.5117	16.0094
64.3891	17.3759
67.9606	15.8459
65.8918	15.9216
67.3878	14.9589
67.3243	16.9319
66.3604	15.0182
66.2827	16.9483
62.9706	13.9468
64.4109	15.306
63.9899	13.7101
62.7202	14.9532
64.6911	14.396
63.4593	15.6269
35.1758	1.37546
35.5409	3.59042
33.7579	6.52829
35.0425	5.19364
38.5661	6.07397
36.683	5.04915
25.8842	28.8684
27.4725	27.025
27.0637	29.0123
25.5965	27.6504
29.4528	29.0944
28.5676	27.1764
28.2878	29.0445
27.8516	28.0723
30.3607	24.0326
28.929	25.4262
25.129	25.1584
27.1924	25.8898
25.3593	26.382
26.397	26.7473
50.8949	1.11442
52.5358	2.82871
52.075	0.931438
50.6364	2.39363
54.5339	0.932835
53.6278	2.73332
53.3092	0.905832
55.2721	1.93505
52.8799	1.81799
53.8387	6.45011
53.4141	4.38941
52.6488	6.06442
54.7976	5.69873
50.37	5.07141
52.3868	3.93798
50.4499	3.76163
51.4669	5.62219
51.4724	3.22086
52.4612	5.02952
56.5491	4.03846
54.2015	3.66661
55.9702	2.97715
55.7317	4.88952
54.7938	2.82298
54.5602	4.67166
47.2283	9.9546
49.507	10.0664
47.9421	8.99317
53.1156	8.19234
51.3734	9.54347
51.9643	7.77862
51.2577	12.7025
50.8521	11.102
49.567	7.06154
50.2569	9.23103
48.7311	7.9943
50.7708	7.37247
49.097	9.06784
51.0948	8.46871
26.3038	8.88436
28.6836	9.3592
27.185	8.17257
32.1871	7.89307
30.5348	9.0074
31.2131	7.56013
30.7633	12.0773
30.0849	10.4482
29.123	6.90989
29.5182	8.72471
28.1686	7.53255
30.1851	7.23069
28.3699	8.44582
30.3792	8.13254
57.0337	13.6759
55.3162	12.3514
57.2689	12.5386
54.2123	8.61003
54.4086	10.7436
55.3592	9.08445
53.2805	9.25985
52.0112	13.0334
53.5585	12.218
51.9364	12.2168
57.649	10.1665
55.4456	11.2611
57.5039	11.3524
56.5382	9.59361
56.3938	11.8756
55.4448	10.1649
51.5808	10.5347
53.4981	11.3058
52.4082	9.92152
51.7595	11.4071
53.3903	10.313
52.6947	11.7866
25.6388	9.84633
27.0323	11.6612
25.2438	11.1366
26.8242	9.8458
30.2492	12.7502
28.4404	12.4602
29.9006	11.9257
24.876	13.9342
26.8393	12.739
24.9687	12.5861
25.9886	12.0251
29.1341	10.2537
28.0464	11.6603
28.0178	10.0463
29.5464	11.1028
27.4736	10.7704
29.0028	11.7852
54.7927	28.5299
54.3698	26.2194
55.9849	23.2336
54.7814	24.5233
51.3921	24.1284
53.2209	24.8129
35.0366	28.44
34.9203	25.9752
36.8629	22.8541
35.5198	24.1708
32.023	23.7039
33.8609	24.4476
36.121	28.8003
38.1589	26.7729
37.3088	28.9175
36.0214	27.5741
39.7132	29.0452
39.3253	26.9511
38.5362	28.9528
38.3397	27.8884
37.7637	23.0071
38.6494	24.7349
37.195	23.7542
42.5127	24.4458
40.4204	25.2398
35.7834	25.1756
37.9418	25.626
35.9406	26.3361
36.5326	24.4343
37.0273	26.5781
37.6038	24.6427
14.9338	1.31823
14.7407	3.36228
15.8423	6.73815
14.9652	4.93518
14.7484	6.55796
12.5807	5.93023
14.0544	4.73412
13.6172	6.27154
14.339	5.64306
37.4582	15.0804
37.7948	17.219
36.5566	15.6967
37.5277	21.4901
37.8467	19.5507
41.4616	18.3911
39.3044	18.413
34.6356	16.8602
36.8629	17.8677
35.6025	16.2701
36.7121	16.7718
57.5824	15.5063
56.9348	17.6897
58.4094	16.2816
56.5291	21.8938
56.5723	19.9972
53.4226	18.5746
55.3501	18.7373
60.1649	17.8103
57.7923	18.4904
59.2721	17.0477
58.0906	17.3842
15.9338	29.0453
17.4518	27.5678
17.0411	29.2018
15.774	27.9477
19.3848	29.2377
18.4092	27.6815
18.2484	29.229
17.7851	28.4431
18.8361	24.1867
18.2612	26.159
17.796	24.5466
15.757	25.6236
17.3821	26.5826
15.7221	26.772
16.7439	25.0473
16.5485	27.2289
17.5427	25.5496
0.821104	5.49494
2.56961	6.25214
0.873288	6.64774
1.08534	9.01336
2.75686	7.3054
0.911345	7.86453
2.29949	9.17852
1.76651	7.01486
6.34778	6.74709
4.4412	6.65053
5.87168	7.58391
4.8069	9.34606
3.85876	7.46209
3.58211	9.27351
5.38125	8.46807
3.11536	8.31943
4.90004	7.53792
74.0393	29.0338
72.4364	27.4136
72.921	29.1525
74.1609	27.9135
70.5247	29.1317
71.4372	27.4739
71.7047	29.1661
69.9157	28.1853
72.1331	28.3287
74.1514	25.5206
72.5077	26.4152
74.1766	26.6973
73.2398	24.9126
73.3469	27.1176
71.3112	23.9179
71.6411	25.9292
72.2878	24.3789
70.4822	24.6122
72.4268	25.3879
68.9287	26.1777
70.9604	26.5868
69.3787	27.1898
69.6645	25.3813
70.4009	27.3652
70.6744	25.615
30.5748	0.810367
31.4988	2.5372
31.7336	0.858672
34.1157	1.0105
32.5764	2.67076
32.9536	0.887538
34.3817	2.08343
32.1881	1.73351
32.7706	6.31506
32.1708	4.40142
31.7567	6.01629
33.4558	5.64369
29.7492	5.39517
31.1804	4.13151
30.735	5.69582
31.4604	5.05987
34.8058	4.26219
32.8631	3.68812
34.5857	3.19362
34.1168	4.96435
33.6076	2.89763
33.152	4.68629
5.48691	29.0549
6.24276	27.0485
6.64833	29.0024
9.02876	28.8714
7.33205	26.9181
7.86847	28.976
9.2402	27.6989
7.01962	27.9882
7.09055	22.4192
6.72713	24.8298
7.93855	23.3403
9.58973	25.2943
7.54699	25.7581
9.40594	26.4994
8.76895	24.3205
8.39215	26.7331
7.73981	24.5504
55.873	28.8565
57.4192	26.8756
57.0492	28.9514
55.5826	27.7001
59.5141	28.9611
58.5767	26.904
58.2837	28.9663
60.2488	27.9057
57.8256	27.9334
56.8535	23.3357
57.696	24.9863
56.3126	24.0699
61.6452	25.7732
59.2593	25.8795
60.9645	26.8392
59.7696	26.8815
55.0803	25.4539
57.0714	25.8244
55.3469	26.5389
55.7195	24.7352
56.3519	26.7379
56.7053	24.9067
8.99075	12.3664
9.22432	10.4708
10.067	11.9497
8.10572	11.6824
7.83144	7.49889
8.86077	9.01709
8.8748	7.43947
7.35035	8.36789
12.1421	10.8134
10.1163	9.99884
11.1589	11.4256
11.8737	9.6883
10.1566	10.984
11.0176	7.4952
9.83076	9.05505
9.94239	7.41477
11.475	8.54937
9.3808	8.20783
10.8497	9.31643
6.53618	10.1705
8.47735	9.84279
7.28642	10.9368
6.89561	9.26267
8.24918	10.7528
7.87414	9.1189
65.0089	1.1902
65.0493	3.10741
62.9197	5.58398
64.3664	4.50237
67.3184	5.12756
65.8326	4.36636
74.0614	5.67495
72.1937	6.87402
74.0625	6.86217
74.0274	9.29081
72.16	7.99189
74.0576	8.09292
73.002	9.74491
73.1232	7.45366
68.8269	5.947
70.4259	6.8843
70.9134	10.5296
71.1761	8.4372
71.9463	10.1472
72.0692	9.0853
8.97712	14.5926
9.24418	16.6254
8.10576	15.1656
10.0008	15.1549
11.522	19.8968
9.98724	18.2103
10.3467	20.0379
11.7646	18.7908
7.90048	20.0066
8.94357	18.2285
9.10385	20.0832
7.34418	18.8624
9.59862	19.1687
6.51555	16.4912
8.51268	17.2136
7.28058	15.7964
6.88029	17.6531
8.2647	16.1728
7.89373	17.9994
11.9896	16.5084
10.1426	17.2162
11.0246	15.8068
11.9106	17.6399
10.1096	16.1815
10.9789	17.9731
18.3839	15.567
19.6122	17.4921
19.7219	15.5672
17.9145	16.6458
19.5101	21.5415
19.8939	19.2755
20.5466	21.0332
18.7196	20.7263
22.4533	15.8924
20.7288	17.6021
21.1419	15.6596
22.6299	17.1384
20.3098	16.5503
22.5884	19.7005
20.8163	18.7181
21.5859	20.3902
22.6323	18.4339
20.7091	19.8842
21.7366	17.9573
17.2885	18.8989
19.2064	18.4996
17.5795	17.7788
17.9962	19.8178
18.553	17.5886
18.9404	19.6085
20.4483	29.2318
21.0834	27.646
21.5836	29.2154
19.833	28.4677
23.8773	28.9882
22.015	27.5066
22.7874	29.18
23.797	27.8241
21.8739	28.412
19.9032	24.1361
20.8961	26.1024
21.0193	24.4186
19.4589	25.0267
23.3096	25.3546
21.8665	26.483
23.5863	26.5666
22.1874	24.8486
22.8471	27.1109
21.4832	25.4327
18.8091	26.9102
20.5141	26.881
19.3209	27.6976
19.1375	25.9954
20.1759	27.6842
19.9872	25.9796
73.9441	0.994466
72.0663	2.67916
72.7865	0.879636
74.0279	2.12877
70.4216	0.794625
71.015	2.5074
71.569	0.851079
71.856	1.72255
74.0538	4.53129
72.1475	3.7438
74.0436	3.34826
73.1188	5.20389
73.0808	2.96967
68.8325	5.06801
70.3991	4.02352
69.6394	5.46971
71.2926	6.38451
71.2649	4.38974
72.1909	5.81129
70.4482	5.92608
72.1757	4.79454
70.4357	4.94788
0.892489	0.942969
2.26751	2.48651
0.742044	2.05093
1.97432	0.816543
0.749492	4.40878
2.17562	3.44669
0.721806	3.26032
1.56507	4.89854
1.4483	2.80596
4.25377	0.904567
3.16151	2.42467
3.16877	0.811648
2.64249	1.60511
3.24597	5.61466
2.89828	3.85468
2.42074	5.28704
2.26442	4.38965
60.5747	0.819483
61.6132	2.28827
61.7621	0.750729
60.0047	1.7719
64.0829	0.860317
62.6115	2.27752
62.9774	0.75699
64.2391	1.78229
62.2503	1.49228
62.0574	5.2945
61.9988	3.60291
61.0922	4.87692
62.8541	4.77912
59.1622	3.81584
61.2094	3.141
59.5099	2.79681
60.0763	4.39343
60.5557	2.49921
61.0777	4.01608
64.3229	3.67096
62.7525	3.10182
64.2848	2.74339
63.5914	4.2372
63.4945	2.46392
62.8113	3.94742
65.7338	11.7358
64.4077	10.2689
64.7052	11.9126
62.4636	7.04774
63.268	8.72835
61.7642	7.8325
60.3223	9.56089
62.6899	9.55349
60.9983	8.66792
61.0147	10.4868
62.1766	8.69367
62.5716	12.2427
63.3551	10.3891
63.656	12.091
61.8031	11.3869
64.0385	11.1707
62.2042	10.4532
40.6636	0.770298
41.7976	2.3493
41.8361	0.78363
44.241	0.779033
42.8963	2.35167
43.0614	0.784885
42.3967	1.5704
40.4467	5.7203
41.6959	3.99393
41.5506	5.67698
43.7861	5.46885
42.7584	3.94301
42.6783	5.56643
42.164	4.80354
7.70134	13.3661
6.17607	13.2284
7.1122	14.0319
7.12098	12.6027
5.52284	15.0529
5.68949	13.6395
6.32684	14.6315
6.35055	13.9088
5.54719	11.3115
5.69573	12.7298
6.34399	11.8779
6.35923	12.5882
15.9187	1.0428
17.4448	2.89147
17.0548	0.969932
15.7128	2.07205
19.4753	0.960908
18.5412	2.86251
18.2771	0.958274
20.1189	1.92981
17.8227	1.91507
16.8735	6.70926
17.7149	4.76859
16.3633	5.84408
21.2959	3.84606
19.162	3.78363
20.7145	2.90232
19.6391	2.87515
15.3635	4.09076
17.1526	3.88647
15.5789	3.09933
15.8953	4.95571
16.4701	2.97564
16.7931	4.87517
26.8253	19.2595
27.1349	21.1068
26.0641	19.7624
30.1515	23.0558
28.2579	22.4124
29.4241	23.7402
24.9085	24.039
26.5247	22.7087
24.7343	22.9336
25.9286	24.4331
24.4472	20.7412
26.3538	21.6683
25.2624	20.2269
24.5837	21.8225
26.2032	20.6969
25.5494	22.2796
27.9596	25.1418
27.5097	23.0818
28.7011	24.4375
26.9543	24.7989
28.4759	23.4195
26.7295	23.757
40.836	29.2
42.3569	27.7973
42.0107	29.2807
40.5576	28.252
44.4352	29.2461
43.4045	27.8352
43.2391	29.287
45.0259	28.4083
42.7483	28.5737
43.3712	24.9282
43.0976	26.5505
44.2665	25.4547
42.3281	25.2964
45.9629	26.6406
43.8607	27.0682
45.5504	27.5246
45.1532	26.0211
44.4846	27.7113
44.1166	26.2622
40.2816	26.2247
42.1782	26.9575
40.367	27.2235
41.2811	25.7127
41.3406	27.5567
42.204	26.1124
36.4604	13.6857
34.8704	13.0201
35.5973	14.2721
36.3298	12.7114
31.9814	12.9214
33.5787	12.8461
32.4853	13.6893
33.7113	15.2061
34.1073	13.447
34.6538	14.8081
33.0552	14.4963
34.8117	13.9103
33.2937	13.6348
35.812	10.8503
34.728	12.2125
36.1043	11.7333
35.5254	12.407
46.5161	19.7697
46.7987	21.532
44.4144	23.7331
46.1025	22.9011
45.2703	24.2415
49.5579	23.4869
47.7647	22.7902
48.7594	24.0932
47.0939	25.2767
46.9639	23.3461
46.1699	24.7834
47.943	24.7114
46.1244	23.8214
47.8585	23.7426
10.6084	0.744491
11.6006	2.1897
11.7534	0.724166
14.0401	0.883832
12.5349	2.24562
12.9577	0.744588
14.1117	1.84233
12.2187	1.45347
11.7054	5.43318
11.8663	3.57822
12.5062	4.98048
14.0047	3.84399
12.5938	3.11438
14.0521	2.85713
13.2583	4.41377
13.3451	2.49541
12.5542	4.04587
66.7448	11.5594
67.3435	9.76324
67.788	11.3525
66.058	10.8385
68.0116	6.34389
67.7825	8.02912
68.7533	6.82241
69.8947	10.8609
68.333	9.51453
68.8546	11.1263
70.0806	9.85443
68.0821	10.4444
70.3441	7.83198
68.5139	8.57334
69.5438	7.30339
70.2205	8.82444
68.6429	7.67892
69.291	9.19032
64.7723	9.42279
66.6724	9.10752
65.3988	10.1129
66.3622	9.95031
46.686	10.8941
47.9754	12.3712
46.3555	11.9481
47.7803	10.8043
50.7317	13.283
49.2054	13.0532
50.484	12.5073
46.0465	14.1759
47.8098	13.2795
46.1308	13.0823
47.0391	12.665
49.9416	10.9235
48.8903	12.3159
48.9032	10.8421
50.2554	11.7177
48.3858	11.5635
49.7213	12.3884
38.275	14.3993
40.0565	15.0928
39.1565	13.7281
38.3977	15.4537
42.059	17.5897
41.1854	16.0504
42.6698	16.7285
40.9857	17.6193
43.7326	14.8862
41.6501	15.2156
43.2594	15.8323
42.9353	14.0571
42.2179	15.9631
41.0734	12.5561
40.9027	14.5699
40.0899	13.0858
42.0169	13.2518
40.0419	14.0946
41.8943	14.257
38.8458	17.5126
40.2228	16.0099
38.5788	16.5153
39.9023	17.6135
39.2946	15.781
40.5636	16.8453
17.3133	13.3193
16.9244	11.591
16.313	12.7802
17.9945	12.5984
16.5074	8.86106
16.7328	10.5122
15.7435	9.51765
17.3922	9.36602
14.5409	11.2299
16.2767	11.0961
15.3281	12.0375
15.0391	10.3478
16.1882	11.9077
15.9148	10.344
18.9575	10.7766
17.3377	10.9854
18.5593	11.687
18.2385	10.0377
17.7313	11.7428
17.4471	10.1909
36.0795	0.92395
37.8495	2.32973
37.1708	0.768765
36.1137	1.95754
39.5451	0.746739
38.8119	2.23995
38.3801	0.743764
40.2015	1.51877
38.0427	1.49754
39.3774	5.56496
38.7999	3.68573
38.3875	5.17527
40.0607	4.82244
36.468	4.12158
37.9131	3.25614
36.2749	3.06003
37.4214	4.6687
37.0112	2.6349
38.13	4.22832
41.279	3.13456
39.3534	3.00105
40.7743	2.3108
40.6967	3.97089
39.8049	2.25834
39.7401	3.88961
26.0641	0.873575
27.7212	2.19319
27.1274	0.727475
29.4798	0.738468
28.6487	2.14172
28.3296	0.708514
30.0468	1.54656
27.9457	1.41816
28.8421	5.10865
28.5214	3.43927
29.5491	4.53402
30.9046	3.2523
29.0988	2.89296
30.5152	2.39865
30.2546	3.90618
29.5984	2.24023
29.3651	3.70515
45.373	0.769237
45.9579	2.33199
46.5465	0.778847
44.6195	1.54792
48.8648	1.03693
46.9398	2.49311
47.7594	0.817662
48.7936	2.2788
46.8111	1.57566
48.3127	4.88591
46.8053	3.52399
48.6021	3.6312
47.1679	5.17414
47.8163	2.97567
44.8525	5.40884
45.7911	3.7604
45.99	5.30898
44.2925	4.65523
46.4469	4.46738
43.3142	3.1277
45.3083	3.06322
43.9398	2.33496
43.7798	3.89224
44.9389	2.31448
44.7748	3.84829
44.8752	9.54588
43.2786	8.82936
43.897	9.97692
44.7014	8.65051
40.7429	7.41622
42.2739	8.31
40.8692	8.40973
41.7051	7.1125
41.6878	10.4069
42.5126	9.01116
42.7721	10.2896
41.2041	9.47523
43.1276	9.56102
41.6734	8.808
43.8527	6.94098
43.0313	8.17971
44.3282	7.74741
42.8	6.97043
43.8748	8.3491
42.4324	7.60716
6.07005	0.941883
7.7928	2.54732
7.16847	0.852755
9.52528	0.797793
8.81898	2.47255
8.37632	0.832246
10.1387	1.54222
8.03557	1.67404
7.69838	5.90654
8.3162	4.21198
8.69657	5.83802
10.7611	5.67828
9.27422	4.11896
9.7464	5.78065
10.9334	4.7639
9.01082	4.98836
11.234	2.96103
9.47773	3.23027
10.665	2.25905
11.047	3.84378
9.77334	2.3753
10.1824	3.99667
0.923187	29.0382
2.4	27.4313
0.78401	27.9202
2.02327	29.1583
0.77119	25.5346
2.29789	26.4408
0.762537	26.7053
1.53575	27.1316
4.38755	29.1367
3.36093	27.4916
3.2324	29.1721
4.86704	28.1936
2.74778	28.3409
5.55683	26.2008
3.7333	26.6128
5.25066	27.2005
4.32417	27.3804
23.3793	8.08259
21.1968	7.26242
22.9875	6.95421
22.3815	8.69539
17.531	7.52966
19.4873	7.11767
18.3195	8.264
17.8538	6.56047
21.8545	4.78354
20.8109	6.32336
22.4281	5.83439
20.7919	4.66857
21.889	6.5938
20.106	9.61704
20.2876	7.72815
21.2262	9.19971
19.1842	8.95971
21.2978	8.236
19.2945	8.03461
18.7019	4.65908
19.8274	6.26346
18.2642	5.58928
19.7338	4.63363
18.8361	6.3778
20.2878	5.44962
27.0938	17.8309
28.1686	16.4116
26.478	16.932
30.6255	13.5788
29.4469	15.0028
31.1117	14.4275
29.679	13.444
25.1837	15.0825
27.6351	15.5118
25.7743	16.0318
26.0144	14.3742
27.0019	16.2089
32.1538	16.1738
29.9039	15.8795
31.6524	15.2794
30.5326	15.1473
27.8073	13.0958
28.4009	14.8361
28.7669	13.2939
26.956	13.7392
29.0787	14.1476
27.238	14.6257
47.0725	18.2305
48.7006	16.9735
46.8143	17.2279
51.0528	13.9857
50.1787	15.4489
50.2544	13.9695
52.0186	18.0576
50.5241	16.9739
46.2172	15.2127
48.4455	15.9737
46.5025	16.2168
47.0693	14.6715
47.6258	16.5884
48.6686	13.6591
49.217	15.3539
49.4897	13.8585
47.9231	14.1911
49.7879	14.6842
48.1731	15.0597
47.2368	19.186
49.0187	19.8824
47.3736	20.0999
48.0279	18.5782
50.3155	22.9176
50.0243	21.1373
49.4258	22.5773
52.023	18.8652
50.611	19.7532
51.2403	18.4071
47.6502	21.8827
49.1444	20.788
47.514	20.9899
48.5336	22.2304
48.2582	20.4429
49.2835	21.6829
49.6581	17.3998
49.7887	19.3232
48.8431	17.9613
50.475	17.8869
48.9248	18.9322
50.5239	18.8393
56.7977	14.732
54.738	15.3023
55.9814	14.0273
56.5067	15.7999
51.8772	13.8274
53.0867	14.9325
52.6947	13.5107
51.5474	14.6068
52.8848	17.8831
53.4614	16.364
53.8422	17.865
52.1932	17.2648
54.3359	12.748
53.9899	14.635
55.1385	13.3664
53.4843	13.1259
54.958	14.3267
53.3189	14.0524
55.8247	17.8806
54.4515	16.2641
56.1793	16.8792
54.8151	17.9125
55.4709	16.0699
54.1505	17.1052
50.7732	16.1222
52.7643	15.7406
51.1402	15.3543
51.4643	16.7022
52.1337	15.17
52.462	16.5048
50.3994	29.216
51.0877	27.714
51.5889	29.2426
49.6467	28.3653
53.8934	29.0437
52.0739	27.6368
52.8021	29.2174
53.8321	27.9701
51.9014	28.4805
50.6584	24.6719
51.1184	26.347
49.8846	25.2703
51.6008	24.9798
48.4057	26.5871
50.4958	26.9311
48.9631	27.4779
49.0989	25.9068
50.0227	27.625
50.1294	26.1038
53.4395	25.7455
52.004	26.7165
53.6446	26.8237
52.5208	25.3283
52.9129	27.3007
51.8171	25.8224
30.5571	29.1661
31.4773	27.5651
31.7156	29.1931
30.0164	28.2637
34.0435	28.982
32.4419	27.4808
32.9278	29.1662
34.132	27.8369
32.1469	28.3807
31.2815	24.3024
31.6547	26.1027
30.5612	24.9555
32.1968	24.6303
29.1917	26.3791
31.0394	26.7328
29.5678	27.3182
29.8531	25.6517
30.5048	27.4744
30.7638	25.8493
34.0131	25.4583
32.4829	26.4972
34.0952	26.6131
33.1131	25.0073
33.3105	27.1217
32.3674	25.5376
63.0703	6.37858
64.6841	6.69946
63.7217	5.79526
63.3733	7.1811
67.3309	5.88687
65.9368	6.54721
66.6251	5.47613
67.2628	6.68722
65.1353	4.77097
65.2717	6.21105
64.4306	5.25601
65.8864	5.09939
64.5141	5.97719
65.9391	5.81832
64.2151	8.75296
65.0176	7.37463
63.7663	7.99941
65.1385	8.67463
64.1947	7.31956
66.958	8.31886
65.8061	7.26236
67.1435	7.51576
66.0742	8.52199
66.5538	7.00548
65.5118	7.97566
10.8956	29.1189
12.2024	27.9209
11.937	29.3116
10.841	28.0688
14.1653	29.1323
12.9675	27.9207
13.1181	29.3129
14.3032	28.0822
12.5544	28.6664
14.0876	25.8686
12.9735	27.1272
14.2645	26.9293
13.1601	25.7091
13.6685	27.5193
11.2171	25.8598
12.2585	27.1299
10.9729	26.9149
12.158	25.7114
11.5296	27.5177
12.6423	26.3789
45.6729	19.4841
44.489	20.6189
44.7771	19.301
45.8751	20.3259
43.6446	23.2704
43.8966	21.7265
44.4886	22.9169
42.9135	19.1214
43.6848	20.5159
43.8367	19.1779
44.2	19.8876
46.0984	22.0515
44.616	21.3674
46.0169	21.1974
45.322	22.504
45.2682	20.8742
44.5883	22.1432
34.1528	7.29157
35.7214	7.21247
34.7774	7.95414
34.6112	6.60079
38.4645	6.93076
36.7731	7.12052
37.9341	7.70583
37.7416	6.32152
36.3799	9.03588
36.2792	7.61717
35.5501	8.57032
37.1785	8.45586
35.5547	7.86601
37.0734	7.74152
35.9205	5.41463
36.173	6.74679
35.2343	5.94688
36.8274	5.80516
35.4029	6.60909
36.9113	6.4749
25.2295	1.33317
25.6786	3.40207
24.5474	2.11649
26.1093	1.83578
25.161	7.16509
25.684	5.07732
26.1769	6.75902
24.4698	6.22535
28.0876	5.62166
26.5185	4.71462
27.1756	6.18015
28.0265	4.73518
26.3911	5.70961
23.348	4.02846
25.163	4.19368
23.9057	3.05601
23.8698	5.12842
24.8121	3.16306
24.7786	5.18646
27.7584	3.03641
26.4592	3.83488
26.9465	2.46369
27.8887	3.89465
26.2943	2.85853
27.2419	4.2985
1.05685	10.9311
2.66131	12.3795
0.886865	12.011
2.25003	10.8475
1.04975	14.3296
2.65902	13.2876
0.886331	13.2107
2.23479	14.7135
1.73248	12.7168
4.61779	15.1369
3.6122	13.591
3.4899	14.9729
4.91411	14.4584
2.99739	14.1643
4.64682	11.0244
3.61928	12.3126
3.51388	10.9088
4.93261	11.7627
3.00881	11.5897
5.28982	13.1403
3.9759	12.9926
5.05861	13.7685
5.06755	12.4701
4.40144	13.7207
4.41051	12.37
64.375	20.9666
61.5471	21.5861
63.3509	20.1063
63.7648	22.2184
57.2389	22.4961
59.1498	22.0835
57.4109	21.5566
57.7926	23.2553
61.1306	18.565
60.5913	20.7697
62.2208	19.3314
59.8907	18.9092
61.947	20.4423
62.2973	24.6786
60.9813	22.7453
63.0161	23.4745
61.0447	24.7878
62.3424	22.5016
57.5741	19.5928
59.3932	21.0659
57.4684	20.5989
58.7004	19.2529
58.3621	21.3217
59.626	20.0031
58.7269	24.9285
59.7861	22.9123
58.2429	24.0695
59.8539	24.8522
58.7534	23.0779
60.4029	23.8276
5.18451	1.2553
5.3819	3.17048
4.52928	1.83745
6.04006	1.89307
6.79054	5.97961
5.82596	4.54379
5.87673	5.97822
7.1464	5.17559
4.06261	5.82269
5.04258	4.50311
4.94206	5.92647
3.803	4.9914
5.41836	5.25224
3.42025	3.26248
4.82184	3.71037
3.96273	2.56259
3.61128	4.12912
4.66894	2.79381
4.30676	4.34594
7.66755	3.45694
6.0609	3.76743
6.89475	2.67583
7.449	4.33065
6.09709	2.85214
6.63993	4.46489
13.5144	21.2428
15.1578	21.808
13.8917	22.2108
14.2839	20.7021
17.9726	22.5974
16.2473	22.1401
17.1454	23.2031
17.5315	21.6868
15.1141	24.0094
15.563	22.4658
14.455	23.1906
16.1243	23.6992
14.7301	22.434
16.2982	22.9122
16.1378	20.0141
15.8092	21.5065
15.2085	20.2837
16.8627	20.7873
15.0891	21.0435
16.6537	21.5195
55.7999	22.3983
54.196	21.8192
55.1493	23.0022
55.7352	21.4811
51.2088	23.2449
52.6454	22.1194
52.1104	23.5782
51.0479	22.3561
52.8301	19.1643
53.2014	20.7192
53.7481	19.3356
52.1474	19.6687
53.9065	24.2341
53.5191	22.4298
54.5391	23.6271
53.0186	23.9144
54.3446	22.7242
52.8255	23.013
55.6368	19.6313
54.0972	20.9294
55.7213	20.543
54.7018	19.4505
54.9353	21.1808
53.9481	20.111
50.7497	20.6053
52.4857	21.2544
50.8991	21.4703
51.4521	20.1256
51.7692	21.796
52.3179	20.449
27.478	18.6893
29.3006	19.1915
27.7122	19.5894
28.0663	18.0273
30.892	22.3973
30.475	20.431
29.9399	22.0711
32.5605	17.1737
30.9959	18.716
31.4437	16.9588
28.0594	21.4336
29.5244	20.1302
27.8831	20.5026
28.9943	21.7486
28.6119	19.8556
29.7305	21.0922
29.2204	16.6181
29.9561	18.4895
28.6188	17.3317
30.3139	16.7957
28.9895	18.2633
30.6789	17.7354
38.1407	22.1575
39.8787	21.8343
38.6634	22.9634
38.3891	21.2101
42.7525	23.5526
41.3965	22.346
41.7599	23.8913
42.9446	22.7316
41.9858	19.1649
41.1339	20.8018
40.9655	19.2048
42.4428	19.8821
39.6881	24.5811
40.4437	22.6078
39.1398	23.802
40.7164	24.2687
39.5357	22.8147
41.0763	23.2825
38.852	19.3148
40.1679	20.9009
38.5835	20.2498
39.8935	19.2321
39.2559	21.0354
40.5371	20.0326
43.3202	21.2058
41.6659	21.5025
43.097	21.9608
42.8514	20.5669
42.2737	22.1329
42.0208	20.6914
36.7239	21.9502
35.0692	21.1686
35.9888	22.5444
36.77	20.984
31.8455	22.7296
33.3793	21.4331
32.7813	23.0856
31.6508	21.7431
33.6728	17.5112
34.0324	19.7136
34.7855	17.9671
32.8184	18.2387
34.6088	23.8184
34.2999	21.8015
35.3075	23.1817
33.7022	23.4527
35.1552	22.1741
33.5454	22.4434
36.9488	18.9828
35.0483	20.1496
36.8946	20.0058
35.9023	18.4724
35.9481	20.5729
34.9481	19.072
31.2322	19.7451
33.2049	20.4106
31.4434	20.7556
32.0189	19.0037
32.4202	21.0886
33.0146	19.3361
73.8176	16.1223
72.0119	18.043
74.0154	17.2362
72.4919	16.1736
74.0575	19.6351
72.1395	19.0411
74.0492	18.4524
73.103	20.4112
73.0819	18.1823
67.7391	20.0254
70.2473	19.175
68.2513	18.8485
68.7766	20.6949
69.6928	16.5555
70.8103	18.1538
71.0758	16.3376
68.9487	17.6797
71.619	17.1479
69.5229	18.4676
71.1101	21.7734
71.1748	19.6981
72.1339	21.1218
69.9667	21.2653
72.1519	20.0865
70.0137	20.2249
1.03081	16.2011
2.57937	18.197
0.847938	17.2892
2.2167	16.3252
0.810842	19.6776
2.45429	19.1827
0.816825	18.5003
1.64832	18.28
6.05892	20.4491
4.03569	19.4261
5.72169	19.255
4.72052	16.8742
3.6247	18.375
3.48933	16.5663
5.26354	18.0373
2.96478	17.3306
4.69228	18.7739
0.82226	20.8185
2.48592	22.2943
0.827281	22.0037
1.63459	20.4902
0.805675	24.4085
2.46442	23.407
0.824915	23.2308
1.57652	24.9497
1.6545	22.7351
6.16359	21.6287
4.24335	22.555
6.07475	22.8083
5.20113	21.0177
5.7451	25.1549
4.14728	23.6594
5.91064	24.0082
4.82325	25.4281
5.09884	23.2546
3.06747	25.9694
3.25439	24.0089
2.32994	25.4304
3.92614	25.6612
2.40579	24.4444
4.03726	24.6867
3.26576	19.8845
3.34004	21.925
2.4465	20.2151
4.20728	20.4758
2.47121	21.2341
4.25692	21.4972
33.072	8.29877
32.9854	9.87764
33.8843	8.84168
32.2288	8.73166
31.5911	12.2131
32.5125	11.005
31.249	11.4563
32.3833	12.2513
35.332	10.1205
33.6247	10.3706
34.661	9.46955
34.9429	10.8446
33.8089	9.62321
30.6795	9.84032
32.2884	10.3072
31.4109	9.27309
30.9245	10.651
32.217	9.52911
31.7275	10.8619
33.9602	12.1994
33.2636	11.016
33.1725	12.2291
34.4389	11.5327
32.827	11.6373
34.0878	10.941
65.9114	0.812176
67.3337	2.07053
66.9997	0.685849
65.7784	1.71201
69.3458	0.709578
68.2701	2.03325
68.2045	0.671473
69.7609	1.50034
67.6961	1.34132
68.0416	4.73699
67.9363	3.23309
67.277	4.38636
68.7945	4.2629
65.7904	3.57173
67.2254	2.85573
65.7731	2.66582
66.5305	4.00213
66.5035	2.31488
67.235	3.63704
70.2971	3.17239
68.5893	2.7531
70.0669	2.34095
69.5645	3.73982
69.1926	2.15392
68.7306	3.50741
